 0 -3 0 0 0
 5 -4 -11 0 0
 0 -3 0 0 0
 5 -4 -11 0 0
 3 0 0 0 0
 5 -4 -11 0 0
 3 0 0 0 0
 5 -4 -12 0 0
 3 0 0 0 0
 5 -4 -11 0 0
 3 0 0 0 0
 5 -4 -11 0 0
 3 0 0 0 0
 5 -4 -12 0 0
 3 0 0 0 0
 4 -4 -12 0 0
 0 0 -3 0 0
 4 -4 -12 0 0
 0 0 -3 0 0
 3 -4 -12 0 0
 0 0 -3 0 0
 3 -4 -12 0 0
 0 0 -3 0 0
 2 -5 -12 0 0
 0 0 -3 0 0
 2 -5 -12 0 0
 0 0 -3 0 0
 2 -5 -12 0 0
 0 0 -3 0 0
 2 -4 -12 0 0
 0 0 -3 0 0
 2 -4 -11 0 0
 0 0 -3 0 0
 2 -4 -11 0 0
 0 0 -3 0 0
 2 -4 -11 0 0
 0 0 -3 0 0
 2 -4 -11 0 0
 0 0 -3 0 0
 2 -4 -10 0 0
 0 0 -3 0 0
 2 -4 -10 0 0
 0 0 -3 0 0
 3 -4 -10 0 0
 0 0 -3 0 0
 3 -4 -10 0 0
 0 3 0 0 0
 3 -4 -10 0 0
 0 3 0 0 0
 3 -4 -9 0 0
 0 3 0 0 0
 3 -4 -9 0 0
 0 3 0 0 0
 3 -4 -9 0 0
 0 3 0 0 0
 3 -4 -9 0 0
 0 3 0 0 0
 3 -4 -9 0 0
 0 3 0 0 0
 3 -3 -9 0 0
 0 3 0 0 0
 3 -3 -9 0 0
 0 3 0 0 0
 3 -3 -9 0 0
 0 3 0 0 0
 2 -2 -9 0 0
 3 0 0 0 0
 2 -2 -9 0 0
 3 0 0 0 0
 2 -1 -9 0 0
 3 0 0 0 0
 2 -1 -9 0 0
 0 0 0 3 0
 2 0 -9 0 0
 0 0 -3 0 0
 2 0 -9 0 0
 0 0 -3 0 30
 0 -1 -8 0 30
 0 0 -3 0 30
 0 -1 -8 0 30
 0 0 -3 0 30
 0 -1 -8 0 30
 0 0 -3 0 30
 0 -1 -8 0 30
 0 0 -3 0 30
 1 -1 -7 0 30
 0 0 -3 0 30
 1 -1 -7 0 30
 0 0 -3 0 30
 1 -1 -7 0 30
 0 0 -3 0 30
 1 -1 -7 0 30
 0 0 -3 0 30
 1 -1 -6 0 30
 0 0 0 3 30
 1 -1 -6 0 30
 -3 0 0 0 30
 1 -1 -6 0 30
 0 -3 0 0 30
 1 -1 -6 0 30
 0 0 3 0 0
 1 -1 -6 0 0
 0 0 3 0 0
 1 -1 -6 0 0
 0 0 3 0 0
 0 -1 -6 0 0
 0 0 3 0 0
 0 -2 -5 0 0
 0 0 3 0 0
 0 -2 -4 0 0
 0 0 3 0 0
 0 -2 -4 0 0
 0 0 3 0 0
 0 -2 -4 0 0
 0 0 3 0 0
 0 -2 -4 0 0
 0 0 3 0 0
 0 -2 -4 0 0
 0 0 3 0 0
 0 -2 -4 0 0
finish
 3 0 0 0 0
 0 -2 -4 0 0
finish
