 0 -3 0 0 0
 2 -2 -5 0 0
 0 -3 0 0 0
 2 -2 -5 0 0
 3 0 0 0 0
 2 -2 -5 0 0
 3 0 0 0 0
 2 -2 -6 0 0
 3 0 0 0 0
 2 -2 -5 0 0
 3 0 0 0 0
 2 -2 -5 0 0
 3 0 0 0 0
 2 -2 -6 0 0
 3 0 0 0 0
 2 -2 -6 0 0
 0 0 -3 0 0
 2 -2 -6 0 0
 0 0 -3 0 0
 1 -2 -6 0 0
 0 0 -3 0 0
 1 -2 -6 0 0
 0 0 -3 0 0
 1 -2 -6 0 0
 0 0 -3 0 0
 1 -2 -6 0 0
 0 0 -3 0 0
 1 -2 -6 0 0
 0 0 -3 0 0
 1 -2 -6 0 0
 0 0 -3 0 0
 1 -2 -5 0 0
 0 0 -3 0 0
 1 -2 -5 0 0
 0 0 -3 0 0
 1 -2 -5 0 0
 0 0 -3 0 0
 1 -2 -5 0 0
 0 0 -3 0 0
 1 -2 -5 0 0
 0 0 -3 0 0
 1 -2 -5 0 0
 0 0 -3 0 0
 1 -2 -5 0 0
 0 0 -3 0 0
 1 -2 -5 0 0
 0 3 0 0 0
 1 -2 -5 0 0
 0 3 0 0 0
 1 -2 -4 0 0
 0 3 0 0 0
 1 -2 -4 0 0
 0 3 0 0 0
 1 -2 -4 0 0
 0 3 0 0 0
 1 -2 -4 0 0
 0 3 0 0 0
 1 -2 -4 0 0
 0 3 0 0 0
 1 -1 -4 0 0
 0 3 0 0 0
 1 -1 -4 0 0
 0 3 0 0 0
 1 -1 -4 0 0
 0 3 0 0 0
 1 -1 -4 0 0
 3 0 0 0 0
 1 -1 -4 0 0
 3 0 0 0 0
 1 0 -4 0 0
 3 0 0 0 0
 1 0 -4 0 0
 0 0 0 3 0
 1 0 -4 0 0
 0 0 -3 0 0
 1 0 -4 0 0
 0 0 -3 0 30
 0 0 -4 0 30
 0 0 -3 0 30
 0 0 -4 0 30
 0 0 -3 0 30
 0 0 -4 0 30
 0 0 -3 0 30
 0 0 -4 0 30
 0 0 -3 0 30
 0 0 -3 0 30
 0 0 -3 0 30
 0 0 -3 0 30
 0 0 -3 0 30
 0 0 -3 0 30
 0 0 -3 0 30
 0 0 -3 0 30
 0 0 -3 0 30
 0 0 -3 0 30
 0 0 0 3 30
 0 0 -3 0 30
 -3 0 0 0 30
 0 0 -3 0 30
 0 -3 0 0 30
 0 0 -3 0 30
 0 0 3 0 0
 0 0 -3 0 0
 0 0 3 0 0
 0 0 -3 0 0
 0 0 3 0 0
 0 0 -3 0 0
 0 0 3 0 0
 0 -1 -2 0 0
 0 0 3 0 0
 0 -1 -2 0 0
 0 0 3 0 0
 0 -1 -2 0 0
 0 0 3 0 0
 0 -1 -2 0 0
 0 0 3 0 0
 0 -1 -2 0 0
 0 0 3 0 0
 0 -1 -2 0 0
 0 0 3 0 0
 0 -1 -2 0 0
finish
 3 0 0 0 0
 0 -1 -2 0 0
finish
