3 0 0 0 0 
->
3 -2 -5 0 0
: hits 80, misses 3 
3 -2 -5 0 0
->
3 0 0 0 0 
: hits 85, misses 3 
3 0 0 0 0 
->
2 -2 -5 0 0
: hits 111, misses 5 
2 -2 -5 0 0
->
3 0 0 0 0 
: hits 110, misses 1 
3 0 0 0 0 
->
2 -2 -6 0 0
: hits 25, misses 1 
2 -2 -6 0 0
->
3 0 0 0 0 
: hits 26, misses 0 
3 0 0 0 0 
->
1 -2 -6 0 0
: hits 118, misses 3 
1 -2 -6 0 0
->
3 0 0 0 0 
: hits 115, misses 1 
3 0 0 0 0 
->
0 -2 -6 0 0
: hits 87, misses 2 
0 -2 -6 0 0
->
3 0 0 0 0 
: hits 74, misses 1 
0 -2 -6 0 0
->
0 0 -3 0 0 
: hits 202, misses 2 
0 0 -3 0 0 
->
0 -2 -6 0 0
: hits 189, misses 5 
0 0 -3 0 0 
->
0 -2 -5 0 0
: hits 182, misses 5 
0 -2 -5 0 0
->
0 0 -3 0 0 
: hits 177, misses 1 
0 0 -3 0 0 
->
0 -2 -4 0 0
: hits 62, misses 3 
0 -2 -4 0 0
->
0 0 -3 0 0 
: hits 53, misses 2 
0 -2 -4 0 0
->
0 0 0 0 30 
: hits 3, misses 1 
0 0 0 0 30 
->
0 -2 -4 0 30
: hits 6, misses 3 
0 -2 -4 0 30
->
3 0 0 0 30 
: hits 19, misses 2 
3 0 0 0 30 
->
0 -2 -4 0 30
: hits 18, misses 3 
0 -2 -4 0 30
->
0 0 0 0 30 
: hits 2, misses 1 
0 0 0 0 30 
0 -2 -4 0 30
->
3 0 0 0 30 
: hits 2, misses 1 
3 0 0 0 30 
->
0 -1 -4 0 30
: hits 10, misses 2 
0 -1 -4 0 30
->
3 0 0 0 30 
: hits 10, misses 1 
0 -1 -4 0 30
->
0 0 -3 0 30 
: hits 45, misses 2 
0 0 -3 0 30 
->
0 -2 -4 0 30
: hits 58, misses 3 
0 -2 -4 0 30
->
0 0 -3 0 30 
: hits 61, misses 2 
0 0 -3 0 30 
->
0 -1 -4 0 30
: hits 46, misses 2 
0 0 -3 0 30 
0 -1 -4 0 30
->
3 0 0 0 30 
: hits 4, misses 1 
3 0 0 0 30 
->
0 -1 -3 0 30
: hits 7, misses 2 
0 -1 -3 0 30
->
3 0 0 0 30 
: hits 4, misses 1 
0 -1 -3 0 30
->
0 0 -3 0 30 
: hits 61, misses 3 
0 0 -3 0 30 
->
0 -1 -3 0 30
: hits 74, misses 3 
0 -1 -3 0 30
->
3 0 0 0 0 
: hits 2, misses 1 
3 0 0 0 0 
->
0 -1 -3 0 0
: hits 42, misses 2 
0 -1 -3 0 0
->
0 0 0 0 0 
: hits 7, misses 1 
0 0 0 0 0 
->
0 -1 -3 0 0
: hits 14, misses 1 
0 -1 -3 0 0
->
0 0 3 0 0 
: hits 150, misses 2 
0 0 3 0 0 
->
0 -1 -3 0 0
: hits 165, misses 4 
0 0 -3 0 0 
->
0 -1 -3 0 0
: hits 6, misses 1 
0 -1 -3 0 0
->
3 0 0 0 0 
: hits 51, misses 1 
0 -1 -3 0 0
3 0 0 0 0 
->
3 -2 -5 0 0
: hits 12, misses 1 
3 -2 -5 0 0
3 0 0 0 0 
->
2 -2 -5 0 0
: hits 20, misses 2 
3 0 0 0 0 
->
1 -2 -5 0 0
: hits 8, misses 1 
1 -2 -5 0 0
->
3 0 0 0 0 
: hits 8, misses 1 
1 -2 -5 0 0
3 0 0 0 0 
->
1 -2 -6 0 0
: hits 5, misses 3 
1 -2 -6 0 0
->
0 0 0 0 0 
: hits 2, misses 1 
0 0 0 0 0 
->
1 -2 -6 0 0
: hits 2, misses 1 
1 -2 -6 0 0
->
0 0 -3 0 0 
: hits 5, misses 1 
0 0 -3 0 0 
->
1 -2 -6 0 0
: hits 2, misses 1 
1 -2 -6 0 0
0 0 -3 0 0 
->
0 -2 -6 0 0
: hits 3, misses 1 
0 -2 -6 0 0
0 0 -3 0 0 
->
0 -2 -5 0 0
: hits 15, misses 1 
0 0 -3 0 0 
->
1 -2 -5 0 0
: hits 6, misses 1 
1 -2 -5 0 0
->
0 0 -3 0 0 
: hits 6, misses 1 
0 0 -3 0 0 
->
1 -2 -4 0 0
: hits 3, misses 1 
1 -2 -4 0 0
->
0 0 -3 0 0 
: hits 2, misses 1 
1 -2 -4 0 0
->
3 0 0 0 0 
: hits 6, misses 0 
3 0 0 0 0 
->
1 -2 -4 0 0
: hits 5, misses 2 
3 0 0 0 0 
->
0 -2 -4 0 0
: hits 45, misses 1 
0 -2 -4 0 0
->
3 0 0 0 0 
: hits 42, misses 1 
3 0 0 0 0 
0 -2 -4 0 0
->
0 0 -3 0 0 
: hits 8, misses 2 
0 -2 -4 0 0
0 0 -3 0 0 
->
0 -2 -4 0 0
: hits 50, misses 2 
0 -2 -4 0 0
->
0 0 -3 0 30 
: hits 9, misses 1 
0 -2 -4 0 0
0 0 -3 0 30 
->
0 -2 -4 0 30
: hits 9, misses 0 
0 0 -3 0 30 
0 -2 -4 0 30
->
3 0 0 0 30 
: hits 7, misses 1 
0 -2 -4 0 30
3 0 0 0 30 
->
0 -2 -4 0 30
: hits 13, misses 3 
3 0 0 0 30 
0 -2 -4 0 30
->
3 0 0 0 30 
: hits 8, misses 2 
3 0 0 0 30 
->
0 -2 -3 0 30
: hits 6, misses 2 
0 -2 -3 0 30
->
3 0 0 0 30 
: hits 6, misses 1 
0 -2 -3 0 30
3 0 0 0 30 
->
0 -2 -4 0 30
: hits 2, misses 2 
3 0 0 0 30 
0 -2 -4 0 30
->
0 0 -3 0 30 
: hits 8, misses 2 
0 0 -3 0 30 
->
0 -2 -3 0 30
: hits 20, misses 2 
0 -2 -3 0 30
->
0 0 -3 0 30 
: hits 19, misses 2 
0 -2 -3 0 30
0 0 -3 0 30 
->
0 -1 -3 0 30
: hits 6, misses 2 
0 -1 -3 0 30
->
0 0 0 0 30 
: hits 11, misses 1 
0 0 0 0 30 
->
0 -1 -3 0 30
: hits 13, misses 5 
0 0 0 0 30 
0 -1 -3 0 30
->
0 0 -3 0 30 
: hits 3, misses 3 
0 -1 -3 0 30
0 0 -3 0 30 
->
0 -1 -3 0 30
: hits 52, misses 3 
0 -1 -3 0 30
->
0 0 3 0 0 
: hits 5, misses 1 
0 0 3 0 0 
0 -1 -3 0 0
->
0 0 3 0 0 
: hits 124, misses 2 
0 0 3 0 0 
->
0 -2 -2 0 0
: hits 17, misses 1 
0 -2 -2 0 0
->
0 0 3 0 0 
: hits 17, misses 1 
0 0 3 0 0 
->
0 -2 -3 0 0
: hits 26, misses 1 
0 -2 -3 0 0
->
0 0 3 0 0 
: hits 23, misses 2 
0 -2 -3 0 0
0 0 3 0 0 
->
0 -2 -2 0 0
: hits 8, misses 3 
0 -2 -2 0 0
0 0 3 0 0 
->
0 -2 -2 0 0
: hits 7, misses 3 
0 -2 -2 0 0
0 0 3 0 0 
->
0 -2 -3 0 0
: hits 9, misses 2 
0 -2 -3 0 0
0 0 3 0 0 
->
0 -2 -3 0 0
: hits 14, misses 2 
0 -2 -3 0 0
->
3 0 0 0 0 
: hits 4, misses 2 
3 0 0 0 0 
->
0 -2 -2 0 0
: hits 2, misses 1 
0 -2 -2 0 0
->
3 0 0 0 0 
: hits 2, misses 1 
3 0 0 0 0 
->
0 -2 -3 0 0
: hits 2, misses 1 
0 -2 -3 0 0
3 0 0 0 0 
->
0 -2 -2 0 0
: hits 1, misses 1 
0 -2 -2 0 0
3 0 0 0 0 
->
3 -2 -5 0 0
: hits 2, misses 1 
3 -2 -5 0 0
3 0 0 0 0 
->
3 -2 -5 0 0
: hits 58, misses 1 
3 -2 -5 0 0
3 0 0 0 0 
3 -2 -5 0 0
3 0 0 0 0 
->
2 -2 -5 0 0
: hits 19, misses 2 
2 -2 -5 0 0
3 0 0 0 0 
->
2 -2 -5 0 0
: hits 75, misses 2 
2 -2 -5 0 0
3 0 0 0 0 
->
2 -2 -6 0 0
: hits 13, misses 1 
2 -2 -6 0 0
3 0 0 0 0 
->
2 -2 -6 0 0
: hits 11, misses 2 
2 -2 -6 0 0
3 0 0 0 0 
->
1 -2 -6 0 0
: hits 10, misses 1 
3 0 0 0 0 
1 -2 -6 0 0
->
3 0 0 0 0 
: hits 106, misses 2 
1 -2 -6 0 0
3 0 0 0 0 
->
1 -2 -6 0 0
: hits 92, misses 2 
1 -2 -6 0 0
3 0 0 0 0 
->
0 -2 -6 0 0
: hits 17, misses 1 
3 0 0 0 0 
0 -2 -6 0 0
->
3 0 0 0 0 
: hits 66, misses 2 
0 -2 -6 0 0
3 0 0 0 0 
->
0 -2 -6 0 0
: hits 65, misses 4 
3 0 0 0 0 
0 -2 -6 0 0
->
0 0 -3 0 0 
: hits 12, misses 1 
0 -2 -6 0 0
0 0 -3 0 0 
->
0 -2 -6 0 0
: hits 164, misses 2 
0 -2 -6 0 0
0 0 -3 0 0 
0 -2 -6 0 0
0 0 -3 0 0 
->
0 -2 -5 0 0
: hits 14, misses 1 
0 -2 -5 0 0
0 0 -3 0 0 
->
0 -2 -5 0 0
: hits 152, misses 3 
0 -2 -5 0 0
->
3 0 0 0 0 
: hits 35, misses 1 
3 0 0 0 0 
->
0 -2 -5 0 0
: hits 35, misses 1 
0 -2 -5 0 0
3 0 0 0 0 
->
0 -2 -4 0 0
: hits 3, misses 1 
3 0 0 0 0 
0 -2 -4 0 0
->
3 0 0 0 0 
: hits 32, misses 2 
0 -2 -4 0 0
3 0 0 0 0 
->
0 -2 -4 0 0
: hits 39, misses 2 
3 0 0 0 0 
0 -2 -4 0 0
3 0 0 0 0 
0 -2 -4 0 0
->
0 0 -3 0 0 
: hits 5, misses 2 
0 0 -3 0 0 
0 -2 -4 0 0
->
0 0 -3 0 0 
: hits 38, misses 4 
0 0 -3 0 0 
0 -2 -4 0 0
->
3 0 0 0 0 
: hits 7, misses 1 
0 0 -3 0 0 
0 -2 -4 0 0
3 0 0 0 0 
0 -2 -4 0 0
->
3 0 0 0 0 
: hits 5, misses 1 
0 -2 -4 0 0
->
0 0 0 0 0 
: hits 8, misses 1 
0 0 0 0 0 
->
0 -2 -4 0 0
: hits 9, misses 2 
0 0 0 0 0 
0 -2 -4 0 0
->
0 0 -3 0 0 
: hits 2, misses 1 
0 0 0 0 0 
0 -2 -4 0 0
0 0 -3 0 0 
0 -2 -4 0 0
->
0 0 -3 0 0 
: hits 2, misses 0 
0 0 -3 0 0 
->
0 -2 -3 0 0
: hits 2, misses 1 
0 -2 -3 0 0
->
0 0 -3 0 0 
: hits 1, misses 1 
0 0 -3 0 0 
0 -2 -3 0 0
->
3 0 0 0 0 
: hits 1, misses 0 
0 -2 -3 0 0
3 0 0 0 0 
->
0 -2 -3 0 0
: hits 1, misses 1 
3 0 0 0 0 
0 -2 -3 0 0
->
3 0 0 0 0 
: hits 1, misses 0 
0 -2 -3 0 0
3 0 0 0 0 
->
0 -1 -3 0 0
: hits 2, misses 0 
3 0 0 0 0 
0 -1 -3 0 0
->
3 0 0 0 0 
: hits 36, misses 2 
0 -1 -3 0 0
3 0 0 0 0 
->
0 -1 -3 0 0
: hits 35, misses 2 
0 -1 -3 0 0
->
3 0 0 0 30 
: hits 1, misses 1 
0 -1 -3 0 0
3 0 0 0 30 
->
0 -1 -3 0 30
: hits 1, misses 0 
3 0 0 0 30 
0 -1 -3 0 30
->
0 0 -3 0 30 
: hits 2, misses 2 
0 -1 -3 0 30
0 0 -3 0 30 
->
0 -2 -3 0 30
: hits 2, misses 1 
0 -2 -3 0 30
0 0 -3 0 30 
->
0 -2 -3 0 30
: hits 6, misses 1 
0 -2 -3 0 30
0 0 -3 0 30 
0 -2 -3 0 30
0 0 -3 0 30 
->
0 -1 -3 0 30
: hits 2, misses 1 
0 -2 -3 0 30
0 0 -3 0 30 
0 -1 -3 0 30
0 0 -3 0 30 
->
0 -1 -3 0 30
: hits 4, misses 0 
0 0 -3 0 30 
0 -1 -3 0 30
->
0 0 0 0 30 
: hits 6, misses 1 
0 0 0 0 30 
0 -1 -3 0 30
->
0 0 0 0 30 
: hits 3, misses 3 
0 -1 -3 0 30
->
0 0 0 0 0 
: hits 9, misses 1 
0 0 0 0 0 
->
0 -1 -2 0 0
: hits 8, misses 3 
0 -1 -2 0 0
->
0 0 0 0 0 
: hits 6, misses 3 
0 -1 -2 0 0
->
3 0 0 0 0 
: hits 4, misses 1 
3 0 0 0 0 
->
0 -1 -2 0 0
: hits 4, misses 1 
3 0 0 0 0 
0 -1 -2 0 0
->
0 0 0 0 0 
: hits 1, misses 1 
0 0 0 0 0 
->
-1 -1 -2 0 0
: hits 7, misses 2 
-1 -1 -2 0 0
->
0 0 0 0 0 
: hits 6, misses 2 
-1 -1 -2 0 0
->
3 0 0 0 0 
: hits 1, misses 1 
3 0 0 0 0 
->
-1 -1 -2 0 0
: hits 1, misses 1 
3 0 0 0 0 
-1 -1 -2 0 0
->
0 0 0 0 0 
: hits 1, misses 0 
-1 -1 -2 0 0
->
0 0 3 0 0 
: hits 1, misses 0 
0 0 3 0 0 
->
0 -1 -2 0 0
: hits 37, misses 1 
0 -1 -2 0 0
->
0 0 3 0 0 
: hits 36, misses 1 
0 -1 -2 0 0
0 0 3 0 0 
->
0 -1 -3 0 0
: hits 26, misses 2 
0 -1 -3 0 0
0 0 3 0 0 
->
0 -1 -2 0 0
: hits 15, misses 2 
0 -1 -3 0 0
0 0 3 0 0 
->
0 -1 -3 0 0
: hits 128, misses 4 
0 0 3 0 0 
0 -1 -3 0 0
->
0 0 0 0 0 
: hits 2, misses 1 
0 -1 -3 0 0
0 0 0 0 0 
->
0 -1 -2 0 0
: hits 2, misses 2 
0 0 0 0 0 
0 -1 -2 0 0
->
0 0 0 0 0 
: hits 1, misses 1 
0 -1 -2 0 0
0 0 0 0 0 
->
0 -1 -2 0 0
: hits 1, misses 1 
0 0 0 0 0 
0 -1 -2 0 0
->
0 0 3 0 0 
: hits 2, misses 0 
0 0 0 0 0 
0 -1 -2 0 0
0 0 3 0 0 
0 -1 -3 0 0
->
0 0 3 0 0 
: hits 2, misses 1 
0 -1 -2 0 0
0 0 3 0 0 
0 -1 -3 0 0
0 0 3 0 0 
->
0 -1 -2 0 0
: hits 4, misses 2 
0 0 3 0 0 
0 -1 -2 0 0
->
0 0 3 0 0 
: hits 32, misses 0 
0 0 3 0 0 
->
0 -1 -3 0 0
: hits 144, misses 1 
0 0 3 0 0 
0 -1 -3 0 0
->
3 0 0 0 0 
: hits 10, misses 1 
0 -1 -3 0 0
3 0 0 0 0 
0 -1 -3 0 0
3 0 0 0 0 
->
3 -2 -5 0 0
: hits 10, misses 2 
0 -1 -3 0 0
3 0 0 0 0 
3 -2 -5 0 0
3 0 0 0 0 
->
3 -2 -5 0 0
: hits 12, misses 0 
3 -2 -5 0 0
3 0 0 0 0 
3 -2 -5 0 0
3 0 0 0 0 
->
3 -2 -5 0 0
: hits 38, misses 1 
0 -1 -3 0 0
3 0 0 0 0 
3 -2 -5 0 0
3 0 0 0 0 
3 -2 -5 0 0
3 0 0 0 0 
3 -2 -5 0 0
3 0 0 0 0 
->
2 -2 -5 0 0
: hits 7, misses 2 
3 -2 -5 0 0
3 0 0 0 0 
2 -2 -5 0 0
3 0 0 0 0 
->
2 -2 -5 0 0
: hits 18, misses 0 
2 -2 -5 0 0
3 0 0 0 0 
2 -2 -5 0 0
3 0 0 0 0 
->
2 -2 -6 0 0
: hits 11, misses 2 
2 -2 -6 0 0
3 0 0 0 0 
1 -2 -6 0 0
3 0 0 0 0 
->
1 -2 -6 0 0
: hits 8, misses 0 
1 -2 -6 0 0
3 0 0 0 0 
1 -2 -6 0 0
3 0 0 0 0 
->
0 -2 -6 0 0
: hits 16, misses 1 
3 0 0 0 0 
1 -2 -6 0 0
3 0 0 0 0 
0 -2 -6 0 0
->
3 0 0 0 0 
: hits 15, misses 1 
3 0 0 0 0 
0 -2 -6 0 0
3 0 0 0 0 
0 -2 -6 0 0
->
0 0 -3 0 0 
: hits 11, misses 1 
0 -2 -6 0 0
0 0 -3 0 0 
0 -2 -6 0 0
0 0 -3 0 0 
->
0 -2 -6 0 0
: hits 132, misses 4 
0 -2 -6 0 0
0 0 -3 0 0 
0 -2 -6 0 0
0 0 -3 0 0 
0 -2 -6 0 0
0 0 -3 0 0 
0 -2 -6 0 0
0 0 -3 0 0 
->
0 -2 -5 0 0
: hits 12, misses 2 
0 0 -3 0 0 
0 -2 -5 0 0
->
0 0 -3 0 0 
: hits 145, misses 3 
0 -2 -5 0 0
0 0 -3 0 0 
->
0 -2 -4 0 0
: hits 10, misses 1 
0 0 -3 0 0 
0 -2 -4 0 0
0 0 -3 0 0 
0 -2 -4 0 0
->
3 0 0 0 0 
: hits 3, misses 2 
3 0 0 0 0 
0 -2 -4 0 0
3 0 0 0 0 
0 -2 -4 0 0
->
3 0 0 0 0 
: hits 22, misses 4 
3 0 0 0 0 
0 -2 -4 0 0
->
0 0 0 0 30 
: hits 1, misses 1 
0 -2 -4 0 0
0 0 0 0 30 
->
0 -2 -4 0 30
: hits 2, misses 0 
0 -2 -4 0 30
3 0 0 0 30 
->
0 -2 -3 0 30
: hits 1, misses 1 
3 0 0 0 30 
0 -2 -3 0 30
->
3 0 0 0 30 
: hits 3, misses 2 
0 -2 -3 0 30
3 0 0 0 30 
->
0 -2 -3 0 30
: hits 4, misses 1 
0 -2 -3 0 30
->
0 0 0 0 30 
: hits 3, misses 1 
0 0 0 0 30 
->
0 -2 -3 0 30
: hits 3, misses 1 
0 0 0 0 30 
0 -2 -3 0 30
->
3 0 0 0 30 
: hits 1, misses 1 
0 -2 -3 0 30
3 0 0 0 30 
0 -2 -3 0 30
3 0 0 0 30 
->
0 -2 -4 0 30
: hits 1, misses 1 
3 0 0 0 30 
0 -2 -3 0 30
3 0 0 0 30 
0 -2 -4 0 30
->
3 0 0 0 30 
: hits 1, misses 0 
0 -2 -3 0 30
3 0 0 0 30 
0 -2 -4 0 30
3 0 0 0 30 
->
0 -2 -4 0 30
: hits 1, misses 0 
3 0 0 0 30 
0 -2 -4 0 30
3 0 0 0 30 
0 -2 -4 0 30
->
0 0 -3 0 30 
: hits 4, misses 1 
0 -2 -4 0 30
0 0 -3 0 30 
->
0 -2 -4 0 30
: hits 40, misses 5 
0 0 -3 0 30 
0 -2 -4 0 30
->
0 0 -3 0 30 
: hits 45, misses 4 
0 0 -3 0 30 
0 -2 -4 0 30
->
0 0 0 0 30 
: hits 1, misses 1 
0 -2 -4 0 30
0 0 0 0 30 
->
0 -2 -4 0 30
: hits 1, misses 0 
0 0 0 0 30 
0 -2 -4 0 30
->
0 0 -3 0 30 
: hits 3, misses 0 
0 0 0 0 30 
0 -2 -4 0 30
0 0 -3 0 30 
0 -2 -4 0 30
->
0 0 -3 0 30 
: hits 1, misses 1 
0 -2 -4 0 30
0 0 -3 0 30 
->
0 -2 -3 0 30
: hits 4, misses 1 
0 0 -3 0 30 
0 -1 -3 0 30
->
0 0 -3 0 30 
: hits 47, misses 3 
0 0 -3 0 30 
0 -1 -3 0 30
->
0 0 3 0 0 
: hits 3, misses 1 
0 0 -3 0 30 
0 -1 -3 0 30
0 0 3 0 0 
0 -1 -3 0 0
->
0 0 3 0 0 
: hits 3, misses 1 
0 -1 -3 0 30
0 0 3 0 0 
0 -1 -3 0 0
0 0 3 0 0 
->
0 -1 -3 0 0
: hits 13, misses 0 
0 0 3 0 0 
->
0 -1 -3 0 0
: hits 134, misses 1 
0 0 3 0 0 
0 -1 -3 0 0
->
3 0 0 0 0 
: hits 9, misses 1 
0 -1 -3 0 0
3 0 0 0 0 
0 -1 -3 0 0
3 0 0 0 0 
->
0 -1 -3 0 0
: hits 20, misses 3 
0 -1 -3 0 0
3 0 0 0 0 
0 -1 -3 0 0
3 0 0 0 0 
0 -1 -3 0 0
3 0 0 0 0 
0 -1 -3 0 0
3 0 0 0 0 
->
3 -2 -5 0 0
: hits 9, misses 2 
0 -1 -3 0 0
3 0 0 0 0 
0 -1 -3 0 0
3 0 0 0 0 
3 -2 -5 0 0
3 0 0 0 0 
3 -2 -5 0 0
3 0 0 0 0 
->
3 -2 -5 0 0
: hits 9, misses 1 
2 -2 -5 0 0
3 0 0 0 0 
2 -2 -5 0 0
3 0 0 0 0 
->
2 -2 -5 0 0
: hits 49, misses 2 
2 -2 -5 0 0
3 0 0 0 0 
2 -2 -5 0 0
3 0 0 0 0 
2 -2 -5 0 0
3 0 0 0 0 
2 -2 -5 0 0
3 0 0 0 0 
->
2 -2 -6 0 0
: hits 8, misses 4 
2 -2 -5 0 0
3 0 0 0 0 
2 -2 -6 0 0
3 0 0 0 0 
->
2 -2 -6 0 0
: hits 6, misses 2 
2 -2 -6 0 0
3 0 0 0 0 
2 -2 -6 0 0
3 0 0 0 0 
->
1 -2 -6 0 0
: hits 6, misses 2 
3 0 0 0 0 
1 -2 -6 0 0
->
0 0 -3 0 0 
: hits 3, misses 1 
1 -2 -6 0 0
0 0 -3 0 0 
->
1 -2 -6 0 0
: hits 1, misses 1 
0 0 -3 0 0 
1 -2 -6 0 0
3 0 0 0 0 
1 -2 -6 0 0
->
3 0 0 0 0 
: hits 1, misses 0 
1 -2 -6 0 0
3 0 0 0 0 
1 -2 -6 0 0
3 0 0 0 0 
->
1 -2 -6 0 0
: hits 65, misses 3 
1 -2 -6 0 0
3 0 0 0 0 
1 -2 -6 0 0
3 0 0 0 0 
1 -2 -6 0 0
3 0 0 0 0 
1 -2 -6 0 0
3 0 0 0 0 
->
0 -2 -6 0 0
: hits 13, misses 5 
3 0 0 0 0 
0 -2 -6 0 0
3 0 0 0 0 
0 -2 -6 0 0
->
3 0 0 0 0 
: hits 45, misses 5 
3 0 0 0 0 
->
0 -2 -7 0 0
: hits 3, misses 1 
0 -2 -7 0 0
->
0 0 -3 0 0 
: hits 15, misses 1 
0 0 -3 0 0 
->
0 -2 -7 0 0
: hits 13, misses 1 
0 0 -3 0 0 
->
-1 -2 -7 0 0
: hits 4, misses 1 
-1 -2 -7 0 0
->
0 0 -3 0 0 
: hits 4, misses 0 
0 0 -3 0 0 
->
-1 -2 -6 0 0
: hits 1, misses 1 
-1 -2 -6 0 0
->
0 0 -3 0 0 
: hits 1, misses 0 
-1 -2 -6 0 0
0 0 -3 0 0 
->
0 -2 -6 0 0
: hits 1, misses 1 
0 -2 -6 0 0
0 0 -3 0 0 
0 -2 -6 0 0
0 0 -3 0 0 
0 -2 -6 0 0
0 0 -3 0 0 
0 -2 -6 0 0
0 0 -3 0 0 
->
0 -2 -6 0 0
: hits 82, misses 6 
-1 -2 -7 0 0
0 0 -3 0 0 
-1 -2 -6 0 0
0 0 -3 0 0 
0 -2 -6 0 0
0 0 -3 0 0 
0 -2 -6 0 0
0 0 -3 0 0 
0 -2 -6 0 0
0 0 -3 0 0 
0 -2 -6 0 0
0 0 -3 0 0 
0 -2 -6 0 0
0 0 -3 0 0 
0 -2 -6 0 0
0 0 -3 0 0 
->
0 -2 -5 0 0
: hits 1, misses 0 
0 -2 -6 0 0
0 0 -3 0 0 
0 -2 -5 0 0
0 0 -3 0 0 
->
0 -2 -5 0 0
: hits 12, misses 0 
0 -2 -5 0 0
->
0 0 -3 0 30 
: hits 2, misses 1 
0 -2 -5 0 0
0 0 -3 0 30 
0 -2 -4 0 30
0 0 -3 0 30 
->
0 -2 -4 0 30
: hits 1, misses 0 
0 -2 -4 0 30
0 0 -3 0 30 
->
0 -1 -4 0 30
: hits 7, misses 2 
0 0 -3 0 30 
0 -1 -4 0 30
->
0 0 -3 0 30 
: hits 40, misses 2 
0 -1 -4 0 30
0 0 -3 0 30 
->
0 -1 -4 0 30
: hits 27, misses 5 
0 -1 -4 0 30
0 0 -3 0 30 
->
0 -1 -3 0 30
: hits 11, misses 3 
0 0 -3 0 30 
0 -1 -4 0 30
0 0 -3 0 30 
0 -1 -3 0 30
->
0 0 -3 0 30 
: hits 11, misses 0 
0 0 -3 0 30 
0 -1 -3 0 30
0 0 -3 0 30 
0 -1 -3 0 30
->
0 0 0 0 30 
: hits 5, misses 2 
0 -1 -3 0 30
0 0 0 0 30 
->
0 -1 -3 0 30
: hits 7, misses 0 
0 0 0 0 30 
0 -1 -3 0 30
->
0 0 3 0 0 
: hits 1, misses 1 
0 0 0 0 30 
0 -1 -3 0 30
0 0 3 0 0 
0 -1 -3 0 0
->
0 0 3 0 0 
: hits 1, misses 1 
0 -1 -3 0 0
0 0 3 0 0 
0 -1 -3 0 0
0 0 3 0 0 
->
0 -1 -2 0 0
: hits 8, misses 1 
0 -1 -2 0 0
0 0 3 0 0 
->
0 -1 -2 0 0
: hits 20, misses 1 
3 0 0 0 0 
->
3 -2 -5 0 0
: hits 62, misses 1 
3 0 0 0 0 
3 -2 -5 0 0
3 0 0 0 0 
3 -2 -5 0 0
3 0 0 0 0 
->
3 -2 -5 0 0
: hits 29, misses 3 
3 0 0 0 0 
3 -2 -5 0 0
3 0 0 0 0 
3 -2 -5 0 0
3 0 0 0 0 
3 -2 -5 0 0
3 0 0 0 0 
->
2 -2 -5 0 0
: hits 13, misses 6 
3 -2 -5 0 0
3 0 0 0 0 
3 -2 -5 0 0
3 0 0 0 0 
2 -2 -5 0 0
3 0 0 0 0 
2 -2 -5 0 0
3 0 0 0 0 
->
2 -2 -5 0 0
: hits 16, misses 0 
2 -2 -5 0 0
3 0 0 0 0 
2 -2 -5 0 0
3 0 0 0 0 
2 -2 -5 0 0
3 0 0 0 0 
2 -2 -5 0 0
3 0 0 0 0 
->
2 -2 -5 0 0
: hits 18, misses 8 
2 -2 -5 0 0
3 0 0 0 0 
->
1 -2 -5 0 0
: hits 4, misses 1 
3 0 0 0 0 
1 -2 -5 0 0
->
3 0 0 0 0 
: hits 6, misses 0 
1 -2 -6 0 0
3 0 0 0 0 
1 -2 -6 0 0
3 0 0 0 0 
1 -2 -6 0 0
3 0 0 0 0 
1 -2 -6 0 0
3 0 0 0 0 
->
1 -2 -6 0 0
: hits 28, misses 10 
2 -2 -5 0 0
3 0 0 0 0 
1 -2 -5 0 0
3 0 0 0 0 
1 -2 -6 0 0
3 0 0 0 0 
1 -2 -6 0 0
3 0 0 0 0 
1 -2 -6 0 0
3 0 0 0 0 
1 -2 -6 0 0
3 0 0 0 0 
1 -2 -6 0 0
3 0 0 0 0 
1 -2 -6 0 0
3 0 0 0 0 
->
0 -2 -6 0 0
: hits 1, misses 0 
0 -2 -6 0 0
3 0 0 0 0 
->
0 -2 -7 0 0
: hits 1, misses 1 
0 -2 -7 0 0
->
3 0 0 0 0 
: hits 1, misses 1 
0 -2 -7 0 0
3 0 0 0 0 
->
0 -2 -7 0 0
: hits 1, misses 0 
3 0 0 0 0 
0 -2 -7 0 0
->
0 0 -3 0 0 
: hits 1, misses 0 
0 -2 -7 0 0
0 0 -3 0 0 
->
0 -2 -7 0 0
: hits 5, misses 2 
0 0 -3 0 0 
->
-1 -1 -7 0 0
: hits 10, misses 1 
-1 -1 -7 0 0
->
0 0 -3 0 0 
: hits 10, misses 0 
0 0 -3 0 0 
->
-1 -1 -6 0 0
: hits 13, misses 1 
-1 -1 -6 0 0
->
0 0 -3 0 0 
: hits 13, misses 0 
0 0 -3 0 0 
->
0 -1 -6 0 0
: hits 5, misses 1 
0 -1 -6 0 0
->
0 0 -3 0 0 
: hits 5, misses 0 
0 0 -3 0 0 
->
0 -1 -5 0 0
: hits 11, misses 1 
0 -1 -5 0 0
->
0 0 -3 0 0 
: hits 11, misses 1 
0 0 -3 0 0 
->
0 -1 -4 0 0
: hits 13, misses 1 
0 -1 -4 0 0
->
0 0 -3 0 0 
: hits 12, misses 2 
0 -1 -4 0 0
0 0 -3 0 0 
->
0 -1 -3 0 0
: hits 1, misses 1 
0 -1 -3 0 0
->
0 0 -3 0 0 
: hits 4, misses 1 
0 -1 -3 0 0
0 0 -3 0 0 
->
0 -1 -3 0 0
: hits 4, misses 0 
0 0 -3 0 0 
0 -1 -3 0 0
->
0 0 3 0 0 
: hits 1, misses 0 
0 -1 -3 0 0
0 0 3 0 0 
0 -1 -3 0 0
0 0 3 0 0 
->
0 -1 -3 0 0
: hits 93, misses 6 
0 -1 -3 0 0
->
0 0 0 0 30 
: hits 1, misses 1 
0 0 3 0 0 
0 -1 -3 0 0
0 0 0 0 30 
0 -1 -3 0 30
->
0 0 -3 0 30 
: hits 1, misses 0 
0 -1 -3 0 30
0 0 -3 0 30 
->
0 -1 -4 0 30
: hits 3, misses 1 
0 -1 -3 0 30
0 0 -3 0 30 
0 -1 -4 0 30
0 0 -3 0 30 
->
0 -1 -4 0 30
: hits 2, misses 1 
0 0 -3 0 30 
->
-1 -1 -4 0 30
: hits 25, misses 1 
-1 -1 -4 0 30
->
0 0 -3 0 30 
: hits 25, misses 2 
-1 -1 -4 0 30
0 0 -3 0 30 
->
0 -1 -4 0 30
: hits 4, misses 1 
-1 -1 -4 0 30
0 0 -3 0 30 
0 -1 -4 0 30
0 0 -3 0 30 
->
0 -1 -3 0 30
: hits 3, misses 1 
0 -1 -4 0 30
0 0 -3 0 30 
0 -1 -3 0 30
0 0 -3 0 30 
->
0 -1 -3 0 30
: hits 9, misses 1 
0 0 -3 0 30 
0 -1 -3 0 30
0 0 -3 0 30 
0 -1 -3 0 30
->
0 0 -3 0 30 
: hits 26, misses 6 
0 0 -3 0 30 
0 -1 -3 0 30
->
0 0 0 0 0 
: hits 6, misses 1 
0 -1 -3 0 30
0 0 0 0 0 
->
0 -1 -3 0 0
: hits 9, misses 1 
0 0 0 0 0 
0 -1 -3 0 0
->
0 0 3 0 0 
: hits 8, misses 2 
0 0 3 0 0 
->
3 -2 -5 0 0
: hits 2, misses 1 
3 -2 -5 0 0
->
0 0 3 0 0 
: hits 1, misses 1 
3 -2 -5 0 0
0 0 3 0 0 
->
3 -2 -5 0 0
: hits 1, misses 0 
0 0 3 0 0 
3 -2 -5 0 0
->
3 0 0 0 0 
: hits 1, misses 0 
3 -2 -5 0 0
0 0 3 0 0 
3 -2 -5 0 0
3 0 0 0 0 
3 -2 -5 0 0
3 0 0 0 0 
3 -2 -5 0 0
3 0 0 0 0 
3 -2 -5 0 0
3 0 0 0 0 
->
3 -2 -5 0 0
: hits 1, misses 0 
3 -2 -5 0 0
3 0 0 0 0 
3 -2 -5 0 0
3 0 0 0 0 
3 -2 -5 0 0
3 0 0 0 0 
3 -2 -5 0 0
3 0 0 0 0 
3 -2 -5 0 0
3 0 0 0 0 
3 -2 -5 0 0
3 0 0 0 0 
3 -2 -5 0 0
3 0 0 0 0 
->
2 -2 -5 0 0
: hits 3, misses 1 
3 -2 -5 0 0
3 0 0 0 0 
2 -2 -5 0 0
3 0 0 0 0 
2 -2 -5 0 0
3 0 0 0 0 
2 -2 -5 0 0
3 0 0 0 0 
->
2 -2 -6 0 0
: hits 2, misses 2 
2 -2 -6 0 0
3 0 0 0 0 
2 -2 -6 0 0
3 0 0 0 0 
->
2 -2 -6 0 0
: hits 3, misses 2 
2 -2 -6 0 0
3 0 0 0 0 
2 -2 -6 0 0
3 0 0 0 0 
2 -2 -6 0 0
3 0 0 0 0 
2 -2 -6 0 0
3 0 0 0 0 
->
1 -2 -6 0 0
: hits 1, misses 0 
2 -2 -6 0 0
3 0 0 0 0 
2 -2 -6 0 0
3 0 0 0 0 
2 -2 -6 0 0
3 0 0 0 0 
2 -2 -6 0 0
3 0 0 0 0 
1 -2 -6 0 0
3 0 0 0 0 
1 -2 -6 0 0
3 0 0 0 0 
1 -2 -6 0 0
3 0 0 0 0 
1 -2 -6 0 0
3 0 0 0 0 
->
1 -2 -6 0 0
: hits 1, misses 0 
2 -2 -6 0 0
3 0 0 0 0 
2 -2 -6 0 0
3 0 0 0 0 
2 -2 -6 0 0
3 0 0 0 0 
1 -2 -6 0 0
3 0 0 0 0 
1 -2 -6 0 0
3 0 0 0 0 
1 -2 -6 0 0
3 0 0 0 0 
1 -2 -6 0 0
3 0 0 0 0 
1 -2 -6 0 0
3 0 0 0 0 
->
0 -2 -6 0 0
: hits 1, misses 1 
0 -2 -6 0 0
->
0 0 0 0 0 
: hits 12, misses 1 
0 0 0 0 0 
->
0 -2 -6 0 0
: hits 12, misses 1 
0 0 0 0 0 
0 -2 -6 0 0
->
0 0 -3 0 0 
: hits 4, misses 2 
1 -2 -6 0 0
3 0 0 0 0 
1 -2 -6 0 0
3 0 0 0 0 
1 -2 -6 0 0
3 0 0 0 0 
0 -2 -6 0 0
0 0 0 0 0 
0 -2 -6 0 0
0 0 -3 0 0 
0 -2 -6 0 0
0 0 -3 0 0 
0 -2 -6 0 0
0 0 -3 0 0 
0 -2 -6 0 0
0 0 -3 0 0 
->
0 -2 -6 0 0
: hits 1, misses 0 
0 -2 -6 0 0
0 0 -3 0 0 
0 -2 -6 0 0
0 0 -3 0 0 
0 -2 -6 0 0
0 0 -3 0 0 
0 -2 -6 0 0
0 0 -3 0 0 
0 -2 -6 0 0
0 0 -3 0 0 
0 -2 -6 0 0
0 0 -3 0 0 
0 -2 -6 0 0
0 0 -3 0 0 
0 -2 -6 0 0
0 0 -3 0 0 
->
0 -2 -5 0 0
: hits 9, misses 3 
0 0 -3 0 0 
0 -2 -5 0 0
->
3 0 0 0 0 
: hits 8, misses 1 
0 -2 -5 0 0
3 0 0 0 0 
->
0 -2 -5 0 0
: hits 30, misses 2 
3 0 0 0 0 
0 -2 -5 0 0
->
3 0 0 0 0 
: hits 24, misses 4 
3 0 0 0 0 
0 -2 -5 0 0
->
0 0 -3 0 0 
: hits 8, misses 2 
0 -2 -5 0 0
3 0 0 0 0 
0 -2 -5 0 0
0 0 -3 0 0 
->
0 -2 -4 0 0
: hits 2, misses 1 
3 0 0 0 0 
0 -2 -5 0 0
0 0 -3 0 0 
0 -2 -4 0 0
->
3 0 0 0 0 
: hits 1, misses 1 
0 -2 -4 0 0
3 0 0 0 0 
->
0 -2 -5 0 0
: hits 1, misses 1 
0 0 -3 0 0 
0 -2 -4 0 0
3 0 0 0 0 
0 -2 -5 0 0
->
3 0 0 0 0 
: hits 1, misses 0 
0 -2 -5 0 0
->
0 0 0 0 0 
: hits 6, misses 1 
0 0 0 0 0 
->
0 -2 -5 0 0
: hits 5, misses 2 
0 0 0 0 0 
0 -2 -5 0 0
->
3 0 0 0 0 
: hits 1, misses 1 
0 0 0 0 0 
0 -2 -5 0 0
3 0 0 0 0 
0 -2 -5 0 0
->
0 0 -3 0 0 
: hits 1, misses 0 
0 -2 -5 0 0
3 0 0 0 0 
0 -2 -5 0 0
0 0 -3 0 0 
->
0 -2 -5 0 0
: hits 6, misses 1 
3 0 0 0 0 
0 -2 -5 0 0
0 0 -3 0 0 
0 -2 -5 0 0
->
0 0 -3 0 0 
: hits 5, misses 1 
0 -2 -5 0 0
0 0 -3 0 0 
0 -2 -5 0 0
0 0 -3 0 0 
->
0 -2 -4 0 0
: hits 7, misses 1 
0 0 -3 0 0 
0 -2 -4 0 0
0 0 -3 0 0 
0 -2 -4 0 0
->
0 0 -3 0 0 
: hits 14, misses 4 
0 0 -3 0 0 
0 -2 -4 0 0
->
0 0 -3 0 30 
: hits 7, misses 1 
0 0 -3 0 0 
0 -2 -4 0 0
0 0 -3 0 30 
0 -2 -4 0 30
->
3 0 0 0 30 
: hits 1, misses 1 
0 -2 -4 0 30
3 0 0 0 30 
0 -2 -4 0 30
0 0 -3 0 30 
->
0 -2 -4 0 30
: hits 2, misses 2 
0 -2 -4 0 30
0 0 -3 0 30 
0 -2 -4 0 30
0 0 -3 0 30 
->
0 -1 -4 0 30
: hits 3, misses 1 
0 0 -3 0 30 
0 -2 -4 0 30
0 0 -3 0 30 
0 -1 -4 0 30
->
3 0 0 0 30 
: hits 2, misses 2 
0 -1 -4 0 30
3 0 0 0 30 
->
0 -1 -4 0 30
: hits 7, misses 1 
3 0 0 0 30 
0 -1 -4 0 30
->
3 0 0 0 30 
: hits 4, misses 2 
0 -1 -4 0 30
->
0 0 0 0 30 
: hits 4, misses 1 
0 0 0 0 30 
->
0 -1 -4 0 30
: hits 3, misses 1 
0 0 0 0 30 
0 -1 -4 0 30
->
0 0 -3 0 30 
: hits 1, misses 1 
0 -1 -4 0 30
0 0 0 0 30 
0 -1 -4 0 30
0 0 -3 0 30 
->
0 -1 -4 0 30
: hits 1, misses 0 
0 -1 -4 0 30
0 0 -3 0 30 
0 -1 -4 0 30
0 0 -3 0 30 
->
0 -1 -3 0 30
: hits 6, misses 3 
0 0 0 0 30 
0 -1 -4 0 30
0 0 -3 0 30 
0 -1 -4 0 30
0 0 -3 0 30 
0 -1 -3 0 30
0 0 -3 0 30 
0 -1 -3 0 30
->
0 0 -3 0 30 
: hits 1, misses 0 
0 0 -3 0 30 
0 -1 -3 0 30
0 0 -3 0 30 
0 -1 -3 0 30
0 0 -3 0 30 
0 -1 -3 0 30
0 0 -3 0 30 
0 -1 -3 0 30
->
0 0 0 0 30 
: hits 2, misses 2 
0 0 -3 0 30 
0 -1 -3 0 30
0 0 0 0 30 
0 -1 -3 0 30
->
0 0 0 0 30 
: hits 1, misses 2 
0 0 0 0 30 
0 -1 -3 0 30
->
3 0 0 0 0 
: hits 1, misses 1 
0 -1 -3 0 30
3 0 0 0 0 
->
0 -1 -3 0 0
: hits 2, misses 0 
3 0 0 0 0 
0 -1 -3 0 0
->
0 0 3 0 0 
: hits 1, misses 1 
0 0 3 0 0 
0 -1 -3 0 0
->
3 0 0 0 0 
: hits 8, misses 1 
0 0 3 0 0 
0 -1 -3 0 0
3 0 0 0 0 
0 -1 -3 0 0
->
3 0 0 0 0 
: hits 9, misses 0 
0 0 3 0 0 
0 -1 -3 0 0
3 0 0 0 0 
0 -1 -3 0 0
3 0 0 0 0 
->
0 -1 -3 0 0
: hits 10, misses 0 
3 -2 -5 0 0
3 0 0 0 0 
2 -2 -5 0 0
3 0 0 0 0 
2 -2 -5 0 0
3 0 0 0 0 
2 -2 -5 0 0
3 0 0 0 0 
->
2 -2 -5 0 0
: hits 12, misses 1 
2 -2 -6 0 0
3 0 0 0 0 
->
2 -2 -5 0 0
: hits 4, misses 0 
2 -2 -6 0 0
3 0 0 0 0 
2 -2 -5 0 0
3 0 0 0 0 
->
2 -2 -6 0 0
: hits 1, misses 2 
2 -2 -5 0 0
3 0 0 0 0 
2 -2 -6 0 0
3 0 0 0 0 
->
1 -2 -6 0 0
: hits 2, misses 1 
2 -2 -5 0 0
3 0 0 0 0 
2 -2 -6 0 0
3 0 0 0 0 
2 -2 -5 0 0
3 0 0 0 0 
2 -2 -6 0 0
3 0 0 0 0 
1 -2 -6 0 0
3 0 0 0 0 
1 -2 -6 0 0
3 0 0 0 0 
1 -2 -6 0 0
3 0 0 0 0 
1 -2 -6 0 0
3 0 0 0 0 
->
1 -2 -6 0 0
: hits 1, misses 0 
3 0 0 0 0 
1 -2 -6 0 0
3 0 0 0 0 
1 -2 -6 0 0
->
0 0 -3 0 0 
: hits 2, misses 1 
1 -2 -6 0 0
3 0 0 0 0 
1 -2 -6 0 0
0 0 -3 0 0 
->
0 -2 -6 0 0
: hits 2, misses 0 
0 -2 -6 0 0
0 0 -3 0 0 
0 -2 -6 0 0
0 0 -3 0 0 
0 -2 -6 0 0
0 0 -3 0 0 
0 -2 -6 0 0
0 0 -3 0 0 
0 -2 -6 0 0
0 0 -3 0 0 
0 -2 -6 0 0
0 0 -3 0 0 
0 -2 -6 0 0
0 0 -3 0 0 
0 -2 -6 0 0
0 0 -3 0 0 
->
0 -2 -6 0 0
: hits 22, misses 7 
2 -2 -5 0 0
3 0 0 0 0 
2 -2 -6 0 0
3 0 0 0 0 
1 -2 -6 0 0
3 0 0 0 0 
1 -2 -6 0 0
3 0 0 0 0 
1 -2 -6 0 0
3 0 0 0 0 
1 -2 -6 0 0
3 0 0 0 0 
1 -2 -6 0 0
0 0 -3 0 0 
0 -2 -6 0 0
0 0 -3 0 0 
0 -2 -6 0 0
0 0 -3 0 0 
0 -2 -6 0 0
0 0 -3 0 0 
0 -2 -6 0 0
0 0 -3 0 0 
0 -2 -6 0 0
0 0 -3 0 0 
0 -2 -6 0 0
0 0 -3 0 0 
0 -2 -6 0 0
0 0 -3 0 0 
0 -2 -6 0 0
0 0 -3 0 0 
0 -2 -6 0 0
0 0 -3 0 0 
->
0 -2 -5 0 0
: hits 1, misses 0 
0 -2 -5 0 0
0 0 -3 0 0 
0 -2 -5 0 0
0 0 -3 0 0 
->
0 -2 -5 0 0
: hits 102, misses 1 
0 0 -3 0 0 
0 -2 -5 0 0
0 0 -3 0 0 
0 -2 -5 0 0
->
3 0 0 0 0 
: hits 7, misses 1 
0 0 -3 0 0 
0 -2 -5 0 0
3 0 0 0 0 
0 -2 -5 0 0
->
3 0 0 0 0 
: hits 5, misses 1 
0 -2 -5 0 0
3 0 0 0 0 
0 -2 -5 0 0
3 0 0 0 0 
->
0 -2 -4 0 0
: hits 2, misses 1 
3 0 0 0 0 
0 -2 -5 0 0
3 0 0 0 0 
0 -2 -4 0 0
->
3 0 0 0 0 
: hits 2, misses 0 
0 -2 -5 0 0
3 0 0 0 0 
0 -2 -4 0 0
3 0 0 0 0 
->
0 -2 -4 0 0
: hits 2, misses 0 
3 0 0 0 0 
0 -2 -4 0 0
3 0 0 0 0 
0 -2 -4 0 0
3 0 0 0 0 
0 -2 -4 0 0
3 0 0 0 0 
0 -2 -4 0 0
->
0 0 -3 0 0 
: hits 2, misses 1 
0 0 -3 0 0 
0 -2 -4 0 0
->
0 0 0 0 0 
: hits 2, misses 1 
0 0 0 0 0 
0 -2 -5 0 0
->
0 0 0 0 0 
: hits 2, misses 2 
0 0 0 0 0 
0 -2 -5 0 0
->
0 0 -3 0 0 
: hits 2, misses 1 
3 0 0 0 0 
0 -2 -5 0 0
->
0 0 0 0 0 
: hits 1, misses 1 
3 0 0 0 0 
0 -2 -5 0 0
0 0 0 0 0 
0 -2 -5 0 0
->
0 0 0 0 0 
: hits 1, misses 0 
0 -2 -5 0 0
0 0 0 0 0 
->
0 -2 -4 0 0
: hits 2, misses 1 
0 0 0 0 0 
0 -2 -4 0 0
->
0 0 0 0 0 
: hits 4, misses 4 
0 -2 -4 0 0
0 0 0 0 0 
->
0 -2 -4 0 0
: hits 6, misses 0 
0 0 0 0 0 
0 -2 -4 0 0
->
3 0 0 0 0 
: hits 2, misses 2 
0 0 0 0 0 
0 -2 -4 0 0
3 0 0 0 0 
0 -2 -4 0 0
->
0 0 -3 0 0 
: hits 1, misses 1 
3 0 0 0 0 
0 -2 -4 0 0
0 0 -3 0 0 
0 -2 -4 0 0
->
0 0 -3 0 0 
: hits 3, misses 1 
0 0 -3 0 0 
0 -2 -4 0 0
0 0 -3 0 0 
0 -2 -4 0 0
->
0 0 0 0 0 
: hits 1, misses 1 
0 0 -3 0 0 
0 -2 -4 0 0
0 0 0 0 0 
0 -2 -4 0 0
->
0 0 0 0 0 
: hits 1, misses 0 
0 -2 -4 0 0
->
3 0 0 0 30 
: hits 1, misses 0 
0 -2 -4 0 0
3 0 0 0 30 
->
0 -2 -4 0 30
: hits 1, misses 0 
0 -2 -4 0 30
0 0 -3 0 30 
0 -2 -4 0 30
0 0 -3 0 30 
->
0 -2 -4 0 30
: hits 18, misses 2 
0 -2 -4 0 30
0 0 -3 0 30 
0 -2 -4 0 30
0 0 -3 0 30 
0 -2 -4 0 30
0 0 -3 0 30 
0 -2 -4 0 30
0 0 -3 0 30 
->
0 -1 -4 0 30
: hits 2, misses 3 
0 0 -3 0 30 
0 -2 -4 0 30
0 0 -3 0 30 
0 -1 -4 0 30
->
0 0 -3 0 30 
: hits 3, misses 1 
0 -1 -4 0 30
0 0 -3 0 30 
0 -1 -4 0 30
0 0 -3 0 30 
->
0 -1 -4 0 30
: hits 13, misses 4 
0 -1 -4 0 30
0 0 -3 0 30 
0 -1 -4 0 30
0 0 -3 0 30 
0 -1 -4 0 30
0 0 -3 0 30 
0 -1 -4 0 30
0 0 -3 0 30 
->
0 -1 -3 0 30
: hits 3, misses 3 
0 0 -3 0 30 
0 -1 -3 0 30
0 0 -3 0 30 
0 -1 -3 0 30
->
0 0 0 0 0 
: hits 5, misses 1 
0 0 0 0 0 
0 -1 -3 0 0
0 0 3 0 0 
0 -1 -3 0 0
->
0 0 3 0 0 
: hits 4, misses 2 
0 0 3 0 0 
0 -1 -3 0 0
->
3 0 0 0 0 
: hits 7, misses 1 
0 -1 -3 0 0
3 0 0 0 0 
0 -1 -3 0 0
3 0 0 0 0 
3 -2 -5 0 0
3 0 0 0 0 
3 -2 -5 0 0
3 0 0 0 0 
3 -2 -5 0 0
3 0 0 0 0 
->
3 -2 -5 0 0
: hits 2, misses 1 
0 -1 -3 0 0
3 0 0 0 0 
3 -2 -5 0 0
3 0 0 0 0 
3 -2 -5 0 0
3 0 0 0 0 
3 -2 -5 0 0
3 0 0 0 0 
3 -2 -5 0 0
3 0 0 0 0 
2 -2 -5 0 0
3 0 0 0 0 
2 -2 -5 0 0
3 0 0 0 0 
2 -2 -5 0 0
3 0 0 0 0 
->
2 -2 -6 0 0
: hits 1, misses 1 
2 -2 -5 0 0
3 0 0 0 0 
2 -2 -5 0 0
3 0 0 0 0 
2 -2 -5 0 0
3 0 0 0 0 
2 -2 -6 0 0
3 0 0 0 0 
->
2 -2 -6 0 0
: hits 4, misses 2 
3 0 0 0 0 
1 -2 -6 0 0
3 0 0 0 0 
1 -2 -6 0 0
->
3 0 0 0 0 
: hits 61, misses 1 
2 -2 -6 0 0
3 0 0 0 0 
1 -2 -6 0 0
3 0 0 0 0 
1 -2 -6 0 0
3 0 0 0 0 
1 -2 -6 0 0
3 0 0 0 0 
1 -2 -6 0 0
3 0 0 0 0 
1 -2 -6 0 0
3 0 0 0 0 
1 -2 -6 0 0
3 0 0 0 0 
1 -2 -6 0 0
3 0 0 0 0 
->
0 -2 -6 0 0
: hits 1, misses 0 
1 -2 -6 0 0
3 0 0 0 0 
0 -2 -6 0 0
3 0 0 0 0 
->
0 -2 -6 0 0
: hits 12, misses 0 
3 0 0 0 0 
1 -2 -6 0 0
3 0 0 0 0 
0 -2 -6 0 0
3 0 0 0 0 
0 -2 -6 0 0
3 0 0 0 0 
0 -2 -6 0 0
->
0 0 -3 0 0 
: hits 2, misses 1 
1 -2 -6 0 0
3 0 0 0 0 
1 -2 -6 0 0
3 0 0 0 0 
1 -2 -6 0 0
3 0 0 0 0 
1 -2 -6 0 0
3 0 0 0 0 
1 -2 -6 0 0
3 0 0 0 0 
1 -2 -6 0 0
3 0 0 0 0 
0 -2 -6 0 0
3 0 0 0 0 
0 -2 -6 0 0
3 0 0 0 0 
0 -2 -6 0 0
0 0 -3 0 0 
0 -2 -6 0 0
0 0 -3 0 0 
0 -2 -6 0 0
0 0 -3 0 0 
0 -2 -6 0 0
0 0 -3 0 0 
0 -2 -6 0 0
0 0 -3 0 0 
0 -2 -6 0 0
0 0 -3 0 0 
0 -2 -6 0 0
0 0 -3 0 0 
0 -2 -6 0 0
0 0 -3 0 0 
->
0 -2 -6 0 0
: hits 1, misses 0 
1 -2 -6 0 0
3 0 0 0 0 
0 -2 -6 0 0
3 0 0 0 0 
0 -2 -6 0 0
3 0 0 0 0 
0 -2 -6 0 0
0 0 -3 0 0 
0 -2 -6 0 0
0 0 -3 0 0 
0 -2 -6 0 0
0 0 -3 0 0 
0 -2 -6 0 0
0 0 -3 0 0 
0 -2 -6 0 0
0 0 -3 0 0 
0 -2 -6 0 0
0 0 -3 0 0 
0 -2 -6 0 0
0 0 -3 0 0 
0 -2 -6 0 0
0 0 -3 0 0 
0 -2 -6 0 0
0 0 -3 0 0 
0 -2 -6 0 0
0 0 -3 0 0 
0 -2 -6 0 0
0 0 -3 0 0 
0 -2 -6 0 0
0 0 -3 0 0 
0 -2 -6 0 0
0 0 -3 0 0 
->
0 -2 -5 0 0
: hits 1, misses 0 
0 0 -3 0 0 
0 -2 -5 0 0
0 0 -3 0 0 
0 -2 -5 0 0
->
0 0 -3 0 0 
: hits 97, misses 5 
0 0 -3 0 0 
0 -2 -5 0 0
->
0 0 0 0 0 
: hits 2, misses 1 
0 0 -3 0 0 
0 -2 -5 0 0
0 0 0 0 0 
0 -2 -4 0 0
->
3 0 0 0 0 
: hits 1, misses 0 
0 0 0 0 0 
0 -2 -4 0 0
3 0 0 0 0 
0 -2 -4 0 0
->
3 0 0 0 0 
: hits 1, misses 0 
0 0 0 0 0 
0 -2 -4 0 0
3 0 0 0 0 
0 -2 -4 0 0
3 0 0 0 0 
0 -2 -4 0 0
3 0 0 0 0 
0 -2 -4 0 0
->
0 0 -3 0 0 
: hits 1, misses 0 
3 0 0 0 0 
0 -2 -4 0 0
3 0 0 0 0 
0 -2 -4 0 0
0 0 -3 0 0 
0 -2 -4 0 0
0 0 -3 0 0 
0 -2 -4 0 0
->
0 0 -3 0 0 
: hits 1, misses 0 
0 0 -3 0 0 
0 -2 -4 0 0
0 0 -3 0 0 
0 -2 -4 0 0
->
0 0 -3 0 30 
: hits 5, misses 2 
0 0 -3 0 0 
0 -2 -4 0 0
0 0 -3 0 30 
0 -2 -4 0 30
->
0 0 -3 0 30 
: hits 6, misses 0 
0 0 -3 0 30 
0 -2 -4 0 30
0 0 -3 0 30 
0 -2 -4 0 30
->
3 0 0 0 30 
: hits 2, misses 1 
0 -2 -4 0 30
3 0 0 0 30 
->
0 -1 -4 0 30
: hits 1, misses 1 
3 0 0 0 30 
0 -1 -4 0 30
->
0 0 0 0 30 
: hits 2, misses 2 
0 0 0 0 30 
0 -1 -4 0 30
->
0 0 0 0 30 
: hits 1, misses 1 
0 0 0 0 30 
0 -1 -4 0 30
->
3 0 0 0 30 
: hits 1, misses 0 
0 -1 -4 0 30
0 0 0 0 30 
->
0 -1 -3 0 30
: hits 1, misses 0 
3 0 0 0 30 
0 -1 -4 0 30
0 0 0 0 30 
0 -1 -3 0 30
->
0 0 -3 0 30 
: hits 1, misses 0 
0 0 -3 0 30 
0 -1 -3 0 30
->
3 0 0 0 30 
: hits 1, misses 1 
0 -1 -3 0 30
3 0 0 0 30 
->
0 -1 -3 0 30
: hits 3, misses 0 
3 0 0 0 30 
0 -1 -3 0 30
->
3 0 0 0 30 
: hits 2, misses 2 
0 -1 -3 0 30
->
0 3 0 0 30 
: hits 3, misses 1 
0 3 0 0 30 
->
0 -1 -3 0 30
: hits 3, misses 0 
0 3 0 0 30 
0 -1 -3 0 30
->
0 0 0 0 30 
: hits 1, misses 1 
0 0 0 0 30 
0 -1 -3 0 30
->
0 3 0 0 30 
: hits 1, misses 0 
0 3 0 0 30 
0 -1 -3 0 30
->
0 3 0 0 30 
: hits 1, misses 1 
0 3 0 0 30 
0 -1 -3 0 30
->
0 0 -3 0 30 
: hits 1, misses 0 
0 3 0 0 30 
0 -1 -3 0 30
0 0 -3 0 30 
0 -1 -3 0 30
->
0 0 -3 0 30 
: hits 1, misses 0 
0 3 0 0 30 
0 -1 -3 0 30
0 3 0 0 30 
0 -1 -3 0 30
0 0 -3 0 30 
0 -1 -3 0 30
0 0 -3 0 30 
0 -1 -3 0 30
->
0 0 -3 0 30 
: hits 1, misses 0 
0 -1 -3 0 30
0 0 -3 0 30 
0 -1 -3 0 30
0 0 -3 0 30 
->
0 -1 -4 0 30
: hits 1, misses 1 
0 -1 -3 0 30
0 0 -3 0 30 
0 -1 -3 0 30
0 0 -3 0 30 
0 -1 -4 0 30
0 0 -3 0 30 
0 -1 -4 0 30
0 0 -3 0 30 
->
0 -1 -3 0 30
: hits 1, misses 0 
0 -1 -3 0 30
0 0 -3 0 30 
0 -1 -3 0 30
0 0 -3 0 30 
->
0 -1 -3 0 30
: hits 17, misses 1 
0 0 -3 0 30 
0 -1 -3 0 30
0 0 -3 0 30 
0 -1 -3 0 30
0 0 -3 0 30 
0 -1 -3 0 30
0 0 -3 0 30 
0 -1 -3 0 30
->
0 0 0 0 0 
: hits 4, misses 2 
0 0 3 0 0 
0 -1 -3 0 0
0 0 3 0 0 
0 -1 -3 0 0
->
0 0 3 0 0 
: hits 47, misses 3 
0 0 3 0 0 
0 -1 -3 0 0
->
3 0 0 0 0 
: hits 6, misses 1 
0 -1 -3 0 0
3 0 0 0 0 
->
0 -1 -2 0 0
: hits 3, misses 1 
3 0 0 0 0 
0 -1 -2 0 0
->
3 0 0 0 0 
: hits 3, misses 0 
0 -1 -3 0 0
3 0 0 0 0 
0 -1 -2 0 0
3 0 0 0 0 
3 -2 -5 0 0
3 0 0 0 0 
3 -2 -5 0 0
3 0 0 0 0 
->
2 -2 -5 0 0
: hits 1, misses 1 
0 -1 -3 0 0
3 0 0 0 0 
0 -1 -3 0 0
3 0 0 0 0 
0 -1 -2 0 0
3 0 0 0 0 
3 -2 -5 0 0
3 0 0 0 0 
3 -2 -5 0 0
3 0 0 0 0 
2 -2 -5 0 0
3 0 0 0 0 
2 -2 -5 0 0
3 0 0 0 0 
2 -2 -5 0 0
3 0 0 0 0 
->
2 -2 -5 0 0
: hits 1, misses 0 
0 -1 -3 0 0
3 0 0 0 0 
0 -1 -2 0 0
3 0 0 0 0 
3 -2 -5 0 0
3 0 0 0 0 
3 -2 -5 0 0
3 0 0 0 0 
2 -2 -5 0 0
3 0 0 0 0 
2 -2 -5 0 0
3 0 0 0 0 
2 -2 -5 0 0
3 0 0 0 0 
2 -2 -5 0 0
3 0 0 0 0 
->
2 -2 -5 0 0
: hits 1, misses 0 
0 -1 -2 0 0
3 0 0 0 0 
3 -2 -5 0 0
3 0 0 0 0 
3 -2 -5 0 0
3 0 0 0 0 
2 -2 -5 0 0
3 0 0 0 0 
2 -2 -5 0 0
3 0 0 0 0 
2 -2 -5 0 0
3 0 0 0 0 
2 -2 -5 0 0
3 0 0 0 0 
2 -2 -5 0 0
3 0 0 0 0 
->
2 -2 -6 0 0
: hits 1, misses 0 
2 -2 -5 0 0
3 0 0 0 0 
2 -2 -6 0 0
3 0 0 0 0 
->
2 -2 -5 0 0
: hits 2, misses 0 
2 -2 -5 0 0
3 0 0 0 0 
->
1 -2 -6 0 0
: hits 5, misses 0 
3 0 0 0 0 
1 -2 -6 0 0
3 0 0 0 0 
1 -2 -6 0 0
3 0 0 0 0 
1 -2 -6 0 0
3 0 0 0 0 
1 -2 -6 0 0
->
0 0 -3 0 0 
: hits 1, misses 1 
1 -2 -6 0 0
3 0 0 0 0 
1 -2 -6 0 0
3 0 0 0 0 
1 -2 -6 0 0
3 0 0 0 0 
1 -2 -6 0 0
3 0 0 0 0 
1 -2 -6 0 0
3 0 0 0 0 
1 -2 -6 0 0
0 0 -3 0 0 
0 -2 -6 0 0
0 0 -3 0 0 
0 -2 -6 0 0
0 0 -3 0 0 
0 -2 -6 0 0
0 0 -3 0 0 
0 -2 -6 0 0
0 0 -3 0 0 
0 -2 -6 0 0
0 0 -3 0 0 
0 -2 -6 0 0
0 0 -3 0 0 
0 -2 -6 0 0
0 0 -3 0 0 
0 -2 -6 0 0
0 0 -3 0 0 
0 -2 -6 0 0
0 0 -3 0 0 
0 -2 -6 0 0
0 0 -3 0 0 
->
0 -2 -5 0 0
: hits 1, misses 0 
0 0 -3 0 0 
0 -2 -6 0 0
0 0 -3 0 0 
0 -2 -5 0 0
->
0 0 -3 0 0 
: hits 8, misses 0 
0 -2 -5 0 0
0 0 -3 0 0 
0 -2 -5 0 0
0 0 -3 0 0 
0 -2 -5 0 0
0 0 -3 0 0 
0 -2 -5 0 0
0 0 -3 0 0 
->
0 -2 -4 0 0
: hits 6, misses 1 
0 0 -3 0 0 
0 -2 -5 0 0
0 0 -3 0 0 
0 -2 -5 0 0
0 0 -3 0 0 
0 -2 -4 0 0
0 0 -3 0 0 
0 -2 -4 0 0
->
3 0 0 0 0 
: hits 1, misses 1 
3 0 0 0 0 
0 -2 -4 0 0
3 0 0 0 0 
0 -2 -4 0 0
3 0 0 0 0 
0 -2 -4 0 0
3 0 0 0 0 
0 -2 -4 0 0
->
3 0 0 0 0 
: hits 9, misses 3 
3 0 0 0 0 
0 -2 -4 0 0
->
0 0 -3 0 30 
: hits 1, misses 1 
0 0 -3 0 30 
0 -2 -4 0 30
0 0 -3 0 30 
0 -2 -4 0 30
->
0 0 -3 0 30 
: hits 18, misses 1 
0 0 -3 0 30 
->
-1 -2 -4 0 30
: hits 24, misses 1 
-1 -2 -4 0 30
->
0 0 -3 0 30 
: hits 24, misses 1 
-1 -2 -4 0 30
0 0 -3 0 30 
->
-1 -1 -4 0 30
: hits 3, misses 1 
-1 -1 -4 0 30
0 0 -3 0 30 
0 -1 -4 0 30
0 0 -3 0 30 
->
0 -1 -4 0 30
: hits 1, misses 1 
-1 -2 -4 0 30
0 0 -3 0 30 
-1 -1 -4 0 30
0 0 -3 0 30 
0 -1 -4 0 30
0 0 -3 0 30 
0 -1 -4 0 30
0 0 -3 0 30 
->
0 -1 -4 0 30
: hits 1, misses 0 
0 -1 -4 0 30
0 0 -3 0 30 
0 -1 -4 0 30
0 0 -3 0 30 
0 -1 -4 0 30
0 0 -3 0 30 
0 -1 -4 0 30
0 0 -3 0 30 
->
0 -1 -4 0 30
: hits 3, misses 3 
-1 -2 -4 0 30
0 0 -3 0 30 
-1 -2 -4 0 30
0 0 -3 0 30 
-1 -1 -4 0 30
0 0 -3 0 30 
0 -1 -4 0 30
0 0 -3 0 30 
0 -1 -4 0 30
0 0 -3 0 30 
0 -1 -4 0 30
0 0 -3 0 30 
0 -1 -4 0 30
0 0 -3 0 30 
0 -1 -4 0 30
0 0 -3 0 30 
->
0 -1 -3 0 30
: hits 1, misses 0 
0 0 -3 0 30 
0 -1 -4 0 30
0 0 -3 0 30 
0 -1 -3 0 30
0 0 -3 0 30 
0 -1 -3 0 30
0 0 -3 0 30 
0 -1 -3 0 30
->
0 0 0 0 30 
: hits 1, misses 1 
0 0 0 0 30 
0 -1 -3 0 30
->
0 0 0 0 0 
: hits 2, misses 0 
0 -1 -3 0 30
0 0 0 0 0 
0 -1 -3 0 0
0 0 3 0 0 
0 -1 -3 0 0
0 0 3 0 0 
0 -1 -3 0 0
0 0 3 0 0 
->
0 -1 -2 0 0
: hits 1, misses 1 
0 -1 -3 0 0
0 0 3 0 0 
0 -1 -2 0 0
0 0 3 0 0 
->
0 -1 -3 0 0
: hits 13, misses 3 
0 0 3 0 0 
0 -1 -2 0 0
0 0 3 0 0 
0 -1 -3 0 0
->
0 0 3 0 0 
: hits 10, misses 2 
0 -1 -2 0 0
0 0 3 0 0 
0 -1 -3 0 0
0 0 3 0 0 
->
0 -1 -3 0 0
: hits 13, misses 3 
0 0 3 0 0 
0 -1 -3 0 0
->
3 0 0 0 0 
: hits 5, misses 1 
0 0 3 0 0 
0 -1 -3 0 0
3 0 0 0 0 
->
0 -1 -3 0 0
: hits 6, misses 0 
0 0 3 0 0 
0 -1 -3 0 0
3 0 0 0 0 
0 -1 -3 0 0
3 0 0 0 0 
0 -1 -3 0 0
3 0 0 0 0 
0 -1 -3 0 0
3 0 0 0 0 
3 -2 -5 0 0
3 0 0 0 0 
3 -2 -5 0 0
3 0 0 0 0 
3 -2 -5 0 0
3 0 0 0 0 
->
2 -2 -5 0 0
: hits 2, misses 1 
0 -1 -3 0 0
3 0 0 0 0 
3 -2 -5 0 0
3 0 0 0 0 
3 -2 -5 0 0
3 0 0 0 0 
3 -2 -5 0 0
3 0 0 0 0 
2 -2 -5 0 0
3 0 0 0 0 
2 -2 -5 0 0
3 0 0 0 0 
2 -2 -5 0 0
3 0 0 0 0 
2 -2 -5 0 0
3 0 0 0 0 
->
2 -2 -5 0 0
: hits 2, misses 1 
3 -2 -5 0 0
3 0 0 0 0 
3 -2 -5 0 0
3 0 0 0 0 
3 -2 -5 0 0
3 0 0 0 0 
2 -2 -5 0 0
3 0 0 0 0 
2 -2 -5 0 0
3 0 0 0 0 
2 -2 -5 0 0
3 0 0 0 0 
2 -2 -5 0 0
3 0 0 0 0 
2 -2 -5 0 0
3 0 0 0 0 
->
2 -2 -6 0 0
: hits 3, misses 3 
3 0 0 0 0 
1 -2 -6 0 0
3 0 0 0 0 
1 -2 -6 0 0
3 0 0 0 0 
1 -2 -6 0 0
3 0 0 0 0 
1 -2 -6 0 0
->
3 0 0 0 0 
: hits 27, misses 2 
2 -2 -6 0 0
3 0 0 0 0 
2 -2 -6 0 0
3 0 0 0 0 
1 -2 -6 0 0
3 0 0 0 0 
1 -2 -6 0 0
3 0 0 0 0 
1 -2 -6 0 0
3 0 0 0 0 
1 -2 -6 0 0
3 0 0 0 0 
1 -2 -6 0 0
3 0 0 0 0 
1 -2 -6 0 0
3 0 0 0 0 
->
0 -2 -6 0 0
: hits 2, misses 0 
3 0 0 0 0 
1 -2 -6 0 0
3 0 0 0 0 
0 -2 -6 0 0
3 0 0 0 0 
0 -2 -6 0 0
3 0 0 0 0 
0 -2 -6 0 0
->
3 0 0 0 0 
: hits 5, misses 1 
3 0 0 0 0 
0 -2 -6 0 0
->
0 0 0 0 0 
: hits 3, misses 1 
0 -2 -6 0 0
0 0 0 0 0 
->
0 -2 -6 0 0
: hits 11, misses 0 
0 -2 -6 0 0
0 0 -3 0 0 
->
0 -2 -7 0 0
: hits 5, misses 1 
0 -2 -7 0 0
0 0 -3 0 0 
->
0 -2 -6 0 0
: hits 4, misses 2 
0 -2 -7 0 0
0 0 -3 0 0 
0 -2 -6 0 0
0 0 -3 0 0 
->
0 -2 -6 0 0
: hits 4, misses 0 
0 -2 -6 0 0
3 0 0 0 0 
0 -2 -6 0 0
3 0 0 0 0 
0 -2 -6 0 0
0 0 0 0 0 
0 -2 -6 0 0
0 0 -3 0 0 
0 -2 -6 0 0
0 0 -3 0 0 
0 -2 -6 0 0
0 0 -3 0 0 
0 -2 -7 0 0
0 0 -3 0 0 
0 -2 -6 0 0
0 0 -3 0 0 
0 -2 -6 0 0
0 0 -3 0 0 
0 -2 -6 0 0
0 0 -3 0 0 
0 -2 -6 0 0
0 0 -3 0 0 
0 -2 -6 0 0
0 0 -3 0 0 
0 -2 -6 0 0
0 0 -3 0 0 
0 -2 -6 0 0
0 0 -3 0 0 
0 -2 -6 0 0
0 0 -3 0 0 
0 -2 -6 0 0
0 0 -3 0 0 
->
0 -2 -5 0 0
: hits 1, misses 0 
0 -2 -5 0 0
0 0 -3 0 0 
0 -2 -5 0 0
0 0 -3 0 0 
0 -2 -5 0 0
0 0 -3 0 0 
0 -2 -5 0 0
0 0 -3 0 0 
->
0 -2 -5 0 0
: hits 56, misses 1 
0 -2 -5 0 0
0 0 -3 0 0 
0 -2 -5 0 0
0 0 -3 0 0 
0 -2 -5 0 0
0 0 -3 0 0 
0 -2 -5 0 0
0 0 -3 0 0 
0 -2 -5 0 0
0 0 -3 0 0 
0 -2 -5 0 0
0 0 -3 0 0 
0 -2 -5 0 0
0 0 -3 0 0 
0 -2 -5 0 0
0 0 -3 0 0 
->
0 -2 -4 0 0
: hits 5, misses 2 
0 0 -3 0 0 
0 -2 -5 0 0
0 0 -3 0 0 
0 -2 -5 0 0
0 0 -3 0 0 
0 -2 -4 0 0
0 0 -3 0 0 
0 -2 -4 0 0
->
0 0 -3 0 0 
: hits 3, misses 1 
0 0 -3 0 0 
0 -2 -4 0 0
0 0 -3 0 0 
0 -2 -4 0 0
0 0 -3 0 0 
0 -2 -4 0 0
0 0 -3 0 0 
0 -2 -4 0 0
->
0 0 -3 0 30 
: hits 2, misses 0 
0 0 -3 0 30 
0 -2 -4 0 30
0 0 -3 0 30 
0 -2 -4 0 30
0 0 -3 0 30 
0 -2 -4 0 30
0 0 -3 0 30 
0 -1 -4 0 30
->
3 0 0 0 30 
: hits 1, misses 0 
0 0 -3 0 30 
0 -1 -4 0 30
3 0 0 0 30 
0 -1 -4 0 30
->
3 0 0 0 30 
: hits 2, misses 0 
0 -1 -4 0 30
3 0 0 0 30 
->
0 -1 -3 0 30
: hits 1, misses 1 
3 0 0 0 30 
0 -1 -4 0 30
3 0 0 0 30 
0 -1 -3 0 30
->
3 0 0 0 30 
: hits 1, misses 0 
3 0 0 0 30 
0 -1 -3 0 30
3 0 0 0 30 
0 -1 -3 0 30
->
0 0 -3 0 30 
: hits 1, misses 0 
0 -1 -3 0 30
0 0 -3 0 30 
0 -1 -3 0 30
0 0 -3 0 30 
->
0 -2 -3 0 30
: hits 1, misses 1 
0 0 -3 0 30 
0 -2 -3 0 30
->
3 0 0 0 30 
: hits 1, misses 1 
0 -1 -3 0 30
0 0 -3 0 30 
0 -2 -3 0 30
3 0 0 0 30 
->
0 -2 -3 0 30
: hits 1, misses 0 
0 -2 -3 0 30
3 0 0 0 30 
0 -2 -3 0 30
3 0 0 0 30 
->
0 -2 -3 0 30
: hits 1, misses 0 
3 0 0 0 30 
0 -2 -3 0 30
->
0 0 -3 0 30 
: hits 1, misses 0 
0 -2 -3 0 30
3 0 0 0 30 
0 -2 -3 0 30
0 0 -3 0 30 
0 -1 -3 0 30
0 0 -3 0 30 
0 -1 -3 0 30
0 0 -3 0 30 
->
0 -1 -3 0 30
: hits 1, misses 0 
0 -1 -3 0 0
0 0 3 0 0 
->
0 -2 -3 0 0
: hits 1, misses 1 
0 0 3 0 0 
0 -2 -3 0 0
->
0 0 3 0 0 
: hits 20, misses 0 
0 -2 -3 0 0
0 0 3 0 0 
->
0 -1 -2 0 0
: hits 1, misses 1 
0 -1 -3 0 0
0 0 3 0 0 
0 -2 -3 0 0
0 0 3 0 0 
0 -1 -2 0 0
0 0 3 0 0 
0 -1 -3 0 0
0 0 3 0 0 
->
0 -1 -2 0 0
: hits 1, misses 0 
0 -1 -3 0 0
0 0 3 0 0 
0 -1 -2 0 0
0 0 3 0 0 
->
0 -1 -2 0 0
: hits 4, misses 1 
0 -1 -2 0 0
0 0 3 0 0 
0 -1 -2 0 0
0 0 3 0 0 
->
0 -1 -2 0 0
: hits 12, misses 2 
0 -1 -2 0 0
0 0 3 0 0 
0 -1 -2 0 0
0 0 3 0 0 
->
0 -1 -3 0 0
: hits 6, misses 2 
0 0 0 0 0 
->
0 -1 -3 0 0
: hits 8, misses 1 
0 0 0 0 0 
0 -1 -3 0 0
->
3 0 0 0 0 
: hits 1, misses 1 
0 -1 -3 0 0
3 0 0 0 0 
0 -1 -3 0 0
3 0 0 0 0 
->
0 -1 -2 0 0
: hits 2, misses 1 
0 -1 -2 0 0
3 0 0 0 0 
->
0 -1 -3 0 0
: hits 2, misses 1 
0 -1 -2 0 0
3 0 0 0 0 
0 -1 -3 0 0
3 0 0 0 0 
->
3 -2 -5 0 0
: hits 1, misses 0 
3 -2 -5 0 0
3 0 0 0 0 
3 -2 -5 0 0
3 0 0 0 0 
3 -2 -5 0 0
3 0 0 0 0 
2 -2 -5 0 0
3 0 0 0 0 
2 -2 -5 0 0
3 0 0 0 0 
2 -2 -5 0 0
3 0 0 0 0 
2 -2 -5 0 0
3 0 0 0 0 
2 -2 -5 0 0
3 0 0 0 0 
->
2 -2 -5 0 0
: hits 3, misses 2 
2 -2 -5 0 0
3 0 0 0 0 
2 -2 -5 0 0
3 0 0 0 0 
->
1 -2 -5 0 0
: hits 3, misses 0 
2 -2 -5 0 0
3 0 0 0 0 
2 -2 -5 0 0
3 0 0 0 0 
2 -2 -5 0 0
3 0 0 0 0 
1 -2 -5 0 0
3 0 0 0 0 
1 -2 -6 0 0
3 0 0 0 0 
1 -2 -6 0 0
3 0 0 0 0 
1 -2 -6 0 0
3 0 0 0 0 
1 -2 -6 0 0
3 0 0 0 0 
->
0 -2 -6 0 0
: hits 1, misses 0 
3 0 0 0 0 
0 -2 -6 0 0
3 0 0 0 0 
0 -2 -6 0 0
3 0 0 0 0 
0 -2 -6 0 0
3 0 0 0 0 
0 -2 -6 0 0
->
0 0 -3 0 0 
: hits 5, misses 2 
0 -2 -6 0 0
3 0 0 0 0 
0 -2 -6 0 0
0 0 -3 0 0 
->
0 -2 -7 0 0
: hits 1, misses 1 
0 -2 -7 0 0
0 0 -3 0 0 
->
-1 -2 -7 0 0
: hits 1, misses 1 
-1 -2 -7 0 0
0 0 -3 0 0 
->
-1 -1 -7 0 0
: hits 1, misses 0 
-1 -1 -7 0 0
0 0 -3 0 0 
->
-1 -1 -7 0 0
: hits 5, misses 1 
-1 -1 -7 0 0
0 0 -3 0 0 
->
-1 -1 -6 0 0
: hits 1, misses 0 
-1 -1 -6 0 0
0 0 -3 0 0 
->
-1 -1 -6 0 0
: hits 7, misses 1 
-1 -1 -6 0 0
0 0 -3 0 0 
->
0 -1 -5 0 0
: hits 1, misses 0 
0 -1 -5 0 0
0 0 -3 0 0 
->
0 -1 -5 0 0
: hits 1, misses 1 
0 -1 -5 0 0
0 0 -3 0 0 
->
0 -2 -5 0 0
: hits 1, misses 0 
0 -2 -5 0 0
->
3 0 0 0 30 
: hits 2, misses 0 
3 0 0 0 30 
->
0 -1 -5 0 30
: hits 1, misses 1 
0 -1 -5 0 30
->
0 0 -3 0 30 
: hits 2, misses 0 
0 0 -3 0 30 
->
0 -1 -5 0 30
: hits 1, misses 1 
0 -1 -5 0 30
0 0 -3 0 30 
->
0 -2 -4 0 30
: hits 1, misses 0 
0 -1 -5 0 30
0 0 -3 0 30 
0 -2 -4 0 30
0 0 -3 0 30 
->
0 -1 -4 0 30
: hits 1, misses 0 
3 0 0 0 30 
0 -1 -5 0 30
0 0 -3 0 30 
0 -1 -5 0 30
0 0 -3 0 30 
0 -2 -4 0 30
0 0 -3 0 30 
0 -1 -4 0 30
->
0 0 -3 0 30 
: hits 1, misses 0 
0 -1 -4 0 30
0 0 -3 0 30 
->
-1 -1 -4 0 30
: hits 2, misses 1 
-1 -1 -4 0 30
0 0 -3 0 30 
->
-1 -1 -4 0 30
: hits 14, misses 4 
-1 -1 -4 0 30
->
-3 0 0 0 30 
: hits 1, misses 1 
-3 0 0 0 30 
->
-1 -1 -4 0 30
: hits 1, misses 1 
-3 0 0 0 30 
-1 -1 -4 0 30
->
0 0 -3 0 30 
: hits 1, misses 0 
0 0 -3 0 30 
->
-1 -1 -3 0 30
: hits 3, misses 1 
-1 -1 -3 0 30
->
0 0 -3 0 30 
: hits 2, misses 2 
-1 -1 -3 0 30
->
-3 0 0 0 30 
: hits 4, misses 1 
-3 0 0 0 30 
->
-1 -1 -3 0 30
: hits 5, misses 2 
-1 -1 -3 0 30
->
0 -3 0 0 30 
: hits 1, misses 1 
0 -3 0 0 30 
->
-1 -1 -3 0 30
: hits 1, misses 0 
0 -3 0 0 30 
-1 -1 -3 0 30
->
-3 0 0 0 30 
: hits 1, misses 0 
-3 0 0 0 30 
-1 -1 -3 0 30
->
-3 0 0 0 30 
: hits 2, misses 2 
-1 -1 -3 0 30
->
0 0 0 0 0 
: hits 1, misses 0 
0 0 0 0 0 
->
-1 -1 -3 0 0
: hits 1, misses 1 
-1 -1 -3 0 0
->
0 0 3 0 0 
: hits 3, misses 1 
0 0 3 0 0 
->
-1 -1 -3 0 0
: hits 2, misses 1 
-1 -1 -3 0 0
0 0 3 0 0 
->
-1 -1 -3 0 0
: hits 1, misses 1 
-1 -1 -3 0 0
0 0 3 0 0 
->
0 -2 -2 0 0
: hits 1, misses 0 
0 0 3 0 0 
0 -2 -2 0 0
->
0 0 3 0 0 
: hits 14, misses 0 
-1 -1 -3 0 0
0 0 3 0 0 
0 -2 -2 0 0
0 0 3 0 0 
->
0 -2 -2 0 0
: hits 1, misses 0 
0 -2 -2 0 0
0 0 3 0 0 
0 -2 -2 0 0
0 0 3 0 0 
->
0 -2 -3 0 0
: hits 4, misses 1 
0 -2 -2 0 0
0 0 3 0 0 
0 -2 -3 0 0
0 0 3 0 0 
->
0 -2 -2 0 0
: hits 4, misses 3 
0 -2 -3 0 0
0 0 3 0 0 
0 -2 -2 0 0
0 0 3 0 0 
->
0 -2 -3 0 0
: hits 3, misses 2 
0 -2 -2 0 0
0 0 3 0 0 
0 -2 -3 0 0
0 0 3 0 0 
->
0 -2 -3 0 0
: hits 3, misses 1 
0 -2 -3 0 0
0 0 3 0 0 
0 -2 -3 0 0
0 0 3 0 0 
->
0 -2 -3 0 0
: hits 7, misses 2 
0 -2 -3 0 0
0 0 3 0 0 
0 -2 -3 0 0
0 0 3 0 0 
->
0 -2 -2 0 0
: hits 3, misses 2 
0 -2 -3 0 0
0 0 3 0 0 
0 -2 -2 0 0
0 0 3 0 0 
->
0 -2 -2 0 0
: hits 3, misses 2 
0 -2 -2 0 0
0 0 3 0 0 
0 -2 -2 0 0
0 0 3 0 0 
->
0 -2 -2 0 0
: hits 1, misses 1 
0 -2 -3 0 0
0 0 3 0 0 
0 -2 -2 0 0
0 0 3 0 0 
0 -2 -2 0 0
0 0 3 0 0 
0 -2 -2 0 0
0 0 3 0 0 
->
0 -2 -3 0 0
: hits 1, misses 0 
0 -2 -2 0 0
0 0 3 0 0 
0 -2 -2 0 0
0 0 3 0 0 
0 -2 -2 0 0
0 0 3 0 0 
0 -2 -3 0 0
0 0 3 0 0 
->
0 -2 -2 0 0
: hits 1, misses 0 
0 -2 -2 0 0
0 0 3 0 0 
0 -2 -2 0 0
0 0 3 0 0 
0 -2 -3 0 0
0 0 3 0 0 
0 -2 -2 0 0
0 0 3 0 0 
->
0 -2 -3 0 0
: hits 1, misses 0 
0 -2 -2 0 0
0 0 3 0 0 
0 -2 -3 0 0
0 0 3 0 0 
0 -2 -2 0 0
0 0 3 0 0 
0 -2 -3 0 0
0 0 3 0 0 
->
0 -2 -3 0 0
: hits 1, misses 0 
0 -2 -2 0 0
0 0 3 0 0 
0 -2 -3 0 0
0 0 3 0 0 
0 -2 -3 0 0
0 0 3 0 0 
0 -2 -2 0 0
0 0 3 0 0 
->
0 -2 -3 0 0
: hits 1, misses 0 
0 -2 -3 0 0
0 0 3 0 0 
0 -2 -3 0 0
0 0 3 0 0 
0 -2 -2 0 0
0 0 3 0 0 
0 -2 -3 0 0
0 0 3 0 0 
->
0 -2 -3 0 0
: hits 1, misses 0 
0 -2 -3 0 0
0 0 3 0 0 
0 -2 -2 0 0
0 0 3 0 0 
0 -2 -3 0 0
0 0 3 0 0 
0 -2 -3 0 0
0 0 3 0 0 
->
0 -2 -3 0 0
: hits 1, misses 0 
0 -2 -2 0 0
0 0 3 0 0 
0 -2 -3 0 0
0 0 3 0 0 
0 -2 -3 0 0
0 0 3 0 0 
0 -2 -3 0 0
0 0 3 0 0 
->
0 -2 -2 0 0
: hits 1, misses 0 
0 0 3 0 0 
->
-1 -2 -3 0 0
: hits 3, misses 1 
-1 -2 -3 0 0
->
0 0 3 0 0 
: hits 4, misses 0 
-1 -2 -3 0 0
0 0 3 0 0 
->
0 -2 -3 0 0
: hits 2, misses 2 
0 -2 -3 0 0
0 0 3 0 0 
->
-1 -2 -3 0 0
: hits 1, misses 1 
0 0 3 0 0 
->
-1 -2 -2 0 0
: hits 1, misses 1 
0 0 0 0 0 
->
3 -2 -5 0 0
: hits 5, misses 1 
3 -2 -5 0 0
->
0 0 0 0 0 
: hits 3, misses 1 
3 -2 -5 0 0
0 0 0 0 0 
->
3 -2 -5 0 0
: hits 4, misses 0 
0 0 0 0 0 
3 -2 -5 0 0
->
3 0 0 0 0 
: hits 2, misses 1 
3 -2 -5 0 0
0 0 0 0 0 
3 -2 -5 0 0
3 0 0 0 0 
3 -2 -5 0 0
3 0 0 0 0 
3 -2 -5 0 0
3 0 0 0 0 
3 -2 -5 0 0
3 0 0 0 0 
->
3 -2 -5 0 0
: hits 2, misses 0 
3 -2 -5 0 0
3 0 0 0 0 
3 -2 -5 0 0
3 0 0 0 0 
3 -2 -5 0 0
3 0 0 0 0 
3 -2 -5 0 0
3 0 0 0 0 
3 -2 -5 0 0
3 0 0 0 0 
->
3 -2 -5 0 0
: hits 7, misses 2 
3 -2 -5 0 0
0 0 0 0 0 
3 -2 -5 0 0
3 0 0 0 0 
3 -2 -5 0 0
3 0 0 0 0 
3 -2 -5 0 0
3 0 0 0 0 
3 -2 -5 0 0
3 0 0 0 0 
3 -2 -5 0 0
3 0 0 0 0 
3 -2 -5 0 0
3 0 0 0 0 
->
2 -2 -5 0 0
: hits 1, misses 1 
2 -2 -5 0 0
3 0 0 0 0 
2 -2 -5 0 0
3 0 0 0 0 
->
1 -2 -6 0 0
: hits 2, misses 0 
2 -2 -5 0 0
3 0 0 0 0 
1 -2 -6 0 0
3 0 0 0 0 
1 -2 -6 0 0
3 0 0 0 0 
1 -2 -6 0 0
3 0 0 0 0 
1 -2 -6 0 0
3 0 0 0 0 
1 -2 -6 0 0
3 0 0 0 0 
1 -2 -6 0 0
3 0 0 0 0 
1 -2 -6 0 0
3 0 0 0 0 
->
0 -2 -6 0 0
: hits 1, misses 1 
3 0 0 0 0 
0 -2 -6 0 0
3 0 0 0 0 
0 -2 -6 0 0
->
0 0 0 0 0 
: hits 2, misses 1 
0 0 0 0 0 
0 -2 -6 0 0
->
3 0 0 0 0 
: hits 1, misses 1 
0 0 0 0 0 
0 -2 -6 0 0
3 0 0 0 0 
0 -2 -6 0 0
->
3 0 0 0 0 
: hits 1, misses 0 
3 0 0 0 0 
0 -2 -6 0 0
0 0 0 0 0 
0 -2 -6 0 0
3 0 0 0 0 
0 -2 -6 0 0
3 0 0 0 0 
0 -2 -6 0 0
->
3 0 0 0 0 
: hits 1, misses 0 
0 -2 -6 0 0
3 0 0 0 0 
0 -2 -6 0 0
0 0 -3 0 0 
->
0 -2 -6 0 0
: hits 8, misses 0 
0 -2 -6 0 0
0 0 -3 0 0 
0 -2 -6 0 0
0 0 -3 0 0 
->
0 -2 -7 0 0
: hits 3, misses 1 
0 -2 -6 0 0
0 0 -3 0 0 
0 -2 -7 0 0
0 0 -3 0 0 
->
0 -2 -6 0 0
: hits 1, misses 1 
0 -2 -6 0 0
0 0 -3 0 0 
0 -2 -7 0 0
0 0 -3 0 0 
0 -2 -6 0 0
0 0 -3 0 0 
0 -2 -6 0 0
0 0 -3 0 0 
->
0 -2 -6 0 0
: hits 1, misses 0 
0 0 -3 0 0 
0 -2 -6 0 0
->
3 0 0 0 0 
: hits 3, misses 1 
0 -2 -6 0 0
3 0 0 0 0 
->
0 -2 -5 0 0
: hits 3, misses 1 
3 0 0 0 0 
0 -2 -6 0 0
3 0 0 0 0 
0 -2 -5 0 0
->
3 0 0 0 0 
: hits 2, misses 0 
3 0 0 0 0 
0 -2 -5 0 0
3 0 0 0 0 
0 -2 -5 0 0
->
0 0 -3 0 0 
: hits 6, misses 1 
0 -2 -5 0 0
0 0 -3 0 0 
0 -2 -5 0 0
0 0 -3 0 0 
0 -2 -5 0 0
0 0 -3 0 0 
0 -2 -5 0 0
0 0 -3 0 0 
0 -2 -5 0 0
0 0 -3 0 0 
0 -2 -5 0 0
0 0 -3 0 0 
0 -2 -5 0 0
0 0 -3 0 0 
0 -2 -5 0 0
0 0 -3 0 0 
->
0 -2 -5 0 0
: hits 14, misses 4 
0 0 -3 0 0 
0 -2 -5 0 0
->
3 0 0 0 30 
: hits 1, misses 1 
3 0 0 0 30 
->
0 -2 -5 0 30
: hits 1, misses 1 
0 -2 -5 0 30
->
0 0 -3 0 30 
: hits 4, misses 0 
0 0 -3 0 30 
->
0 -2 -5 0 30
: hits 3, misses 1 
0 0 -3 0 30 
->
-1 -2 -5 0 30
: hits 3, misses 1 
-1 -2 -5 0 30
->
0 0 -3 0 30 
: hits 3, misses 0 
-1 -2 -5 0 30
0 0 -3 0 30 
->
-1 -2 -4 0 30
: hits 1, misses 0 
-1 -2 -4 0 30
0 0 -3 0 30 
->
-1 -2 -4 0 30
: hits 18, misses 1 
-1 -2 -4 0 30
0 0 -3 0 30 
-1 -2 -4 0 30
0 0 -3 0 30 
->
-1 -1 -4 0 30
: hits 1, misses 1 
-1 -1 -4 0 30
0 0 -3 0 30 
->
0 -1 -3 0 30
: hits 1, misses 1 
0 0 -3 0 30 
0 -1 -3 0 30
0 0 -3 0 30 
0 -1 -3 0 30
->
0 0 3 0 0 
: hits 1, misses 1 
0 -1 -3 0 30
0 0 3 0 0 
->
0 -1 -3 0 0
: hits 6, misses 0 
0 0 3 0 0 
0 -1 -3 0 0
3 0 0 0 0 
0 -1 -3 0 0
3 0 0 0 0 
0 -1 -3 0 0
3 0 0 0 0 
->
0 -1 -3 0 0
: hits 6, misses 1 
0 0 3 0 0 
0 -1 -3 0 0
3 0 0 0 0 
0 -1 -3 0 0
3 0 0 0 0 
0 -1 -3 0 0
3 0 0 0 0 
0 -1 -3 0 0
3 0 0 0 0 
3 -2 -5 0 0
3 0 0 0 0 
3 -2 -5 0 0
3 0 0 0 0 
3 -2 -5 0 0
3 0 0 0 0 
->
3 -2 -5 0 0
: hits 1, misses 1 
0 -1 -3 0 0
3 0 0 0 0 
3 -2 -5 0 0
3 0 0 0 0 
3 -2 -5 0 0
3 0 0 0 0 
3 -2 -5 0 0
3 0 0 0 0 
3 -2 -5 0 0
3 0 0 0 0 
2 -2 -5 0 0
3 0 0 0 0 
2 -2 -5 0 0
3 0 0 0 0 
2 -2 -5 0 0
3 0 0 0 0 
->
2 -2 -5 0 0
: hits 1, misses 0 
0 0 3 0 0 
0 -1 -3 0 0
3 0 0 0 0 
0 -1 -3 0 0
3 0 0 0 0 
0 -1 -3 0 0
3 0 0 0 0 
0 -1 -3 0 0
3 0 0 0 0 
3 -2 -5 0 0
3 0 0 0 0 
3 -2 -5 0 0
3 0 0 0 0 
3 -2 -5 0 0
3 0 0 0 0 
3 -2 -5 0 0
3 0 0 0 0 
2 -2 -5 0 0
3 0 0 0 0 
2 -2 -5 0 0
3 0 0 0 0 
2 -2 -5 0 0
3 0 0 0 0 
2 -2 -5 0 0
3 0 0 0 0 
2 -2 -5 0 0
3 0 0 0 0 
->
2 -2 -6 0 0
: hits 1, misses 0 
2 -2 -5 0 0
3 0 0 0 0 
2 -2 -5 0 0
3 0 0 0 0 
2 -2 -5 0 0
3 0 0 0 0 
2 -2 -6 0 0
3 0 0 0 0 
->
1 -2 -6 0 0
: hits 1, misses 1 
2 -2 -5 0 0
3 0 0 0 0 
2 -2 -6 0 0
3 0 0 0 0 
1 -2 -6 0 0
3 0 0 0 0 
1 -2 -6 0 0
3 0 0 0 0 
1 -2 -6 0 0
3 0 0 0 0 
1 -2 -6 0 0
3 0 0 0 0 
1 -2 -6 0 0
3 0 0 0 0 
1 -2 -6 0 0
3 0 0 0 0 
->
0 -2 -6 0 0
: hits 1, misses 0 
3 0 0 0 0 
1 -2 -6 0 0
3 0 0 0 0 
1 -2 -6 0 0
3 0 0 0 0 
0 -2 -6 0 0
3 0 0 0 0 
0 -2 -6 0 0
->
0 0 -3 0 0 
: hits 3, misses 2 
0 0 -3 0 0 
0 -2 -6 0 0
->
0 0 -3 0 0 
: hits 78, misses 1 
2 -2 -6 0 0
3 0 0 0 0 
1 -2 -6 0 0
3 0 0 0 0 
1 -2 -6 0 0
3 0 0 0 0 
1 -2 -6 0 0
3 0 0 0 0 
1 -2 -6 0 0
3 0 0 0 0 
1 -2 -6 0 0
3 0 0 0 0 
1 -2 -6 0 0
3 0 0 0 0 
0 -2 -6 0 0
3 0 0 0 0 
0 -2 -6 0 0
0 0 -3 0 0 
0 -2 -6 0 0
0 0 -3 0 0 
0 -2 -6 0 0
0 0 -3 0 0 
0 -2 -6 0 0
0 0 -3 0 0 
0 -2 -6 0 0
0 0 -3 0 0 
0 -2 -6 0 0
0 0 -3 0 0 
0 -2 -6 0 0
0 0 -3 0 0 
0 -2 -6 0 0
0 0 -3 0 0 
->
0 -2 -6 0 0
: hits 1, misses 0 
1 -2 -6 0 0
3 0 0 0 0 
1 -2 -6 0 0
3 0 0 0 0 
1 -2 -6 0 0
3 0 0 0 0 
1 -2 -6 0 0
3 0 0 0 0 
0 -2 -6 0 0
3 0 0 0 0 
0 -2 -6 0 0
0 0 -3 0 0 
0 -2 -6 0 0
0 0 -3 0 0 
0 -2 -6 0 0
0 0 -3 0 0 
0 -2 -6 0 0
0 0 -3 0 0 
0 -2 -6 0 0
0 0 -3 0 0 
0 -2 -6 0 0
0 0 -3 0 0 
0 -2 -6 0 0
0 0 -3 0 0 
0 -2 -6 0 0
0 0 -3 0 0 
0 -2 -6 0 0
0 0 -3 0 0 
0 -2 -6 0 0
0 0 -3 0 0 
0 -2 -6 0 0
0 0 -3 0 0 
->
0 -2 -5 0 0
: hits 2, misses 0 
0 0 -3 0 0 
0 -2 -5 0 0
0 0 -3 0 0 
0 -2 -5 0 0
0 0 -3 0 0 
0 -2 -5 0 0
0 0 -3 0 0 
0 -2 -5 0 0
->
3 0 0 0 0 
: hits 4, misses 1 
0 -2 -5 0 0
3 0 0 0 0 
0 -2 -5 0 0
3 0 0 0 0 
->
0 -2 -5 0 0
: hits 13, misses 1 
3 0 0 0 0 
0 -2 -5 0 0
3 0 0 0 0 
0 -2 -5 0 0
->
3 0 0 0 0 
: hits 10, misses 2 
3 0 0 0 0 
0 -2 -5 0 0
3 0 0 0 0 
0 -2 -5 0 0
3 0 0 0 0 
0 -2 -5 0 0
3 0 0 0 0 
0 -2 -5 0 0
->
0 0 -3 0 0 
: hits 4, misses 1 
0 0 -3 0 0 
0 -2 -5 0 0
0 0 -3 0 0 
0 -2 -5 0 0
0 0 -3 0 0 
0 -2 -5 0 0
0 0 -3 0 0 
0 -2 -5 0 0
->
0 0 -3 0 0 
: hits 44, misses 2 
0 -2 -5 0 0
0 0 -3 0 0 
0 -2 -5 0 0
0 0 -3 0 0 
0 -2 -5 0 0
0 0 -3 0 0 
0 -2 -5 0 0
3 0 0 0 0 
0 -2 -5 0 0
3 0 0 0 0 
0 -2 -5 0 0
3 0 0 0 0 
0 -2 -5 0 0
3 0 0 0 0 
0 -2 -5 0 0
3 0 0 0 0 
0 -2 -5 0 0
0 0 -3 0 0 
0 -2 -5 0 0
0 0 -3 0 0 
0 -2 -5 0 0
0 0 -3 0 0 
0 -2 -5 0 0
0 0 -3 0 0 
0 -2 -5 0 0
0 0 -3 0 0 
0 -2 -5 0 0
0 0 -3 0 0 
0 -2 -5 0 0
0 0 -3 0 0 
0 -2 -5 0 0
0 0 -3 0 0 
->
0 -2 -4 0 0
: hits 1, misses 0 
0 0 -3 0 0 
0 -2 -5 0 0
0 0 -3 0 0 
0 -2 -5 0 0
0 0 -3 0 0 
0 -2 -4 0 0
0 0 -3 0 0 
0 -2 -4 0 0
->
0 0 -3 0 30 
: hits 1, misses 1 
0 -2 -4 0 0
0 0 -3 0 30 
0 -2 -4 0 30
0 0 -3 0 30 
->
0 -1 -4 0 30
: hits 1, misses 1 
0 -2 -4 0 30
0 0 -3 0 30 
0 -1 -4 0 30
0 0 -3 0 30 
->
0 -1 -4 0 30
: hits 2, misses 0 
0 0 -3 0 30 
0 -1 -4 0 30
0 0 -3 0 30 
0 -1 -4 0 30
->
3 0 0 0 30 
: hits 1, misses 1 
0 -1 -4 0 30
0 0 -3 0 30 
0 -1 -4 0 30
3 0 0 0 30 
->
0 -1 -4 0 30
: hits 1, misses 0 
3 0 0 0 30 
0 -1 -4 0 30
3 0 0 0 30 
0 -1 -4 0 30
->
3 0 0 0 30 
: hits 1, misses 1 
3 0 0 0 30 
0 -1 -4 0 30
->
0 0 -3 0 30 
: hits 1, misses 0 
0 0 -3 0 30 
0 -1 -4 0 30
0 0 -3 0 30 
0 -1 -4 0 30
->
0 0 -3 0 30 
: hits 10, misses 0 
0 -1 -4 0 30
0 0 -3 0 30 
0 -1 -4 0 30
3 0 0 0 30 
0 -1 -4 0 30
3 0 0 0 30 
0 -1 -4 0 30
3 0 0 0 30 
0 -1 -4 0 30
0 0 -3 0 30 
0 -1 -4 0 30
0 0 -3 0 30 
0 -1 -4 0 30
0 0 -3 0 30 
0 -1 -4 0 30
0 0 -3 0 30 
->
0 -1 -4 0 30
: hits 1, misses 0 
0 -1 -4 0 30
3 0 0 0 30 
0 -1 -4 0 30
3 0 0 0 30 
0 -1 -4 0 30
3 0 0 0 30 
0 -1 -4 0 30
0 0 -3 0 30 
0 -1 -4 0 30
0 0 -3 0 30 
0 -1 -4 0 30
0 0 -3 0 30 
0 -1 -4 0 30
0 0 -3 0 30 
0 -1 -4 0 30
0 0 -3 0 30 
->
0 -1 -3 0 30
: hits 1, misses 0 
0 0 -3 0 30 
0 -1 -4 0 30
0 0 -3 0 30 
0 -1 -4 0 30
0 0 -3 0 30 
0 -1 -3 0 30
0 0 -3 0 30 
0 -1 -3 0 30
->
0 0 -3 0 30 
: hits 2, misses 0 
0 0 -3 0 30 
0 -1 -4 0 30
0 0 -3 0 30 
0 -1 -3 0 30
0 0 -3 0 30 
0 -1 -3 0 30
0 0 -3 0 30 
0 -1 -3 0 30
->
0 0 -3 0 30 
: hits 2, misses 0 
0 0 -3 0 30 
0 -1 -3 0 30
0 0 -3 0 30 
0 -1 -3 0 30
0 0 -3 0 30 
0 -1 -3 0 30
0 0 -3 0 30 
0 -1 -3 0 30
->
0 0 -3 0 30 
: hits 4, misses 1 
0 0 -3 0 30 
0 -1 -4 0 30
0 0 -3 0 30 
0 -1 -4 0 30
0 0 -3 0 30 
0 -1 -3 0 30
0 0 -3 0 30 
0 -1 -3 0 30
0 0 -3 0 30 
0 -1 -3 0 30
0 0 -3 0 30 
0 -1 -3 0 30
0 0 -3 0 30 
0 -1 -3 0 30
0 0 -3 0 30 
0 -1 -3 0 30
->
0 0 0 0 0 
: hits 2, misses 0 
0 0 0 0 0 
0 -1 -3 0 0
->
0 0 0 0 0 
: hits 4, misses 2 
0 -1 -3 0 0
0 0 0 0 0 
->
0 -1 -3 0 0
: hits 4, misses 1 
0 0 0 0 0 
0 -1 -3 0 0
0 0 0 0 0 
0 -1 -3 0 0
->
0 0 3 0 0 
: hits 2, misses 0 
0 -1 -3 0 0
0 0 0 0 0 
0 -1 -3 0 0
0 0 3 0 0 
->
0 -1 -2 0 0
: hits 1, misses 1 
0 -1 -3 0 0
0 0 0 0 0 
0 -1 -3 0 0
0 0 0 0 0 
0 -1 -3 0 0
0 0 3 0 0 
0 -1 -2 0 0
0 0 3 0 0 
->
0 -1 -3 0 0
: hits 4, misses 0 
0 -1 -3 0 0
->
0 -3 0 0 0 
: hits 2, misses 1 
0 -3 0 0 0 
->
0 -1 -3 0 0
: hits 3, misses 1 
0 -3 0 0 0 
0 -1 -3 0 0
->
0 0 3 0 0 
: hits 2, misses 1 
0 -1 -3 0 0
0 -3 0 0 0 
0 -1 -3 0 0
0 0 3 0 0 
->
0 -1 -2 0 0
: hits 1, misses 1 
0 -1 -3 0 0
->
-3 0 0 0 0 
: hits 1, misses 1 
-3 0 0 0 0 
->
0 -1 -3 0 0
: hits 2, misses 0 
3 0 0 0 0 
->
0 -1 -3 0 0
: hits 12, misses 1 
3 0 0 0 0 
0 -1 -3 0 0
3 0 0 0 0 
->
0 -1 -3 0 0
: hits 8, misses 0 
3 0 0 0 0 
0 -1 -3 0 0
3 0 0 0 0 
0 -1 -3 0 0
3 0 0 0 0 
0 -1 -3 0 0
3 0 0 0 0 
->
0 -1 -3 0 0
: hits 1, misses 1 
3 0 0 0 0 
0 -1 -3 0 0
3 0 0 0 0 
0 -1 -3 0 0
3 0 0 0 0 
0 -1 -3 0 0
3 0 0 0 0 
0 -1 -3 0 0
3 0 0 0 0 
->
3 -2 -5 0 0
: hits 1, misses 0 
0 -1 -3 0 0
3 0 0 0 0 
0 -1 -3 0 0
3 0 0 0 0 
3 -2 -5 0 0
3 0 0 0 0 
3 -2 -5 0 0
3 0 0 0 0 
->
2 -2 -5 0 0
: hits 2, misses 1 
2 -2 -5 0 0
3 0 0 0 0 
2 -2 -5 0 0
3 0 0 0 0 
2 -2 -5 0 0
3 0 0 0 0 
2 -2 -5 0 0
3 0 0 0 0 
->
1 -2 -5 0 0
: hits 2, misses 1 
1 -2 -5 0 0
3 0 0 0 0 
->
1 -2 -5 0 0
: hits 2, misses 1 
1 -2 -5 0 0
3 0 0 0 0 
1 -2 -5 0 0
3 0 0 0 0 
->
1 -2 -6 0 0
: hits 2, misses 0 
2 -2 -5 0 0
3 0 0 0 0 
2 -2 -5 0 0
3 0 0 0 0 
1 -2 -5 0 0
3 0 0 0 0 
1 -2 -5 0 0
3 0 0 0 0 
1 -2 -6 0 0
3 0 0 0 0 
1 -2 -6 0 0
3 0 0 0 0 
1 -2 -6 0 0
3 0 0 0 0 
1 -2 -6 0 0
3 0 0 0 0 
->
1 -2 -6 0 0
: hits 2, misses 0 
2 -2 -5 0 0
3 0 0 0 0 
1 -2 -5 0 0
3 0 0 0 0 
1 -2 -5 0 0
3 0 0 0 0 
1 -2 -6 0 0
3 0 0 0 0 
1 -2 -6 0 0
3 0 0 0 0 
1 -2 -6 0 0
3 0 0 0 0 
1 -2 -6 0 0
3 0 0 0 0 
1 -2 -6 0 0
3 0 0 0 0 
->
0 -2 -6 0 0
: hits 2, misses 0 
0 0 -3 0 0 
0 -2 -6 0 0
0 0 -3 0 0 
0 -2 -6 0 0
->
3 0 0 0 0 
: hits 2, misses 1 
0 -2 -6 0 0
0 0 -3 0 0 
0 -2 -6 0 0
3 0 0 0 0 
->
0 -2 -6 0 0
: hits 1, misses 1 
0 -2 -6 0 0
3 0 0 0 0 
0 -2 -6 0 0
3 0 0 0 0 
->
0 -2 -5 0 0
: hits 1, misses 1 
0 -2 -6 0 0
0 0 -3 0 0 
0 -2 -6 0 0
0 0 -3 0 0 
0 -2 -6 0 0
3 0 0 0 0 
0 -2 -6 0 0
3 0 0 0 0 
0 -2 -6 0 0
3 0 0 0 0 
0 -2 -5 0 0
3 0 0 0 0 
0 -2 -5 0 0
3 0 0 0 0 
0 -2 -5 0 0
3 0 0 0 0 
0 -2 -5 0 0
0 0 -3 0 0 
0 -2 -5 0 0
0 0 -3 0 0 
0 -2 -5 0 0
0 0 -3 0 0 
0 -2 -5 0 0
0 0 -3 0 0 
0 -2 -5 0 0
0 0 -3 0 0 
0 -2 -5 0 0
0 0 -3 0 0 
0 -2 -5 0 0
0 0 -3 0 0 
0 -2 -5 0 0
0 0 -3 0 0 
->
0 -2 -5 0 0
: hits 1, misses 0 
0 -2 -5 0 0
3 0 0 0 0 
0 -2 -5 0 0
3 0 0 0 0 
0 -2 -5 0 0
0 0 -3 0 0 
0 -2 -5 0 0
0 0 -3 0 0 
0 -2 -5 0 0
0 0 -3 0 0 
0 -2 -5 0 0
0 0 -3 0 0 
0 -2 -5 0 0
0 0 -3 0 0 
0 -2 -5 0 0
0 0 -3 0 0 
0 -2 -5 0 0
0 0 -3 0 0 
0 -2 -5 0 0
0 0 -3 0 0 
0 -2 -5 0 0
0 0 -3 0 0 
0 -2 -5 0 0
0 0 -3 0 0 
0 -2 -5 0 0
0 0 -3 0 0 
0 -2 -5 0 0
0 0 -3 0 0 
0 -2 -5 0 0
0 0 -3 0 0 
0 -2 -5 0 0
0 0 -3 0 0 
->
0 -2 -4 0 0
: hits 1, misses 0 
0 0 -3 0 0 
0 -2 -5 0 0
0 0 -3 0 0 
0 -2 -5 0 0
0 0 -3 0 0 
0 -2 -5 0 0
0 0 -3 0 0 
0 -2 -5 0 0
0 0 -3 0 0 
0 -2 -5 0 0
0 0 -3 0 0 
0 -2 -5 0 0
0 0 -3 0 0 
0 -2 -4 0 0
0 0 -3 0 0 
0 -2 -4 0 0
->
0 0 -3 0 0 
: hits 2, misses 0 
0 -2 -4 0 0
0 0 -3 0 30 
0 -2 -4 0 30
0 0 -3 0 30 
->
0 -2 -4 0 30
: hits 3, misses 0 
0 0 -3 0 0 
0 -2 -4 0 0
0 0 -3 0 0 
0 -2 -4 0 0
0 0 -3 0 30 
0 -2 -4 0 30
0 0 -3 0 30 
0 -2 -4 0 30
->
3 0 0 0 30 
: hits 1, misses 1 
0 -2 -4 0 30
0 0 -3 0 30 
0 -2 -4 0 30
3 0 0 0 30 
->
0 -2 -4 0 30
: hits 3, misses 0 
0 0 -3 0 30 
0 -2 -4 0 30
3 0 0 0 30 
0 -2 -4 0 30
->
3 0 0 0 30 
: hits 3, misses 1 
0 -2 -4 0 30
3 0 0 0 30 
0 -2 -4 0 30
0 0 -3 0 30 
->
0 -1 -4 0 30
: hits 1, misses 1 
0 -1 -4 0 30
0 0 -3 0 30 
->
0 -2 -4 0 30
: hits 1, misses 1 
0 -1 -4 0 30
0 0 -3 0 30 
0 -2 -4 0 30
0 0 -3 0 30 
->
0 -2 -3 0 30
: hits 1, misses 0 
0 0 -3 0 30 
0 -2 -3 0 30
->
0 0 -3 0 30 
: hits 8, misses 1 
0 0 -3 0 30 
0 -1 -4 0 30
0 0 -3 0 30 
0 -1 -4 0 30
0 0 -3 0 30 
0 -2 -4 0 30
0 0 -3 0 30 
0 -2 -3 0 30
0 0 -3 0 30 
0 -1 -3 0 30
0 0 -3 0 30 
0 -1 -3 0 30
0 0 -3 0 30 
0 -1 -3 0 30
0 0 -3 0 30 
0 -1 -3 0 30
->
0 0 0 0 30 
: hits 1, misses 0 
0 0 -3 0 30 
0 -1 -3 0 30
0 0 0 0 30 
0 -1 -3 0 30
->
0 0 0 0 0 
: hits 1, misses 1 
0 0 0 0 30 
0 -1 -3 0 30
0 0 0 0 0 
0 -1 -3 0 0
->
0 0 0 0 0 
: hits 1, misses 0 
0 -1 -3 0 0
0 0 0 0 0 
0 -1 -3 0 0
0 0 3 0 0 
->
0 -1 -3 0 0
: hits 4, misses 0 
0 0 0 0 0 
0 -1 -3 0 0
0 0 3 0 0 
0 -1 -3 0 0
->
0 0 0 0 0 
: hits 1, misses 1 
0 -1 -3 0 0
0 0 3 0 0 
0 -1 -3 0 0
0 0 0 0 0 
->
0 -1 -2 0 0
: hits 1, misses 0 
0 -1 -2 0 0
0 0 3 0 0 
0 -1 -3 0 0
0 0 3 0 0 
0 -1 -3 0 0
0 0 3 0 0 
0 -1 -3 0 0
0 0 3 0 0 
->
0 -1 -2 0 0
: hits 1, misses 1 
0 -1 -2 0 0
0 0 3 0 0 
0 -1 -3 0 0
0 0 3 0 0 
0 -1 -3 0 0
0 0 3 0 0 
0 -1 -3 0 0
0 0 3 0 0 
->
0 -1 -3 0 0
: hits 6, misses 0 
0 -1 -3 0 0
->
0 3 0 0 0 
: hits 1, misses 1 
0 3 0 0 0 
->
0 -1 -3 0 0
: hits 1, misses 1 
0 3 0 0 0 
0 -1 -3 0 0
->
0 0 3 0 0 
: hits 1, misses 0 
0 -1 -3 0 0
3 0 0 0 0 
0 -1 -3 0 0
3 0 0 0 0 
3 -2 -5 0 0
3 0 0 0 0 
3 -2 -5 0 0
3 0 0 0 0 
2 -2 -5 0 0
3 0 0 0 0 
2 -2 -5 0 0
3 0 0 0 0 
2 -2 -5 0 0
3 0 0 0 0 
2 -2 -5 0 0
3 0 0 0 0 
->
2 -2 -5 0 0
: hits 1, misses 0 
0 -1 -3 0 0
3 0 0 0 0 
3 -2 -5 0 0
3 0 0 0 0 
3 -2 -5 0 0
3 0 0 0 0 
2 -2 -5 0 0
3 0 0 0 0 
2 -2 -5 0 0
3 0 0 0 0 
2 -2 -5 0 0
3 0 0 0 0 
2 -2 -5 0 0
3 0 0 0 0 
2 -2 -5 0 0
3 0 0 0 0 
->
2 -2 -6 0 0
: hits 1, misses 0 
3 -2 -5 0 0
3 0 0 0 0 
3 -2 -5 0 0
3 0 0 0 0 
2 -2 -5 0 0
3 0 0 0 0 
2 -2 -5 0 0
3 0 0 0 0 
2 -2 -5 0 0
3 0 0 0 0 
2 -2 -5 0 0
3 0 0 0 0 
2 -2 -5 0 0
3 0 0 0 0 
2 -2 -6 0 0
3 0 0 0 0 
->
2 -2 -6 0 0
: hits 1, misses 1 
3 0 0 0 0 
1 -2 -6 0 0
->
0 0 0 0 0 
: hits 1, misses 1 
1 -2 -6 0 0
0 0 0 0 0 
->
1 -2 -6 0 0
: hits 1, misses 0 
0 0 0 0 0 
1 -2 -6 0 0
3 0 0 0 0 
1 -2 -6 0 0
->
3 0 0 0 0 
: hits 1, misses 0 
1 -2 -6 0 0
0 0 0 0 0 
1 -2 -6 0 0
3 0 0 0 0 
1 -2 -6 0 0
3 0 0 0 0 
1 -2 -6 0 0
3 0 0 0 0 
->
0 -2 -6 0 0
: hits 1, misses 0 
3 0 0 0 0 
1 -2 -6 0 0
3 0 0 0 0 
1 -2 -6 0 0
3 0 0 0 0 
0 -2 -6 0 0
3 0 0 0 0 
0 -2 -6 0 0
->
0 0 0 0 0 
: hits 1, misses 1 
0 0 0 0 0 
0 -2 -6 0 0
->
0 0 0 0 0 
: hits 7, misses 1 
0 0 0 0 0 
0 -2 -6 0 0
0 0 0 0 0 
0 -2 -6 0 0
->
0 0 -3 0 0 
: hits 2, misses 1 
0 0 -3 0 0 
0 -2 -6 0 0
0 0 -3 0 0 
0 -2 -6 0 0
->
0 0 -3 0 0 
: hits 50, misses 2 
0 0 -3 0 0 
0 -2 -6 0 0
->
0 0 0 0 0 
: hits 1, misses 1 
0 0 -3 0 0 
0 -2 -6 0 0
0 0 0 0 0 
0 -2 -6 0 0
->
0 0 0 0 0 
: hits 1, misses 0 
0 0 0 0 0 
0 -2 -6 0 0
0 0 0 0 0 
0 -2 -6 0 0
->
0 0 0 0 0 
: hits 3, misses 1 
0 0 0 0 0 
0 -2 -6 0 0
0 0 0 0 0 
0 -2 -6 0 0
0 0 0 0 0 
0 -2 -6 0 0
0 0 0 0 0 
0 -2 -6 0 0
->
0 0 -3 0 0 
: hits 1, misses 0 
0 0 0 0 0 
0 -2 -6 0 0
0 0 -3 0 0 
0 -2 -6 0 0
->
0 0 -3 0 0 
: hits 1, misses 0 
0 -2 -6 0 0
0 0 0 0 0 
0 -2 -6 0 0
0 0 0 0 0 
0 -2 -6 0 0
0 0 0 0 0 
0 -2 -6 0 0
0 0 -3 0 0 
0 -2 -6 0 0
0 0 -3 0 0 
0 -2 -6 0 0
0 0 -3 0 0 
0 -2 -6 0 0
0 0 -3 0 0 
0 -2 -6 0 0
0 0 -3 0 0 
->
0 -2 -5 0 0
: hits 1, misses 0 
0 0 -3 0 0 
0 -2 -6 0 0
0 0 -3 0 0 
0 -2 -5 0 0
0 0 -3 0 0 
0 -2 -5 0 0
0 0 -3 0 0 
0 -2 -5 0 0
->
3 0 0 0 0 
: hits 1, misses 1 
3 0 0 0 0 
0 -2 -5 0 0
3 0 0 0 0 
0 -2 -5 0 0
3 0 0 0 0 
0 -2 -5 0 0
3 0 0 0 0 
0 -2 -5 0 0
->
3 0 0 0 0 
: hits 1, misses 1 
0 0 -3 0 0 
0 -2 -5 0 0
0 0 -3 0 0 
0 -2 -5 0 0
0 0 -3 0 0 
0 -2 -5 0 0
3 0 0 0 0 
0 -2 -5 0 0
3 0 0 0 0 
0 -2 -5 0 0
3 0 0 0 0 
0 -2 -5 0 0
3 0 0 0 0 
0 -2 -5 0 0
3 0 0 0 0 
0 -2 -5 0 0
->
0 0 -3 0 0 
: hits 1, misses 0 
0 -2 -5 0 0
0 0 -3 0 0 
0 -2 -5 0 0
3 0 0 0 0 
0 -2 -5 0 0
3 0 0 0 0 
0 -2 -5 0 0
3 0 0 0 0 
0 -2 -5 0 0
3 0 0 0 0 
0 -2 -5 0 0
3 0 0 0 0 
0 -2 -5 0 0
0 0 -3 0 0 
0 -2 -5 0 0
0 0 -3 0 0 
0 -2 -5 0 0
0 0 -3 0 0 
0 -2 -5 0 0
0 0 -3 0 0 
0 -2 -5 0 0
0 0 -3 0 0 
0 -2 -5 0 0
0 0 -3 0 0 
0 -2 -5 0 0
0 0 -3 0 0 
0 -2 -5 0 0
0 0 -3 0 0 
0 -2 -5 0 0
0 0 -3 0 0 
0 -2 -5 0 0
0 0 -3 0 0 
->
0 -2 -4 0 0
: hits 1, misses 0 
0 0 -3 0 0 
0 -2 -5 0 0
0 0 -3 0 0 
0 -2 -4 0 0
0 0 -3 0 0 
0 -2 -4 0 0
0 0 -3 0 0 
0 -2 -4 0 0
->
3 0 0 0 0 
: hits 1, misses 0 
3 0 0 0 0 
->
0 -1 -4 0 0
: hits 6, misses 0 
0 -1 -4 0 0
0 0 -3 0 0 
->
0 -1 -4 0 0
: hits 5, misses 0 
0 -1 -4 0 0
->
3 0 0 0 0 
: hits 5, misses 1 
0 -1 -4 0 0
3 0 0 0 0 
->
0 -1 -4 0 0
: hits 4, misses 1 
3 0 0 0 0 
0 -1 -4 0 0
->
0 0 -3 0 0 
: hits 1, misses 1 
0 -1 -4 0 0
->
0 0 0 0 30 
: hits 1, misses 1 
0 -1 -4 0 0
0 0 0 0 30 
->
0 -2 -4 0 30
: hits 1, misses 0 
0 0 0 0 30 
0 -2 -4 0 30
0 0 -3 0 30 
0 -2 -4 0 30
->
3 0 0 0 30 
: hits 2, misses 0 
0 0 -3 0 30 
0 -2 -4 0 30
3 0 0 0 30 
0 -2 -4 0 30
->
0 0 -3 0 30 
: hits 1, misses 1 
0 -2 -4 0 30
3 0 0 0 30 
0 -2 -4 0 30
0 0 -3 0 30 
->
0 -2 -3 0 30
: hits 1, misses 1 
0 -2 -3 0 30
0 0 -3 0 30 
->
0 -1 -4 0 30
: hits 1, misses 1 
0 -2 -3 0 30
0 0 -3 0 30 
0 -1 -4 0 30
0 0 -3 0 30 
->
0 -1 -4 0 30
: hits 1, misses 0 
0 -2 -4 0 30
0 0 -3 0 30 
0 -2 -3 0 30
0 0 -3 0 30 
0 -1 -4 0 30
0 0 -3 0 30 
0 -1 -4 0 30
0 0 -3 0 30 
->
0 -1 -3 0 30
: hits 1, misses 0 
0 0 -3 0 30 
0 -1 -3 0 30
0 0 0 0 0 
0 -1 -3 0 0
->
0 0 3 0 0 
: hits 1, misses 0 
0 0 -3 0 30 
0 -1 -3 0 30
0 0 -3 0 30 
0 -1 -3 0 30
0 0 0 0 0 
0 -1 -3 0 0
0 0 3 0 0 
0 -1 -3 0 0
->
0 0 3 0 0 
: hits 1, misses 1 
0 -1 -3 0 30
0 0 0 0 0 
0 -1 -3 0 0
0 0 3 0 0 
0 -1 -3 0 0
0 0 3 0 0 
0 -1 -3 0 0
0 0 3 0 0 
->
0 -1 -3 0 0
: hits 3, misses 0 
0 -1 -3 0 0
0 0 3 0 0 
0 -1 -3 0 0
0 0 3 0 0 
0 -1 -3 0 0
0 0 3 0 0 
0 -1 -3 0 0
0 0 3 0 0 
->
0 -1 -2 0 0
: hits 2, misses 1 
0 -1 -3 0 0
0 0 3 0 0 
0 -1 -3 0 0
0 0 3 0 0 
0 -1 -3 0 0
0 0 3 0 0 
0 -1 -3 0 0
0 0 3 0 0 
->
0 -1 -3 0 0
: hits 3, misses 1 
0 0 0 0 0 
->
3 -2 -5 0 0
: hits 2, misses 1 
0 0 0 0 0 
3 -2 -5 0 0
->
0 0 0 0 0 
: hits 1, misses 1 
0 0 0 0 0 
3 -2 -5 0 0
0 0 0 0 0 
3 -2 -5 0 0
->
3 0 0 0 0 
: hits 1, misses 0 
0 0 0 0 0 
3 -2 -5 0 0
0 0 0 0 0 
3 -2 -5 0 0
3 0 0 0 0 
3 -2 -5 0 0
3 0 0 0 0 
3 -2 -5 0 0
3 0 0 0 0 
3 -2 -5 0 0
3 0 0 0 0 
3 -2 -5 0 0
3 0 0 0 0 
->
3 -2 -5 0 0
: hits 1, misses 0 
0 0 0 0 0 
3 -2 -5 0 0
0 0 0 0 0 
3 -2 -5 0 0
3 0 0 0 0 
3 -2 -5 0 0
3 0 0 0 0 
3 -2 -5 0 0
3 0 0 0 0 
3 -2 -5 0 0
3 0 0 0 0 
3 -2 -5 0 0
3 0 0 0 0 
3 -2 -5 0 0
3 0 0 0 0 
->
3 -2 -5 0 0
: hits 1, misses 0 
3 -2 -5 0 0
3 0 0 0 0 
3 -2 -5 0 0
3 0 0 0 0 
3 -2 -5 0 0
3 0 0 0 0 
3 -2 -5 0 0
3 0 0 0 0 
2 -2 -5 0 0
3 0 0 0 0 
2 -2 -5 0 0
3 0 0 0 0 
2 -2 -5 0 0
3 0 0 0 0 
2 -2 -5 0 0
3 0 0 0 0 
->
2 -2 -5 0 0
: hits 2, misses 0 
2 -2 -5 0 0
3 0 0 0 0 
2 -2 -5 0 0
3 0 0 0 0 
2 -2 -5 0 0
3 0 0 0 0 
2 -2 -5 0 0
3 0 0 0 0 
->
1 -2 -6 0 0
: hits 1, misses 1 
2 -2 -5 0 0
3 0 0 0 0 
2 -2 -5 0 0
3 0 0 0 0 
2 -2 -5 0 0
3 0 0 0 0 
2 -2 -5 0 0
3 0 0 0 0 
1 -2 -6 0 0
3 0 0 0 0 
1 -2 -6 0 0
3 0 0 0 0 
1 -2 -6 0 0
3 0 0 0 0 
1 -2 -6 0 0
3 0 0 0 0 
->
1 -2 -6 0 0
: hits 1, misses 0 
1 -2 -6 0 0
->
0 -3 0 0 0 
: hits 1, misses 1 
0 -3 0 0 0 
->
1 -2 -6 0 0
: hits 1, misses 1 
0 -3 0 0 0 
1 -2 -6 0 0
->
3 0 0 0 0 
: hits 1, misses 0 
1 -2 -6 0 0
3 0 0 0 0 
1 -2 -6 0 0
0 -3 0 0 0 
1 -2 -6 0 0
3 0 0 0 0 
1 -2 -6 0 0
3 0 0 0 0 
->
0 -2 -6 0 0
: hits 1, misses 0 
0 -2 -6 0 0
3 0 0 0 0 
0 -2 -6 0 0
3 0 0 0 0 
->
0 -2 -6 0 0
: hits 13, misses 0 
3 0 0 0 0 
0 -2 -6 0 0
3 0 0 0 0 
0 -2 -6 0 0
3 0 0 0 0 
0 -2 -6 0 0
3 0 0 0 0 
0 -2 -6 0 0
->
3 0 0 0 0 
: hits 6, misses 2 
3 0 0 0 0 
0 -2 -6 0 0
3 0 0 0 0 
0 -2 -6 0 0
3 0 0 0 0 
0 -2 -6 0 0
3 0 0 0 0 
0 -2 -6 0 0
3 0 0 0 0 
0 -2 -6 0 0
3 0 0 0 0 
0 -2 -6 0 0
3 0 0 0 0 
0 -2 -6 0 0
3 0 0 0 0 
0 -2 -6 0 0
->
0 0 -3 0 0 
: hits 1, misses 0 
0 -2 -6 0 0
0 0 -3 0 0 
0 -2 -6 0 0
0 0 -3 0 0 
0 -2 -6 0 0
0 0 -3 0 0 
0 -2 -6 0 0
0 0 -3 0 0 
->
0 -2 -7 0 0
: hits 1, misses 1 
0 -2 -6 0 0
0 0 -3 0 0 
0 -2 -7 0 0
0 0 -3 0 0 
->
0 -2 -7 0 0
: hits 2, misses 0 
0 -2 -6 0 0
0 0 -3 0 0 
0 -2 -6 0 0
0 0 -3 0 0 
0 -2 -7 0 0
0 0 -3 0 0 
0 -2 -7 0 0
0 0 -3 0 0 
0 -2 -6 0 0
0 0 -3 0 0 
0 -2 -6 0 0
0 0 -3 0 0 
0 -2 -6 0 0
0 0 -3 0 0 
0 -2 -6 0 0
0 0 -3 0 0 
->
0 -2 -6 0 0
: hits 1, misses 0 
0 -2 -6 0 0
3 0 0 0 0 
0 -2 -6 0 0
0 0 -3 0 0 
0 -2 -6 0 0
0 0 -3 0 0 
0 -2 -6 0 0
0 0 -3 0 0 
0 -2 -6 0 0
0 0 -3 0 0 
0 -2 -7 0 0
0 0 -3 0 0 
0 -2 -7 0 0
0 0 -3 0 0 
0 -2 -6 0 0
0 0 -3 0 0 
0 -2 -6 0 0
0 0 -3 0 0 
0 -2 -6 0 0
0 0 -3 0 0 
0 -2 -6 0 0
0 0 -3 0 0 
0 -2 -6 0 0
0 0 -3 0 0 
0 -2 -6 0 0
0 0 -3 0 0 
0 -2 -6 0 0
0 0 -3 0 0 
0 -2 -6 0 0
0 0 -3 0 0 
0 -2 -6 0 0
0 0 -3 0 0 
->
0 -2 -5 0 0
: hits 1, misses 0 
0 0 -3 0 0 
0 -2 -6 0 0
0 0 -3 0 0 
0 -2 -5 0 0
0 0 -3 0 0 
0 -2 -5 0 0
0 0 -3 0 0 
0 -2 -5 0 0
->
0 0 -3 0 0 
: hits 4, misses 0 
0 0 -3 0 0 
0 -2 -5 0 0
->
0 0 -3 0 30 
: hits 1, misses 0 
0 -2 -5 0 0
0 0 -3 0 30 
->
0 -2 -4 0 30
: hits 1, misses 0 
0 0 -3 0 0 
0 -2 -5 0 0
0 0 -3 0 30 
0 -2 -4 0 30
->
3 0 0 0 30 
: hits 1, misses 0 
0 0 -3 0 0 
0 -2 -5 0 0
0 0 -3 0 0 
0 -2 -5 0 0
0 0 -3 0 30 
0 -2 -4 0 30
3 0 0 0 30 
0 -2 -4 0 30
->
3 0 0 0 30 
: hits 1, misses 0 
3 0 0 0 30 
0 -2 -4 0 30
3 0 0 0 30 
0 -2 -4 0 30
->
3 0 0 0 30 
: hits 2, misses 1 
3 0 0 0 30 
0 -2 -4 0 30
3 0 0 0 30 
0 -2 -4 0 30
3 0 0 0 30 
0 -2 -4 0 30
3 0 0 0 30 
0 -2 -4 0 30
->
0 0 -3 0 30 
: hits 1, misses 0 
0 -2 -4 0 30
3 0 0 0 30 
0 -2 -4 0 30
3 0 0 0 30 
0 -2 -4 0 30
3 0 0 0 30 
0 -2 -4 0 30
0 0 -3 0 30 
->
0 -2 -4 0 30
: hits 1, misses 0 
0 -2 -4 0 30
0 0 -3 0 30 
->
-1 -2 -4 0 30
: hits 3, misses 1 
-1 -2 -4 0 30
0 0 -3 0 30 
-1 -2 -4 0 30
0 0 -3 0 30 
->
-1 -2 -4 0 30
: hits 12, misses 2 
-1 -2 -4 0 30
0 0 -3 0 30 
->
0 -2 -3 0 30
: hits 1, misses 1 
-1 -2 -4 0 30
0 0 -3 0 30 
0 -2 -3 0 30
0 0 -3 0 30 
->
0 -2 -3 0 30
: hits 1, misses 0 
0 -2 -3 0 30
0 0 -3 0 30 
0 -2 -3 0 30
0 0 -3 0 30 
->
0 -2 -3 0 30
: hits 3, misses 1 
0 0 -3 0 30 
0 -2 -3 0 30
->
0 0 0 0 30 
: hits 1, misses 1 
0 -2 -3 0 30
0 0 0 0 30 
->
0 -2 -3 0 30
: hits 2, misses 0 
0 0 0 0 30 
0 -2 -3 0 30
->
0 0 0 0 30 
: hits 1, misses 1 
0 -2 -3 0 30
->
0 0 3 0 0 
: hits 1, misses 0 
0 -2 -3 0 30
0 0 3 0 0 
->
0 -1 -3 0 0
: hits 3, misses 0 
0 0 0 0 30 
0 -2 -3 0 30
0 0 3 0 0 
0 -1 -3 0 0
->
0 0 3 0 0 
: hits 1, misses 1 
0 -2 -3 0 30
0 0 -3 0 30 
0 -2 -3 0 30
0 0 0 0 30 
0 -2 -3 0 30
0 0 0 0 30 
0 -2 -3 0 30
0 0 3 0 0 
0 -1 -3 0 0
0 0 3 0 0 
0 -1 -3 0 0
0 0 3 0 0 
0 -1 -3 0 0
0 0 3 0 0 
0 -1 -3 0 0
0 0 3 0 0 
->
0 -1 -2 0 0
: hits 1, misses 0 
0 0 3 0 0 
0 -1 -3 0 0
->
3 0 0 0 0 
: hits 2, misses 1 
0 0 3 0 0 
0 -1 -3 0 0
3 0 0 0 0 
0 -1 -3 0 0
3 0 0 0 0 
0 -1 -3 0 0
3 0 0 0 0 
0 -1 -3 0 0
3 0 0 0 0 
3 -2 -5 0 0
3 0 0 0 0 
3 -2 -5 0 0
3 0 0 0 0 
->
3 -2 -5 0 0
: hits 1, misses 0 
0 0 3 0 0 
0 -1 -3 0 0
3 0 0 0 0 
0 -1 -3 0 0
3 0 0 0 0 
0 -1 -3 0 0
3 0 0 0 0 
0 -1 -3 0 0
3 0 0 0 0 
3 -2 -5 0 0
3 0 0 0 0 
3 -2 -5 0 0
3 0 0 0 0 
3 -2 -5 0 0
3 0 0 0 0 
->
2 -2 -5 0 0
: hits 1, misses 0 
0 -1 -3 0 0
3 0 0 0 0 
3 -2 -5 0 0
3 0 0 0 0 
3 -2 -5 0 0
3 0 0 0 0 
3 -2 -5 0 0
3 0 0 0 0 
2 -2 -5 0 0
3 0 0 0 0 
2 -2 -5 0 0
3 0 0 0 0 
2 -2 -5 0 0
3 0 0 0 0 
2 -2 -5 0 0
3 0 0 0 0 
->
2 -2 -6 0 0
: hits 1, misses 0 
2 -2 -5 0 0
3 0 0 0 0 
2 -2 -5 0 0
3 0 0 0 0 
2 -2 -6 0 0
3 0 0 0 0 
2 -2 -6 0 0
3 0 0 0 0 
->
2 -2 -6 0 0
: hits 1, misses 0 
2 -2 -5 0 0
3 0 0 0 0 
2 -2 -6 0 0
3 0 0 0 0 
2 -2 -6 0 0
3 0 0 0 0 
2 -2 -6 0 0
3 0 0 0 0 
->
1 -2 -6 0 0
: hits 1, misses 0 
2 -2 -6 0 0
3 0 0 0 0 
2 -2 -6 0 0
3 0 0 0 0 
2 -2 -6 0 0
3 0 0 0 0 
1 -2 -6 0 0
3 0 0 0 0 
1 -2 -6 0 0
3 0 0 0 0 
1 -2 -6 0 0
3 0 0 0 0 
1 -2 -6 0 0
3 0 0 0 0 
1 -2 -6 0 0
3 0 0 0 0 
->
1 -2 -6 0 0
: hits 1, misses 0 
3 0 0 0 0 
1 -2 -6 0 0
3 0 0 0 0 
1 -2 -6 0 0
3 0 0 0 0 
0 -2 -6 0 0
3 0 0 0 0 
0 -2 -6 0 0
->
3 0 0 0 0 
: hits 3, misses 1 
3 0 0 0 0 
1 -2 -6 0 0
3 0 0 0 0 
1 -2 -6 0 0
3 0 0 0 0 
1 -2 -6 0 0
3 0 0 0 0 
0 -2 -6 0 0
3 0 0 0 0 
0 -2 -6 0 0
3 0 0 0 0 
0 -2 -6 0 0
3 0 0 0 0 
0 -2 -6 0 0
3 0 0 0 0 
0 -2 -6 0 0
->
0 0 -3 0 0 
: hits 2, misses 0 
0 -2 -6 0 0
3 0 0 0 0 
0 -2 -6 0 0
0 0 -3 0 0 
0 -2 -6 0 0
0 0 -3 0 0 
0 -2 -6 0 0
0 0 -3 0 0 
->
0 -2 -7 0 0
: hits 1, misses 1 
0 -2 -7 0 0
0 0 -3 0 0 
0 -2 -7 0 0
0 0 -3 0 0 
->
0 -2 -7 0 0
: hits 1, misses 1 
0 -2 -7 0 0
0 0 -3 0 0 
0 -2 -7 0 0
0 0 -3 0 0 
->
0 -2 -6 0 0
: hits 1, misses 0 
0 0 -3 0 0 
0 -2 -6 0 0
0 0 -3 0 0 
0 -2 -6 0 0
0 0 -3 0 0 
0 -2 -6 0 0
0 0 -3 0 0 
0 -2 -6 0 0
->
3 0 0 0 0 
: hits 1, misses 1 
0 -2 -6 0 0
0 0 -3 0 0 
0 -2 -6 0 0
3 0 0 0 0 
->
0 -2 -5 0 0
: hits 1, misses 0 
3 0 0 0 0 
0 -2 -5 0 0
0 0 -3 0 0 
0 -2 -5 0 0
->
0 0 0 0 0 
: hits 1, misses 0 
0 -2 -5 0 0
0 0 0 0 0 
->
0 -2 -5 0 0
: hits 1, misses 0 
0 0 -3 0 0 
0 -2 -5 0 0
0 0 0 0 0 
0 -2 -5 0 0
->
0 0 -3 0 0 
: hits 1, misses 0 
0 0 0 0 0 
0 -2 -5 0 0
0 0 -3 0 0 
0 -2 -5 0 0
->
0 0 -3 0 0 
: hits 1, misses 0 
0 0 -3 0 0 
0 -2 -5 0 0
0 0 -3 0 0 
0 -2 -5 0 0
0 0 -3 0 0 
0 -2 -5 0 0
0 0 -3 0 0 
0 -2 -5 0 0
0 0 -3 0 0 
0 -2 -5 0 0
0 0 -3 0 0 
0 -2 -5 0 0
0 0 -3 0 0 
0 -2 -5 0 0
0 0 -3 0 0 
0 -2 -5 0 0
->
3 0 0 0 0 
: hits 3, misses 1 
0 0 -3 0 0 
0 -2 -5 0 0
0 0 -3 0 0 
0 -2 -5 0 0
3 0 0 0 0 
0 -2 -5 0 0
3 0 0 0 0 
0 -2 -5 0 0
->
0 0 -3 0 0 
: hits 1, misses 0 
0 -2 -5 0 0
0 0 -3 0 0 
0 -2 -5 0 0
3 0 0 0 0 
0 -2 -5 0 0
3 0 0 0 0 
0 -2 -5 0 0
0 0 -3 0 0 
->
0 -2 -4 0 0
: hits 1, misses 0 
3 0 0 0 0 
0 -2 -5 0 0
0 0 -3 0 0 
0 -2 -4 0 0
->
0 0 -3 0 30 
: hits 1, misses 0 
0 -2 -4 0 30
0 0 -3 0 30 
0 -2 -4 0 30
0 0 -3 0 30 
->
-1 -2 -4 0 30
: hits 1, misses 1 
0 -2 -4 0 30
0 0 -3 0 30 
-1 -2 -4 0 30
0 0 -3 0 30 
->
-1 -1 -4 0 30
: hits 1, misses 1 
-1 -2 -4 0 30
0 0 -3 0 30 
-1 -1 -4 0 30
0 0 -3 0 30 
->
-1 -1 -4 0 30
: hits 1, misses 0 
-1 -1 -4 0 30
->
3 0 0 0 30 
: hits 1, misses 1 
3 0 0 0 30 
->
-1 -1 -4 0 30
: hits 1, misses 0 
3 0 0 0 30 
-1 -1 -4 0 30
->
0 0 -3 0 30 
: hits 1, misses 0 
-1 -1 -4 0 30
3 0 0 0 30 
-1 -1 -4 0 30
0 0 -3 0 30 
->
0 -1 -4 0 30
: hits 1, misses 0 
-1 -1 -4 0 30
0 0 -3 0 30 
-1 -1 -4 0 30
3 0 0 0 30 
-1 -1 -4 0 30
0 0 -3 0 30 
0 -1 -4 0 30
0 0 -3 0 30 
->
0 -1 -3 0 30
: hits 1, misses 0 
0 -1 -4 0 30
0 0 -3 0 30 
0 -1 -3 0 30
0 0 -3 0 30 
->
0 -1 -4 0 30
: hits 1, misses 1 
0 -1 -3 0 30
0 0 -3 0 30 
0 -1 -4 0 30
0 0 -3 0 30 
->
0 -1 -3 0 30
: hits 1, misses 0 
0 -1 -4 0 30
0 0 -3 0 30 
0 -1 -3 0 30
0 0 -3 0 30 
0 -1 -4 0 30
0 0 -3 0 30 
0 -1 -3 0 30
0 0 -3 0 30 
->
0 -1 -3 0 30
: hits 1, misses 0 
0 -1 -3 0 30
->
-3 0 0 0 30 
: hits 3, misses 1 
-3 0 0 0 30 
->
0 -1 -3 0 30
: hits 3, misses 1 
-3 0 0 0 30 
0 -1 -3 0 30
->
0 0 -3 0 30 
: hits 1, misses 1 
0 0 -3 0 30 
0 -1 -3 0 30
->
-3 0 0 0 30 
: hits 1, misses 1 
0 -1 -3 0 30
->
0 -3 0 0 0 
: hits 1, misses 0 
0 -1 -3 0 30
0 -3 0 0 0 
->
0 -1 -3 0 0
: hits 1, misses 1 
0 -3 0 0 0 
0 -1 -3 0 0
->
0 -3 0 0 0 
: hits 1, misses 1 
0 -3 0 0 0 
0 -1 -3 0 0
0 -3 0 0 0 
0 -1 -3 0 0
->
0 0 3 0 0 
: hits 1, misses 0 
0 -1 -3 0 0
0 -3 0 0 0 
0 -1 -3 0 0
0 0 3 0 0 
->
0 -1 -3 0 0
: hits 2, misses 0 
0 -3 0 0 0 
0 -1 -3 0 0
0 0 3 0 0 
0 -1 -3 0 0
->
0 0 3 0 0 
: hits 1, misses 0 
0 -1 -3 0 0
0 -3 0 0 0 
0 -1 -3 0 0
0 0 3 0 0 
0 -1 -3 0 0
0 0 3 0 0 
0 -1 -3 0 0
0 0 3 0 0 
->
0 -1 -2 0 0
: hits 1, misses 0 
0 -1 -3 0 0
0 0 3 0 0 
0 -1 -3 0 0
0 0 3 0 0 
0 -1 -2 0 0
0 0 3 0 0 
0 -1 -3 0 0
0 0 3 0 0 
->
0 -1 -2 0 0
: hits 1, misses 0 
0 -1 -2 0 0
0 0 3 0 0 
0 -1 -3 0 0
0 0 3 0 0 
0 -1 -2 0 0
0 0 3 0 0 
0 -1 -3 0 0
0 0 3 0 0 
->
0 -1 -2 0 0
: hits 1, misses 0 
0 -1 -3 0 0
0 0 3 0 0 
0 -1 -2 0 0
0 0 3 0 0 
0 -1 -3 0 0
0 0 3 0 0 
0 -1 -2 0 0
0 0 3 0 0 
->
0 -1 -2 0 0
: hits 1, misses 0 
0 -1 -2 0 0
0 0 3 0 0 
0 -1 -3 0 0
0 0 3 0 0 
0 -1 -2 0 0
0 0 3 0 0 
0 -1 -2 0 0
0 0 3 0 0 
->
0 -1 -2 0 0
: hits 1, misses 0 
0 0 3 0 0 
0 -1 -3 0 0
->
3 0 0 0 0 
: hits 1, misses 1 
0 0 3 0 0 
0 -1 -3 0 0
3 0 0 0 0 
0 -1 -3 0 0
3 0 0 0 0 
0 -1 -3 0 0
3 0 0 0 0 
->
0 -1 -2 0 0
: hits 1, misses 0 
0 -1 -2 0 0
3 0 0 0 0 
->
3 -2 -5 0 0
: hits 1, misses 0 
0 -1 -3 0 0
3 0 0 0 0 
0 -1 -3 0 0
3 0 0 0 0 
0 -1 -2 0 0
3 0 0 0 0 
3 -2 -5 0 0
3 0 0 0 0 
3 -2 -5 0 0
3 0 0 0 0 
->
3 -2 -5 0 0
: hits 1, misses 0 
0 -1 -2 0 0
3 0 0 0 0 
3 -2 -5 0 0
3 0 0 0 0 
3 -2 -5 0 0
3 0 0 0 0 
3 -2 -5 0 0
3 0 0 0 0 
2 -2 -5 0 0
3 0 0 0 0 
2 -2 -5 0 0
3 0 0 0 0 
2 -2 -5 0 0
3 0 0 0 0 
2 -2 -5 0 0
3 0 0 0 0 
->
2 -2 -5 0 0
: hits 1, misses 0 
0 0 3 0 0 
0 -1 -3 0 0
3 0 0 0 0 
0 -1 -3 0 0
3 0 0 0 0 
0 -1 -3 0 0
3 0 0 0 0 
0 -1 -2 0 0
3 0 0 0 0 
3 -2 -5 0 0
3 0 0 0 0 
3 -2 -5 0 0
3 0 0 0 0 
3 -2 -5 0 0
3 0 0 0 0 
2 -2 -5 0 0
3 0 0 0 0 
2 -2 -5 0 0
3 0 0 0 0 
2 -2 -5 0 0
3 0 0 0 0 
2 -2 -5 0 0
3 0 0 0 0 
2 -2 -5 0 0
3 0 0 0 0 
->
2 -2 -6 0 0
: hits 1, misses 0 
2 -2 -5 0 0
3 0 0 0 0 
2 -2 -5 0 0
3 0 0 0 0 
2 -2 -5 0 0
3 0 0 0 0 
2 -2 -6 0 0
3 0 0 0 0 
->
2 -2 -5 0 0
: hits 1, misses 0 
2 -2 -6 0 0
3 0 0 0 0 
2 -2 -5 0 0
3 0 0 0 0 
->
1 -2 -6 0 0
: hits 2, misses 0 
2 -2 -5 0 0
3 0 0 0 0 
2 -2 -6 0 0
3 0 0 0 0 
2 -2 -5 0 0
3 0 0 0 0 
1 -2 -6 0 0
3 0 0 0 0 
1 -2 -6 0 0
3 0 0 0 0 
1 -2 -6 0 0
3 0 0 0 0 
1 -2 -6 0 0
3 0 0 0 0 
1 -2 -6 0 0
3 0 0 0 0 
->
0 -2 -6 0 0
: hits 1, misses 0 
3 0 0 0 0 
1 -2 -6 0 0
3 0 0 0 0 
1 -2 -6 0 0
3 0 0 0 0 
1 -2 -6 0 0
3 0 0 0 0 
1 -2 -6 0 0
3 0 0 0 0 
0 -2 -6 0 0
3 0 0 0 0 
0 -2 -6 0 0
3 0 0 0 0 
0 -2 -6 0 0
3 0 0 0 0 
0 -2 -6 0 0
->
3 0 0 0 0 
: hits 1, misses 0 
0 -2 -6 0 0
3 0 0 0 0 
0 -2 -6 0 0
0 0 -3 0 0 
0 -2 -6 0 0
0 0 -3 0 0 
0 -2 -6 0 0
0 0 -3 0 0 
->
0 -2 -6 0 0
: hits 3, misses 0 
0 0 -3 0 0 
0 -2 -6 0 0
0 0 -3 0 0 
0 -2 -6 0 0
0 0 -3 0 0 
0 -2 -6 0 0
0 0 -3 0 0 
0 -2 -6 0 0
->
0 0 -3 0 0 
: hits 18, misses 0 
0 -2 -6 0 0
3 0 0 0 0 
0 -2 -6 0 0
3 0 0 0 0 
0 -2 -6 0 0
3 0 0 0 0 
0 -2 -6 0 0
3 0 0 0 0 
0 -2 -6 0 0
0 0 -3 0 0 
0 -2 -6 0 0
0 0 -3 0 0 
0 -2 -6 0 0
0 0 -3 0 0 
0 -2 -6 0 0
0 0 -3 0 0 
0 -2 -6 0 0
0 0 -3 0 0 
0 -2 -6 0 0
0 0 -3 0 0 
0 -2 -6 0 0
0 0 -3 0 0 
0 -2 -6 0 0
0 0 -3 0 0 
0 -2 -6 0 0
0 0 -3 0 0 
0 -2 -6 0 0
0 0 -3 0 0 
0 -2 -6 0 0
0 0 -3 0 0 
0 -2 -6 0 0
0 0 -3 0 0 
->
0 -2 -5 0 0
: hits 1, misses 0 
0 0 -3 0 0 
0 -2 -5 0 0
0 0 -3 0 0 
0 -2 -5 0 0
0 0 -3 0 0 
0 -2 -5 0 0
0 0 -3 0 0 
0 -2 -5 0 0
0 0 -3 0 0 
0 -2 -5 0 0
0 0 -3 0 0 
0 -2 -5 0 0
0 0 -3 0 0 
0 -2 -5 0 0
0 0 -3 0 0 
0 -2 -5 0 0
->
0 0 -3 0 0 
: hits 4, misses 2 
0 -2 -6 0 0
0 0 -3 0 0 
0 -2 -6 0 0
0 0 -3 0 0 
0 -2 -6 0 0
0 0 -3 0 0 
0 -2 -6 0 0
0 0 -3 0 0 
0 -2 -6 0 0
0 0 -3 0 0 
0 -2 -6 0 0
0 0 -3 0 0 
0 -2 -6 0 0
0 0 -3 0 0 
0 -2 -5 0 0
0 0 -3 0 0 
0 -2 -5 0 0
0 0 -3 0 0 
0 -2 -5 0 0
0 0 -3 0 0 
0 -2 -5 0 0
0 0 -3 0 0 
0 -2 -5 0 0
0 0 -3 0 0 
0 -2 -5 0 0
0 0 -3 0 0 
0 -2 -5 0 0
0 0 -3 0 0 
0 -2 -5 0 0
0 0 -3 0 0 
0 -2 -5 0 0
0 0 -3 0 0 
->
0 -2 -4 0 0
: hits 1, misses 0 
0 0 -3 0 0 
0 -2 -5 0 0
0 0 -3 0 0 
0 -2 -4 0 0
->
3 0 0 0 0 
: hits 1, misses 0 
3 0 0 0 0 
0 -2 -4 0 0
->
0 0 0 0 0 
: hits 1, misses 0 
3 0 0 0 0 
0 -2 -4 0 0
0 0 0 0 0 
0 -2 -4 0 0
->
0 0 0 0 0 
: hits 1, misses 0 
0 0 0 0 0 
0 -2 -4 0 0
0 0 0 0 0 
0 -2 -4 0 0
->
0 0 -3 0 0 
: hits 1, misses 0 
0 0 -3 0 0 
0 -2 -4 0 0
->
0 0 0 0 30 
: hits 1, misses 0 
0 -2 -4 0 0
0 0 0 0 30 
0 -2 -4 0 30
0 0 -3 0 30 
->
0 -2 -4 0 30
: hits 1, misses 0 
0 -2 -4 0 30
3 0 0 0 30 
0 -2 -4 0 30
0 0 -3 0 30 
->
-1 -2 -4 0 30
: hits 1, misses 0 
0 -2 -4 0 30
0 0 -3 0 30 
-1 -2 -4 0 30
0 0 -3 0 30 
->
-1 -2 -4 0 30
: hits 1, misses 0 
-1 -2 -4 0 30
->
0 0 0 0 30 
: hits 1, misses 1 
0 0 0 0 30 
->
-1 -2 -4 0 30
: hits 1, misses 0 
-1 -2 -4 0 30
->
-3 0 0 0 30 
: hits 1, misses 1 
-3 0 0 0 30 
->
-1 -2 -4 0 30
: hits 1, misses 1 
-3 0 0 0 30 
-1 -2 -4 0 30
->
0 0 -3 0 30 
: hits 1, misses 0 
0 0 -3 0 30 
->
-1 -2 -3 0 30
: hits 1, misses 1 
-1 -2 -3 0 30
->
-3 0 0 0 30 
: hits 1, misses 0 
-1 -2 -3 0 30
-3 0 0 0 30 
->
-1 -1 -3 0 30
: hits 1, misses 0 
-1 -1 -3 0 30
->
0 0 -3 0 0 
: hits 1, misses 0 
0 0 -3 0 0 
->
-1 -1 -3 0 0
: hits 1, misses 1 
-1 -1 -3 0 0
->
0 0 0 0 0 
: hits 1, misses 0 
0 0 0 0 0 
->
-1 -2 -3 0 0
: hits 1, misses 1 
-1 -2 -3 0 0
0 0 3 0 0 
->
-1 -2 -3 0 0
: hits 1, misses 1 
-1 -2 -3 0 0
0 0 3 0 0 
-1 -2 -3 0 0
0 0 3 0 0 
->
0 -2 -3 0 0
: hits 1, misses 0 
-1 -2 -3 0 0
0 0 3 0 0 
0 -2 -3 0 0
0 0 3 0 0 
->
0 -2 -3 0 0
: hits 1, misses 0 
-1 -2 -3 0 0
0 0 3 0 0 
-1 -2 -3 0 0
0 0 3 0 0 
0 -2 -3 0 0
0 0 3 0 0 
0 -2 -3 0 0
0 0 3 0 0 
->
0 -2 -3 0 0
: hits 1, misses 0 
0 -3 0 0 0 
->
3 -2 -5 0 0
: hits 1, misses 0 
0 -3 0 0 0 
3 -2 -5 0 0
3 0 0 0 0 
3 -2 -5 0 0
3 0 0 0 0 
3 -2 -5 0 0
3 0 0 0 0 
3 -2 -5 0 0
3 0 0 0 0 
->
3 -2 -5 0 0
: hits 1, misses 0 
0 -3 0 0 0 
3 -2 -5 0 0
3 0 0 0 0 
3 -2 -5 0 0
3 0 0 0 0 
3 -2 -5 0 0
3 0 0 0 0 
3 -2 -5 0 0
3 0 0 0 0 
3 -2 -5 0 0
3 0 0 0 0 
3 -2 -5 0 0
3 0 0 0 0 
3 -2 -5 0 0
3 0 0 0 0 
->
3 -2 -5 0 0
: hits 1, misses 0 
2 -2 -5 0 0
->
0 0 0 0 0 
: hits 1, misses 1 
0 0 0 0 0 
->
2 -2 -6 0 0
: hits 1, misses 1 
3 0 0 0 0 
2 -2 -5 0 0
->
3 0 0 0 0 
: hits 8, misses 0 
2 -2 -5 0 0
3 0 0 0 0 
1 -2 -6 0 0
3 0 0 0 0 
1 -2 -6 0 0
3 0 0 0 0 
1 -2 -6 0 0
3 0 0 0 0 
1 -2 -6 0 0
3 0 0 0 0 
1 -2 -6 0 0
3 0 0 0 0 
1 -2 -6 0 0
3 0 0 0 0 
1 -2 -6 0 0
3 0 0 0 0 
->
1 -2 -6 0 0
: hits 1, misses 0 
1 -2 -6 0 0
3 0 0 0 0 
1 -2 -6 0 0
3 0 0 0 0 
1 -2 -6 0 0
3 0 0 0 0 
1 -2 -6 0 0
3 0 0 0 0 
1 -2 -6 0 0
3 0 0 0 0 
1 -2 -6 0 0
3 0 0 0 0 
1 -2 -6 0 0
3 0 0 0 0 
1 -2 -6 0 0
3 0 0 0 0 
->
0 -2 -6 0 0
: hits 1, misses 0 
3 0 0 0 0 
1 -2 -6 0 0
3 0 0 0 0 
1 -2 -6 0 0
3 0 0 0 0 
1 -2 -6 0 0
3 0 0 0 0 
1 -2 -6 0 0
3 0 0 0 0 
1 -2 -6 0 0
3 0 0 0 0 
1 -2 -6 0 0
3 0 0 0 0 
0 -2 -6 0 0
3 0 0 0 0 
0 -2 -6 0 0
->
0 0 -3 0 0 
: hits 1, misses 0 
0 0 -3 0 0 
0 -2 -6 0 0
0 0 -3 0 0 
0 -2 -6 0 0
0 0 -3 0 0 
0 -2 -6 0 0
0 0 -3 0 0 
0 -2 -6 0 0
0 0 -3 0 0 
0 -2 -6 0 0
0 0 -3 0 0 
0 -2 -6 0 0
0 0 -3 0 0 
0 -2 -6 0 0
0 0 -3 0 0 
0 -2 -5 0 0
0 0 -3 0 0 
0 -2 -5 0 0
0 0 -3 0 0 
0 -2 -5 0 0
0 0 -3 0 0 
0 -2 -5 0 0
0 0 -3 0 0 
0 -2 -5 0 0
0 0 -3 0 0 
0 -2 -5 0 0
0 0 -3 0 0 
0 -2 -5 0 0
0 0 -3 0 0 
0 -2 -5 0 0
0 0 -3 0 0 
0 -2 -5 0 0
->
3 0 0 0 0 
: hits 1, misses 0 
0 -2 -5 0 0
0 0 -3 0 0 
0 -2 -5 0 0
0 0 -3 0 0 
0 -2 -5 0 0
3 0 0 0 0 
0 -2 -5 0 0
3 0 0 0 0 
->
0 -2 -4 0 0
: hits 1, misses 0 
0 0 -3 0 0 
0 -2 -5 0 0
0 0 -3 0 0 
0 -2 -5 0 0
0 0 -3 0 0 
0 -2 -5 0 0
3 0 0 0 0 
0 -2 -5 0 0
3 0 0 0 0 
0 -2 -4 0 0
3 0 0 0 0 
0 -2 -4 0 0
3 0 0 0 0 
0 -2 -4 0 0
3 0 0 0 0 
0 -2 -4 0 0
->
0 0 -3 0 0 
: hits 1, misses 0 
3 0 0 0 0 
0 -2 -4 0 0
0 0 -3 0 0 
0 -2 -4 0 0
->
3 0 0 0 0 
: hits 1, misses 1 
0 0 -3 0 0 
0 -2 -4 0 0
3 0 0 0 0 
0 -2 -4 0 0
->
0 0 -3 0 0 
: hits 1, misses 0 
3 0 0 0 0 
0 -2 -4 0 0
0 0 -3 0 0 
0 -2 -4 0 0
3 0 0 0 0 
0 -2 -4 0 0
0 0 -3 0 0 
0 -2 -4 0 0
->
0 0 -3 0 0 
: hits 1, misses 0 
0 0 -3 0 0 
0 -2 -4 0 0
0 0 -3 0 0 
0 -2 -4 0 0
0 0 -3 0 30 
0 -2 -4 0 30
0 0 -3 0 30 
0 -2 -4 0 30
->
0 0 -3 0 30 
: hits 1, misses 0 
0 -2 -4 0 0
0 0 -3 0 0 
0 -2 -4 0 0
0 0 -3 0 30 
0 -2 -4 0 30
0 0 -3 0 30 
0 -2 -4 0 30
0 0 -3 0 30 
->
0 -2 -4 0 30
: hits 1, misses 0 
0 -2 -4 0 30
0 0 -3 0 30 
0 -2 -4 0 30
0 0 -3 0 30 
->
0 -2 -3 0 30
: hits 1, misses 0 
0 0 -3 0 30 
0 -2 -4 0 30
0 0 -3 0 30 
0 -2 -3 0 30
->
0 0 -3 0 30 
: hits 1, misses 0 
0 -2 -4 0 30
0 0 -3 0 30 
0 -2 -3 0 30
0 0 -3 0 30 
0 -2 -3 0 30
0 0 -3 0 30 
0 -2 -3 0 30
0 0 -3 0 30 
->
0 -1 -3 0 30
: hits 1, misses 0 
0 0 -3 0 30 
0 -2 -3 0 30
0 0 -3 0 30 
0 -1 -3 0 30
->
0 0 3 0 0 
: hits 1, misses 0 
0 -1 -3 0 30
0 0 3 0 0 
0 -1 -3 0 0
0 0 3 0 0 
0 -1 -3 0 0
0 0 3 0 0 
0 -1 -3 0 0
0 0 3 0 0 
->
0 -1 -2 0 0
: hits 1, misses 0 
0 -1 -3 0 0
0 0 3 0 0 
0 -1 -3 0 0
0 0 3 0 0 
0 -1 -3 0 0
0 0 3 0 0 
0 -1 -2 0 0
0 0 3 0 0 
->
0 -1 -2 0 0
: hits 2, misses 0 
0 -1 -3 0 0
0 0 3 0 0 
0 -1 -2 0 0
0 0 3 0 0 
0 -1 -2 0 0
0 0 3 0 0 
0 -1 -2 0 0
0 0 3 0 0 
->
0 -1 -3 0 0
: hits 1, misses 1 
0 0 -3 0 0 
->
3 -2 -5 0 0
: hits 1, misses 0 
3 -2 -5 0 0
->
0 3 0 0 0 
: hits 1, misses 1 
0 3 0 0 0 
->
3 -2 -5 0 0
: hits 1, misses 0 
0 3 0 0 0 
3 -2 -5 0 0
->
3 0 0 0 0 
: hits 1, misses 0 
3 -2 -5 0 0
0 3 0 0 0 
3 -2 -5 0 0
3 0 0 0 0 
3 -2 -5 0 0
3 0 0 0 0 
3 -2 -5 0 0
3 0 0 0 0 
3 -2 -5 0 0
3 0 0 0 0 
->
3 -2 -5 0 0
: hits 1, misses 0 
3 -2 -5 0 0
0 3 0 0 0 
3 -2 -5 0 0
3 0 0 0 0 
3 -2 -5 0 0
3 0 0 0 0 
3 -2 -5 0 0
3 0 0 0 0 
3 -2 -5 0 0
3 0 0 0 0 
3 -2 -5 0 0
3 0 0 0 0 
3 -2 -5 0 0
3 0 0 0 0 
->
2 -2 -5 0 0
: hits 1, misses 0 
0 0 -3 0 0 
3 -2 -5 0 0
3 0 0 0 0 
3 -2 -5 0 0
0 3 0 0 0 
3 -2 -5 0 0
3 0 0 0 0 
3 -2 -5 0 0
3 0 0 0 0 
3 -2 -5 0 0
3 0 0 0 0 
3 -2 -5 0 0
3 0 0 0 0 
3 -2 -5 0 0
3 0 0 0 0 
3 -2 -5 0 0
3 0 0 0 0 
2 -2 -5 0 0
3 0 0 0 0 
2 -2 -5 0 0
3 0 0 0 0 
2 -2 -5 0 0
3 0 0 0 0 
2 -2 -5 0 0
3 0 0 0 0 
2 -2 -5 0 0
3 0 0 0 0 
->
2 -2 -5 0 0
: hits 1, misses 0 
3 -2 -5 0 0
3 0 0 0 0 
2 -2 -5 0 0
3 0 0 0 0 
2 -2 -5 0 0
3 0 0 0 0 
2 -2 -5 0 0
3 0 0 0 0 
2 -2 -5 0 0
3 0 0 0 0 
2 -2 -5 0 0
3 0 0 0 0 
2 -2 -5 0 0
3 0 0 0 0 
2 -2 -5 0 0
3 0 0 0 0 
->
1 -2 -5 0 0
: hits 1, misses 0 
2 -2 -5 0 0
3 0 0 0 0 
1 -2 -5 0 0
3 0 0 0 0 
->
1 -2 -5 0 0
: hits 1, misses 0 
3 0 0 0 0 
1 -2 -5 0 0
3 0 0 0 0 
1 -2 -6 0 0
3 0 0 0 0 
1 -2 -6 0 0
3 0 0 0 0 
1 -2 -6 0 0
3 0 0 0 0 
1 -2 -6 0 0
3 0 0 0 0 
1 -2 -6 0 0
3 0 0 0 0 
0 -2 -6 0 0
3 0 0 0 0 
0 -2 -6 0 0
->
3 0 0 0 0 
: hits 1, misses 0 
3 0 0 0 0 
1 -2 -6 0 0
3 0 0 0 0 
1 -2 -6 0 0
3 0 0 0 0 
1 -2 -6 0 0
3 0 0 0 0 
1 -2 -6 0 0
3 0 0 0 0 
1 -2 -6 0 0
3 0 0 0 0 
0 -2 -6 0 0
3 0 0 0 0 
0 -2 -6 0 0
3 0 0 0 0 
0 -2 -6 0 0
->
0 0 -3 0 0 
: hits 1, misses 0 
0 -2 -6 0 0
0 0 -3 0 0 
->
0 -1 -6 0 0
: hits 1, misses 1 
0 -1 -6 0 0
0 0 -3 0 0 
->
0 -2 -6 0 0
: hits 1, misses 0 
0 -1 -6 0 0
0 0 -3 0 0 
0 -2 -6 0 0
0 0 -3 0 0 
->
0 -2 -6 0 0
: hits 1, misses 0 
0 -1 -6 0 0
0 0 -3 0 0 
0 -2 -6 0 0
0 0 -3 0 0 
0 -2 -6 0 0
0 0 -3 0 0 
0 -2 -6 0 0
0 0 -3 0 0 
->
0 -2 -5 0 0
: hits 1, misses 0 
0 0 -3 0 0 
0 -2 -6 0 0
0 0 -3 0 0 
0 -2 -6 0 0
0 0 -3 0 0 
0 -2 -6 0 0
0 0 -3 0 0 
0 -1 -6 0 0
0 0 -3 0 0 
0 -2 -6 0 0
0 0 -3 0 0 
0 -2 -6 0 0
0 0 -3 0 0 
0 -2 -6 0 0
0 0 -3 0 0 
0 -2 -5 0 0
0 0 -3 0 0 
0 -2 -5 0 0
0 0 -3 0 0 
0 -2 -5 0 0
0 0 -3 0 0 
0 -2 -5 0 0
0 0 -3 0 0 
0 -2 -5 0 0
0 0 -3 0 0 
0 -2 -5 0 0
0 0 -3 0 0 
0 -2 -5 0 0
0 0 -3 0 0 
0 -2 -5 0 0
0 0 -3 0 0 
0 -2 -5 0 0
->
3 0 0 0 0 
: hits 1, misses 0 
3 0 0 0 0 
->
0 -1 -5 0 0
: hits 1, misses 0 
0 -1 -5 0 0
->
3 0 0 0 0 
: hits 1, misses 0 
3 0 0 0 0 
0 -1 -4 0 0
->
3 0 0 0 0 
: hits 4, misses 0 
0 -1 -4 0 0
3 0 0 0 0 
->
0 -2 -4 0 0
: hits 1, misses 0 
3 0 0 0 0 
0 -1 -4 0 0
3 0 0 0 0 
0 -2 -4 0 0
->
3 0 0 0 0 
: hits 1, misses 0 
3 0 0 0 0 
0 -1 -4 0 0
3 0 0 0 0 
0 -2 -4 0 0
3 0 0 0 0 
0 -2 -4 0 0
3 0 0 0 0 
0 -2 -4 0 0
->
0 0 -3 0 0 
: hits 1, misses 0 
0 -2 -4 0 0
0 0 -3 0 0 
->
0 -1 -4 0 0
: hits 1, misses 0 
0 0 -3 0 0 
0 -1 -4 0 0
->
0 0 -3 0 0 
: hits 2, misses 2 
0 -1 -4 0 0
->
0 0 0 0 0 
: hits 1, misses 1 
0 0 0 0 0 
->
0 -1 -4 0 0
: hits 1, misses 0 
0 0 0 0 0 
0 -1 -4 0 0
->
0 0 -3 0 0 
: hits 1, misses 0 
0 -1 -4 0 0
->
0 0 -3 0 30 
: hits 1, misses 0 
0 -1 -4 0 0
0 0 -3 0 30 
->
0 -1 -4 0 30
: hits 1, misses 0 
0 -1 -4 0 0
0 0 -3 0 30 
0 -1 -4 0 30
0 0 -3 0 30 
->
0 -1 -4 0 30
: hits 1, misses 0 
0 -1 -4 0 0
0 0 -3 0 0 
0 -1 -4 0 0
0 0 -3 0 30 
0 -1 -4 0 30
0 0 -3 0 30 
0 -1 -4 0 30
0 0 -3 0 30 
->
0 -1 -4 0 30
: hits 1, misses 0 
0 -1 -4 0 0
0 0 -3 0 0 
0 -1 -4 0 0
0 0 0 0 0 
0 -1 -4 0 0
0 0 -3 0 0 
0 -1 -4 0 0
0 0 -3 0 30 
0 -1 -4 0 30
0 0 -3 0 30 
0 -1 -4 0 30
0 0 -3 0 30 
0 -1 -4 0 30
0 0 -3 0 30 
0 -1 -4 0 30
0 0 -3 0 30 
->
0 -1 -4 0 30
: hits 1, misses 0 
0 -1 -4 0 30
0 0 -3 0 30 
0 -1 -4 0 30
0 0 -3 0 30 
->
-1 -1 -4 0 30
: hits 1, misses 0 
-1 -1 -4 0 30
0 0 -3 0 30 
-1 -1 -4 0 30
0 0 -3 0 30 
->
0 -1 -4 0 30
: hits 1, misses 0 
0 0 -3 0 30 
-1 -1 -4 0 30
0 0 -3 0 30 
0 -1 -4 0 30
0 0 -3 0 30 
0 -1 -3 0 30
0 0 -3 0 30 
0 -1 -3 0 30
->
0 0 0 0 30 
: hits 1, misses 0 
0 0 0 0 30 
0 -1 -3 0 30
->
-3 0 0 0 30 
: hits 1, misses 0 
0 -1 -3 0 30
-3 0 0 0 30 
->
0 -1 -3 0 30
: hits 1, misses 0 
0 -1 -3 0 30
->
-3 0 0 0 0 
: hits 1, misses 0 
-3 0 0 0 0 
0 -1 -3 0 0
->
0 0 3 0 0 
: hits 1, misses 0 
-3 0 0 0 0 
0 -1 -3 0 0
0 0 3 0 0 
0 -1 -3 0 0
->
0 0 3 0 0 
: hits 1, misses 0 
0 -1 -3 0 30
-3 0 0 0 0 
0 -1 -3 0 0
0 0 3 0 0 
0 -1 -3 0 0
0 0 3 0 0 
0 -1 -3 0 0
0 0 3 0 0 
->
0 -1 -2 0 0
: hits 1, misses 0 
0 -1 -3 0 0
0 0 3 0 0 
0 -1 -3 0 0
0 0 3 0 0 
0 -1 -2 0 0
0 0 3 0 0 
0 -1 -2 0 0
0 0 3 0 0 
->
0 -1 -2 0 0
: hits 1, misses 0 
0 -1 -3 0 0
0 0 3 0 0 
0 -1 -2 0 0
0 0 3 0 0 
0 -1 -2 0 0
0 0 3 0 0 
0 -1 -2 0 0
0 0 3 0 0 
->
0 -1 -2 0 0
: hits 1, misses 0 
