3 0 0 0 0 
->
6 -4 -11 0 0
: hits 18, misses 5 
6 -4 -11 0 0
->
3 0 0 0 0 
: hits 18, misses 0 
3 0 0 0 0 
->
5 -4 -11 0 0
: hits 16, misses 4 
5 -4 -11 0 0
->
3 0 0 0 0 
: hits 16, misses 0 
3 0 0 0 0 
->
4 -4 -11 0 0
: hits 11, misses 3 
4 -4 -11 0 0
->
3 0 0 0 0 
: hits 11, misses 0 
3 0 0 0 0 
->
4 -4 -12 0 0
: hits 6, misses 2 
4 -4 -12 0 0
->
3 0 0 0 0 
: hits 6, misses 0 
3 0 0 0 0 
->
3 -4 -12 0 0
: hits 10, misses 3 
3 -4 -12 0 0
->
3 0 0 0 0 
: hits 9, misses 1 
3 0 0 0 0 
->
2 -4 -12 0 0
: hits 9, misses 2 
2 -4 -12 0 0
->
3 0 0 0 0 
: hits 9, misses 0 
3 0 0 0 0 
->
2 -5 -12 0 0
: hits 4, misses 1 
2 -5 -12 0 0
->
3 0 0 0 0 
: hits 4, misses 1 
3 0 0 0 0 
->
1 -5 -12 0 0
: hits 6, misses 2 
1 -5 -12 0 0
->
3 0 0 0 0 
: hits 5, misses 1 
3 0 0 0 0 
->
1 -5 -13 0 0
: hits 3, misses 1 
1 -5 -13 0 0
->
3 0 0 0 0 
: hits 2, misses 1 
3 0 0 0 0 
->
0 -4 -13 0 0
: hits 7, misses 1 
0 -4 -13 0 0
->
3 0 0 0 0 
: hits 6, misses 1 
0 -4 -13 0 0
->
0 0 -3 0 0 
: hits 17, misses 1 
0 0 -3 0 0 
->
0 -4 -13 0 0
: hits 16, misses 2 
0 0 -3 0 0 
->
-1 -4 -13 0 0
: hits 4, misses 1 
-1 -4 -13 0 0
->
0 0 -3 0 0 
: hits 4, misses 0 
-1 -4 -13 0 0
0 0 -3 0 0 
->
0 -4 -13 0 0
: hits 1, misses 2 
0 0 -3 0 0 
->
0 -4 -12 0 0
: hits 10, misses 2 
0 -4 -12 0 0
->
0 0 -3 0 0 
: hits 10, misses 0 
0 0 -3 0 0 
->
0 -4 -11 0 0
: hits 15, misses 2 
0 -4 -11 0 0
->
0 0 -3 0 0 
: hits 15, misses 0 
0 0 -3 0 0 
->
0 -4 -10 0 0
: hits 16, misses 2 
0 -4 -10 0 0
->
0 0 -3 0 0 
: hits 15, misses 1 
0 0 -3 0 0 
->
0 -4 -9 0 0
: hits 9, misses 2 
0 -4 -9 0 0
->
0 0 -3 0 0 
: hits 7, misses 1 
0 -4 -9 0 0
->
0 0 0 0 30 
: hits 1, misses 1 
0 0 0 0 30 
->
0 -4 -9 0 30
: hits 1, misses 1 
0 -4 -9 0 30
->
3 0 0 0 30 
: hits 1, misses 1 
3 0 0 0 30 
->
0 -4 -9 0 30
: hits 1, misses 1 
0 -4 -9 0 30
->
0 0 0 0 30 
: hits 1, misses 1 
0 0 0 0 30 
->
0 -4 -8 0 30
: hits 1, misses 1 
0 -4 -8 0 30
->
3 0 0 0 30 
: hits 6, misses 2 
3 0 0 0 30 
->
0 -4 -8 0 30
: hits 5, misses 2 
3 0 0 0 30 
->
0 -3 -8 0 30
: hits 2, misses 1 
0 -3 -8 0 30
->
3 0 0 0 30 
: hits 1, misses 1 
0 -3 -8 0 30
->
0 0 -3 0 30 
: hits 1, misses 0 
0 0 -3 0 30 
->
0 -4 -8 0 30
: hits 5, misses 2 
0 -4 -8 0 30
->
0 0 -3 0 30 
: hits 5, misses 1 
0 0 -3 0 30 
->
-1 -4 -8 0 30
: hits 9, misses 3 
-1 -4 -8 0 30
->
0 0 -3 0 30 
: hits 10, misses 1 
0 0 -3 0 30 
->
-1 -3 -8 0 30
: hits 6, misses 2 
-1 -3 -8 0 30
->
0 0 -3 0 30 
: hits 5, misses 1 
-1 -3 -8 0 30
->
3 0 0 0 30 
: hits 1, misses 1 
3 0 0 0 30 
->
-1 -3 -7 0 30
: hits 2, misses 1 
-1 -3 -7 0 30
->
3 0 0 0 30 
: hits 1, misses 1 
-1 -3 -7 0 30
->
0 0 -3 0 30 
: hits 10, misses 1 
0 0 -3 0 30 
->
-1 -3 -7 0 30
: hits 12, misses 3 
0 0 -3 0 30 
->
0 -3 -7 0 30
: hits 1, misses 1 
0 -3 -7 0 30
->
0 0 -3 0 30 
: hits 1, misses 0 
0 0 -3 0 30 
->
0 -3 -6 0 30
: hits 2, misses 1 
0 -3 -6 0 30
->
0 0 -3 0 30 
: hits 3, misses 0 
0 0 -3 0 30 
->
-1 -3 -6 0 30
: hits 3, misses 2 
-1 -3 -6 0 30
->
3 0 0 0 0 
: hits 1, misses 1 
3 0 0 0 0 
->
-1 -3 -6 0 0
: hits 9, misses 2 
-1 -3 -6 0 0
->
0 0 0 0 0 
: hits 2, misses 1 
0 0 0 0 0 
->
-1 -3 -6 0 0
: hits 1, misses 1 
-1 -3 -6 0 0
->
0 0 3 0 0 
: hits 29, misses 2 
0 0 3 0 0 
->
-1 -3 -6 0 0
: hits 34, misses 4 
0 0 -3 0 0 
->
-1 -3 -6 0 0
: hits 1, misses 1 
-1 -3 -6 0 0
->
3 0 0 0 0 
: hits 11, misses 1 
3 0 0 0 0 
->
0 -3 -7 0 0
: hits 3, misses 1 
0 -3 -7 0 0
->
3 0 0 0 0 
: hits 2, misses 1 
0 -3 -7 0 0
3 0 0 0 0 
->
6 -4 -11 0 0
: hits 1, misses 1 
6 -4 -11 0 0
3 0 0 0 0 
->
5 -4 -11 0 0
: hits 4, misses 2 
5 -4 -11 0 0
3 0 0 0 0 
->
5 -4 -11 0 0
: hits 9, misses 2 
5 -4 -11 0 0
3 0 0 0 0 
->
4 -4 -11 0 0
: hits 4, misses 1 
4 -4 -11 0 0
3 0 0 0 0 
->
4 -4 -11 0 0
: hits 4, misses 3 
3 0 0 0 0 
->
4 -5 -11 0 0
: hits 1, misses 1 
4 -5 -11 0 0
->
3 0 0 0 0 
: hits 1, misses 0 
3 0 0 0 0 
->
3 -4 -11 0 0
: hits 2, misses 1 
3 -4 -11 0 0
->
3 0 0 0 0 
: hits 2, misses 0 
3 -4 -11 0 0
3 0 0 0 0 
->
3 -4 -12 0 0
: hits 1, misses 0 
3 -4 -12 0 0
->
0 0 0 0 0 
: hits 1, misses 1 
0 0 0 0 0 
->
2 -5 -12 0 0
: hits 1, misses 1 
2 -5 -12 0 0
->
0 0 -3 0 0 
: hits 2, misses 1 
0 0 -3 0 0 
->
2 -5 -12 0 0
: hits 1, misses 1 
0 0 -3 0 0 
->
1 -5 -12 0 0
: hits 5, misses 1 
1 -5 -12 0 0
->
0 0 -3 0 0 
: hits 6, misses 1 
1 -5 -12 0 0
0 0 -3 0 0 
->
1 -5 -12 0 0
: hits 3, misses 3 
0 0 -3 0 0 
->
1 -4 -12 0 0
: hits 1, misses 1 
1 -4 -12 0 0
->
0 0 -3 0 0 
: hits 1, misses 1 
0 0 -3 0 0 
->
1 -5 -11 0 0
: hits 1, misses 1 
1 -5 -11 0 0
->
0 0 -3 0 0 
: hits 1, misses 0 
0 0 -3 0 0 
->
1 -4 -11 0 0
: hits 4, misses 1 
1 -4 -11 0 0
->
0 0 -3 0 0 
: hits 4, misses 0 
1 -4 -11 0 0
0 0 -3 0 0 
->
1 -4 -11 0 0
: hits 2, misses 2 
0 0 -3 0 0 
->
2 -4 -11 0 0
: hits 1, misses 1 
2 -4 -11 0 0
->
0 0 -3 0 0 
: hits 1, misses 0 
0 0 -3 0 0 
->
2 -4 -10 0 0
: hits 5, misses 1 
2 -4 -10 0 0
->
0 0 -3 0 0 
: hits 5, misses 0 
2 -4 -10 0 0
0 0 -3 0 0 
->
2 -4 -10 0 0
: hits 4, misses 1 
0 0 -3 0 0 
->
2 -4 -9 0 0
: hits 3, misses 1 
2 -4 -9 0 0
->
0 0 -3 0 0 
: hits 2, misses 1 
2 -4 -9 0 0
0 0 -3 0 0 
->
2 -4 -9 0 0
: hits 2, misses 0 
2 -4 -9 0 0
->
3 0 0 0 0 
: hits 2, misses 0 
3 0 0 0 0 
->
2 -4 -9 0 0
: hits 1, misses 1 
3 0 0 0 0 
->
2 -4 -8 0 0
: hits 4, misses 2 
2 -4 -8 0 0
->
3 0 0 0 0 
: hits 4, misses 0 
3 0 0 0 0 
->
1 -4 -8 0 0
: hits 5, misses 1 
1 -4 -8 0 0
->
3 0 0 0 0 
: hits 3, misses 1 
1 -4 -8 0 0
->
0 0 -3 0 0 
: hits 4, misses 1 
0 0 -3 0 0 
->
1 -4 -8 0 0
: hits 3, misses 1 
1 -4 -8 0 0
0 0 -3 0 0 
->
1 -4 -8 0 0
: hits 2, misses 1 
0 0 -3 0 0 
->
0 -4 -8 0 0
: hits 6, misses 1 
0 -4 -8 0 0
->
0 0 -3 0 0 
: hits 6, misses 1 
0 -4 -8 0 0
0 0 -3 0 0 
->
0 -4 -8 0 0
: hits 5, misses 1 
0 -4 -8 0 0
->
0 0 -3 0 30 
: hits 1, misses 1 
0 -4 -8 0 0
0 0 -3 0 30 
->
0 -4 -8 0 30
: hits 1, misses 0 
0 0 -3 0 30 
0 -4 -8 0 30
->
3 0 0 0 30 
: hits 1, misses 1 
0 -4 -8 0 30
3 0 0 0 30 
->
0 -4 -8 0 30
: hits 2, misses 2 
3 0 0 0 30 
->
0 -4 -7 0 30
: hits 3, misses 1 
0 -4 -7 0 30
->
3 0 0 0 30 
: hits 3, misses 1 
0 -4 -7 0 30
3 0 0 0 30 
->
0 -4 -8 0 30
: hits 2, misses 1 
3 0 0 0 30 
0 -4 -8 0 30
->
0 0 -3 0 30 
: hits 1, misses 1 
0 0 -3 0 30 
->
0 -4 -7 0 30
: hits 3, misses 1 
0 -4 -7 0 30
->
0 0 -3 0 30 
: hits 3, misses 2 
0 0 -3 0 30 
->
-1 -4 -7 0 30
: hits 5, misses 2 
-1 -4 -7 0 30
->
0 0 -3 0 30 
: hits 5, misses 0 
-1 -4 -7 0 30
0 0 -3 0 30 
->
-1 -3 -7 0 30
: hits 2, misses 0 
-1 -3 -7 0 30
->
0 0 0 0 30 
: hits 2, misses 1 
0 0 0 0 30 
->
-1 -3 -6 0 30
: hits 4, misses 1 
-1 -3 -6 0 30
->
0 0 -3 0 30 
: hits 1, misses 1 
-1 -3 -6 0 30
0 0 -3 0 30 
->
-1 -3 -6 0 30
: hits 1, misses 0 
-1 -3 -6 0 30
->
0 0 3 0 0 
: hits 1, misses 1 
0 0 3 0 0 
-1 -3 -6 0 0
->
0 0 3 0 0 
: hits 17, misses 1 
0 0 3 0 0 
->
-1 -4 -5 0 0
: hits 3, misses 1 
-1 -4 -5 0 0
->
0 0 3 0 0 
: hits 3, misses 1 
0 0 3 0 0 
->
-1 -4 -6 0 0
: hits 5, misses 1 
-1 -4 -6 0 0
->
0 0 3 0 0 
: hits 3, misses 1 
-1 -4 -6 0 0
0 0 3 0 0 
->
-1 -4 -5 0 0
: hits 1, misses 1 
-1 -4 -5 0 0
0 0 3 0 0 
->
-1 -4 -5 0 0
: hits 1, misses 1 
-1 -4 -5 0 0
0 0 3 0 0 
->
-1 -4 -6 0 0
: hits 2, misses 1 
-1 -4 -6 0 0
0 0 3 0 0 
->
-1 -4 -6 0 0
: hits 3, misses 1 
-1 -4 -6 0 0
->
3 0 0 0 0 
: hits 2, misses 0 
3 0 0 0 0 
->
-1 -4 -5 0 0
: hits 2, misses 1 
-1 -4 -5 0 0
->
3 0 0 0 0 
: hits 2, misses 0 
3 0 0 0 0 
->
-1 -4 -6 0 0
: hits 1, misses 1 
-1 -4 -6 0 0
3 0 0 0 0 
->
-1 -4 -5 0 0
: hits 1, misses 0 
-1 -4 -5 0 0
3 0 0 0 0 
->
6 -4 -11 0 0
: hits 1, misses 0 
6 -4 -11 0 0
3 0 0 0 0 
->
6 -4 -11 0 0
: hits 6, misses 1 
6 -4 -11 0 0
3 0 0 0 0 
6 -4 -11 0 0
3 0 0 0 0 
->
5 -4 -11 0 0
: hits 3, misses 2 
6 -4 -11 0 0
3 0 0 0 0 
5 -4 -11 0 0
3 0 0 0 0 
->
5 -4 -11 0 0
: hits 3, misses 0 
5 -4 -11 0 0
3 0 0 0 0 
5 -4 -11 0 0
3 0 0 0 0 
->
4 -4 -11 0 0
: hits 3, misses 2 
4 -4 -11 0 0
3 0 0 0 0 
->
4 -4 -12 0 0
: hits 2, misses 1 
4 -4 -12 0 0
3 0 0 0 0 
->
4 -4 -12 0 0
: hits 3, misses 2 
4 -4 -12 0 0
3 0 0 0 0 
->
3 -4 -12 0 0
: hits 2, misses 1 
3 0 0 0 0 
3 -4 -12 0 0
->
3 0 0 0 0 
: hits 5, misses 1 
3 -4 -12 0 0
3 0 0 0 0 
->
3 -4 -12 0 0
: hits 3, misses 2 
3 -4 -12 0 0
3 0 0 0 0 
->
2 -4 -12 0 0
: hits 3, misses 1 
2 -4 -12 0 0
3 0 0 0 0 
->
2 -4 -12 0 0
: hits 5, misses 2 
2 -4 -12 0 0
3 0 0 0 0 
->
2 -5 -12 0 0
: hits 2, misses 1 
3 0 0 0 0 
2 -5 -12 0 0
->
3 0 0 0 0 
: hits 2, misses 0 
2 -5 -12 0 0
3 0 0 0 0 
->
1 -5 -12 0 0
: hits 2, misses 0 
3 0 0 0 0 
1 -5 -12 0 0
->
3 0 0 0 0 
: hits 3, misses 1 
1 -5 -12 0 0
3 0 0 0 0 
->
1 -5 -12 0 0
: hits 2, misses 1 
3 0 0 0 0 
1 -5 -12 0 0
->
0 0 -3 0 0 
: hits 1, misses 1 
0 0 -3 0 0 
->
1 -5 -13 0 0
: hits 2, misses 1 
1 -5 -13 0 0
->
0 0 -3 0 0 
: hits 3, misses 1 
1 -5 -13 0 0
0 0 -3 0 0 
->
1 -5 -13 0 0
: hits 1, misses 2 
0 0 -3 0 0 
->
0 -5 -13 0 0
: hits 4, misses 1 
0 -5 -13 0 0
->
0 0 -3 0 0 
: hits 4, misses 0 
0 -5 -13 0 0
0 0 -3 0 0 
->
0 -4 -13 0 0
: hits 2, misses 1 
0 -4 -13 0 0
0 0 -3 0 0 
->
0 -4 -13 0 0
: hits 7, misses 2 
0 -4 -13 0 0
0 0 -3 0 0 
->
0 -4 -12 0 0
: hits 2, misses 1 
0 -4 -12 0 0
0 0 -3 0 0 
->
0 -4 -12 0 0
: hits 5, misses 2 
0 -4 -12 0 0
0 0 -3 0 0 
->
0 -4 -11 0 0
: hits 2, misses 1 
0 -4 -11 0 0
0 0 -3 0 0 
->
0 -4 -11 0 0
: hits 7, misses 3 
0 -4 -11 0 0
0 0 -3 0 0 
->
1 -4 -11 0 0
: hits 1, misses 1 
0 0 -3 0 0 
->
1 -4 -10 0 0
: hits 3, misses 1 
1 -4 -10 0 0
->
0 0 -3 0 0 
: hits 2, misses 1 
1 -4 -10 0 0
->
3 0 0 0 0 
: hits 2, misses 0 
3 0 0 0 0 
->
1 -4 -10 0 0
: hits 1, misses 1 
3 0 0 0 0 
->
1 -4 -9 0 0
: hits 2, misses 1 
1 -4 -9 0 0
->
3 0 0 0 0 
: hits 2, misses 1 
1 -4 -9 0 0
->
0 0 -3 0 0 
: hits 5, misses 1 
0 0 -3 0 0 
->
1 -4 -9 0 0
: hits 5, misses 1 
1 -4 -9 0 0
0 0 -3 0 0 
->
0 -4 -9 0 0
: hits 1, misses 1 
0 0 -3 0 0 
0 -4 -9 0 0
->
0 0 -3 0 0 
: hits 6, misses 1 
0 -4 -9 0 0
0 0 -3 0 0 
->
0 -4 -9 0 0
: hits 5, misses 1 
0 -4 -9 0 0
->
3 0 0 0 0 
: hits 2, misses 0 
3 0 0 0 0 
->
0 -4 -9 0 0
: hits 1, misses 1 
3 0 0 0 0 
->
0 -4 -8 0 0
: hits 1, misses 1 
0 -4 -8 0 0
->
0 0 0 0 0 
: hits 1, misses 1 
0 0 0 0 0 
->
0 -4 -8 0 0
: hits 1, misses 1 
0 0 0 0 0 
0 -4 -8 0 0
->
0 0 -3 0 0 
: hits 1, misses 0 
0 0 -3 0 0 
->
0 -4 -7 0 0
: hits 2, misses 1 
0 -4 -7 0 0
->
0 0 -3 0 0 
: hits 1, misses 1 
0 -4 -7 0 0
->
3 0 0 0 0 
: hits 2, misses 0 
3 0 0 0 0 
->
0 -4 -7 0 0
: hits 1, misses 1 
0 -4 -7 0 0
3 0 0 0 0 
->
0 -3 -7 0 0
: hits 1, misses 0 
0 -3 -7 0 0
3 0 0 0 0 
->
0 -3 -7 0 0
: hits 1, misses 0 
0 -3 -7 0 0
->
3 0 0 0 30 
: hits 1, misses 0 
3 0 0 0 30 
->
0 -3 -6 0 30
: hits 1, misses 1 
0 -3 -6 0 30
0 0 -3 0 30 
->
0 -3 -6 0 30
: hits 1, misses 1 
0 0 -3 0 30 
->
0 -4 -6 0 30
: hits 2, misses 1 
0 -4 -6 0 30
->
0 0 -3 0 30 
: hits 2, misses 0 
0 -4 -6 0 30
0 0 -3 0 30 
->
-1 -3 -7 0 30
: hits 1, misses 0 
0 0 -3 0 30 
-1 -3 -7 0 30
->
0 0 -3 0 30 
: hits 8, misses 2 
-1 -3 -7 0 30
0 0 -3 0 30 
->
-1 -3 -6 0 30
: hits 1, misses 1 
-1 -3 -6 0 30
->
0 0 0 0 30 
: hits 3, misses 1 
-1 -3 -6 0 30
->
0 0 0 0 0 
: hits 1, misses 0 
0 0 0 0 0 
->
-1 -3 -5 0 0
: hits 7, misses 2 
-1 -3 -5 0 0
->
0 0 0 0 0 
: hits 6, misses 3 
-1 -3 -5 0 0
->
3 0 0 0 0 
: hits 1, misses 1 
3 0 0 0 0 
->
-1 -3 -5 0 0
: hits 1, misses 1 
3 0 0 0 0 
-1 -3 -5 0 0
->
0 0 0 0 0 
: hits 1, misses 0 
0 0 0 0 0 
->
-2 -3 -5 0 0
: hits 5, misses 2 
-2 -3 -5 0 0
->
0 0 0 0 0 
: hits 4, misses 1 
0 0 0 0 0 
->
-2 -2 -5 0 0
: hits 2, misses 1 
-2 -2 -5 0 0
->
3 0 0 0 0 
: hits 1, misses 1 
3 0 0 0 0 
->
-2 -2 -5 0 0
: hits 1, misses 1 
-2 -2 -5 0 0
->
0 0 0 0 0 
: hits 2, misses 0 
-2 -2 -5 0 0
0 0 0 0 0 
->
-2 -3 -5 0 0
: hits 1, misses 0 
-2 -3 -5 0 0
0 0 0 0 0 
->
-2 -3 -5 0 0
: hits 2, misses 0 
-2 -3 -5 0 0
->
0 0 3 0 0 
: hits 1, misses 0 
0 0 3 0 0 
->
-1 -3 -5 0 0
: hits 8, misses 1 
-1 -3 -5 0 0
->
0 0 3 0 0 
: hits 8, misses 1 
-1 -3 -5 0 0
0 0 3 0 0 
->
-1 -3 -6 0 0
: hits 6, misses 1 
-1 -3 -6 0 0
0 0 3 0 0 
->
-1 -3 -5 0 0
: hits 3, misses 2 
-1 -3 -6 0 0
0 0 3 0 0 
->
-1 -3 -6 0 0
: hits 12, misses 2 
0 0 3 0 0 
-1 -3 -6 0 0
->
0 0 0 0 0 
: hits 1, misses 1 
-1 -3 -6 0 0
0 0 0 0 0 
->
-1 -3 -5 0 0
: hits 1, misses 0 
0 0 0 0 0 
-1 -3 -5 0 0
->
0 0 0 0 0 
: hits 1, misses 1 
0 0 0 0 0 
-1 -3 -5 0 0
->
0 0 3 0 0 
: hits 1, misses 0 
0 0 0 0 0 
-1 -3 -5 0 0
0 0 3 0 0 
-1 -3 -6 0 0
->
0 0 3 0 0 
: hits 1, misses 1 
-1 -3 -5 0 0
0 0 3 0 0 
-1 -3 -6 0 0
0 0 3 0 0 
->
-1 -3 -5 0 0
: hits 1, misses 0 
0 0 3 0 0 
-1 -3 -5 0 0
->
0 0 3 0 0 
: hits 5, misses 0 
0 0 3 0 0 
->
-1 -3 -6 0 0
: hits 13, misses 1 
0 0 3 0 0 
-1 -3 -6 0 0
->
3 0 0 0 0 
: hits 2, misses 1 
-1 -3 -6 0 0
3 0 0 0 0 
->
-1 -3 -6 0 0
: hits 6, misses 2 
3 0 0 0 0 
-1 -3 -6 0 0
->
3 0 0 0 0 
: hits 6, misses 0 
-1 -3 -6 0 0
3 0 0 0 0 
->
6 -4 -11 0 0
: hits 2, misses 1 
-1 -3 -6 0 0
3 0 0 0 0 
6 -4 -11 0 0
3 0 0 0 0 
->
6 -4 -11 0 0
: hits 2, misses 0 
6 -4 -11 0 0
3 0 0 0 0 
6 -4 -11 0 0
3 0 0 0 0 
->
6 -4 -11 0 0
: hits 2, misses 1 
-1 -3 -6 0 0
3 0 0 0 0 
6 -4 -11 0 0
3 0 0 0 0 
6 -4 -11 0 0
3 0 0 0 0 
6 -4 -11 0 0
3 0 0 0 0 
->
5 -4 -11 0 0
: hits 2, misses 0 
5 -4 -11 0 0
3 0 0 0 0 
5 -4 -11 0 0
3 0 0 0 0 
->
5 -4 -11 0 0
: hits 2, misses 1 
6 -4 -11 0 0
3 0 0 0 0 
5 -4 -11 0 0
3 0 0 0 0 
5 -4 -11 0 0
3 0 0 0 0 
5 -4 -11 0 0
3 0 0 0 0 
->
4 -4 -11 0 0
: hits 2, misses 0 
5 -4 -11 0 0
3 0 0 0 0 
4 -4 -11 0 0
3 0 0 0 0 
->
4 -4 -11 0 0
: hits 1, misses 1 
3 0 0 0 0 
->
4 -5 -12 0 0
: hits 1, misses 1 
4 -5 -12 0 0
->
3 0 0 0 0 
: hits 1, misses 0 
4 -5 -12 0 0
3 0 0 0 0 
->
3 -4 -12 0 0
: hits 1, misses 0 
4 -5 -12 0 0
3 0 0 0 0 
3 -4 -12 0 0
3 0 0 0 0 
->
3 -4 -12 0 0
: hits 1, misses 0 
3 -4 -12 0 0
3 0 0 0 0 
3 -4 -12 0 0
3 0 0 0 0 
->
2 -4 -12 0 0
: hits 1, misses 0 
3 0 0 0 0 
2 -5 -12 0 0
3 0 0 0 0 
1 -5 -12 0 0
->
3 0 0 0 0 
: hits 1, misses 0 
1 -5 -12 0 0
3 0 0 0 0 
->
1 -5 -13 0 0
: hits 1, misses 0 
3 0 0 0 0 
1 -5 -13 0 0
->
3 0 0 0 0 
: hits 1, misses 1 
1 -5 -13 0 0
3 0 0 0 0 
->
1 -5 -13 0 0
: hits 1, misses 0 
3 0 0 0 0 
1 -5 -13 0 0
->
0 0 -3 0 0 
: hits 1, misses 0 
1 -5 -13 0 0
0 0 -3 0 0 
->
0 -5 -13 0 0
: hits 1, misses 0 
0 -5 -13 0 0
0 0 -3 0 0 
->
0 -5 -13 0 0
: hits 2, misses 1 
0 -5 -13 0 0
0 0 -3 0 0 
0 -5 -13 0 0
0 0 -3 0 0 
->
0 -4 -13 0 0
: hits 1, misses 0 
0 -5 -13 0 0
0 0 -3 0 0 
0 -4 -13 0 0
0 0 -3 0 0 
->
0 -4 -13 0 0
: hits 1, misses 0 
0 -4 -13 0 0
0 0 -3 0 0 
0 -4 -13 0 0
0 0 -3 0 0 
->
0 -4 -12 0 0
: hits 1, misses 0 
0 -4 -13 0 0
0 0 -3 0 0 
0 -4 -12 0 0
0 0 -3 0 0 
->
0 -4 -12 0 0
: hits 1, misses 0 
0 -4 -12 0 0
0 0 -3 0 0 
0 -4 -12 0 0
0 0 -3 0 0 
->
0 -4 -11 0 0
: hits 1, misses 0 
0 -4 -12 0 0
0 0 -3 0 0 
0 -4 -11 0 0
0 0 -3 0 0 
->
0 -4 -11 0 0
: hits 1, misses 0 
0 -4 -11 0 0
0 0 -3 0 0 
->
0 -4 -10 0 0
: hits 2, misses 1 
0 -4 -10 0 0
0 0 -3 0 0 
->
0 -4 -10 0 0
: hits 8, misses 1 
0 -4 -10 0 0
0 0 -3 0 0 
->
0 -4 -9 0 0
: hits 1, misses 1 
0 -4 -9 0 0
0 0 -3 0 0 
->
1 -4 -9 0 0
: hits 1, misses 0 
1 -4 -9 0 0
0 0 -3 0 0 
->
1 -4 -9 0 0
: hits 1, misses 0 
0 0 -3 0 0 
1 -4 -9 0 0
->
3 0 0 0 0 
: hits 1, misses 0 
1 -4 -9 0 0
3 0 0 0 0 
->
1 -4 -8 0 0
: hits 1, misses 0 
3 0 0 0 0 
1 -4 -8 0 0
->
3 0 0 0 0 
: hits 2, misses 1 
1 -4 -8 0 0
3 0 0 0 0 
->
1 -4 -8 0 0
: hits 2, misses 0 
1 -4 -8 0 0
->
0 0 0 0 30 
: hits 1, misses 0 
0 0 0 0 30 
->
1 -4 -8 0 30
: hits 1, misses 1 
1 -4 -8 0 30
->
3 0 0 0 30 
: hits 1, misses 0 
3 0 0 0 30 
->
1 -4 -7 0 30
: hits 1, misses 1 
1 -4 -7 0 30
->
3 0 0 0 30 
: hits 1, misses 0 
1 -4 -7 0 30
3 0 0 0 30 
->
0 -4 -7 0 30
: hits 1, misses 0 
0 -4 -7 0 30
->
0 0 0 0 30 
: hits 1, misses 1 
0 0 0 0 30 
->
0 -4 -7 0 30
: hits 1, misses 1 
0 0 0 0 30 
0 -4 -7 0 30
->
3 0 0 0 30 
: hits 1, misses 0 
0 -4 -7 0 30
3 0 0 0 30 
->
0 -4 -7 0 30
: hits 1, misses 1 
3 0 0 0 30 
0 -4 -7 0 30
->
3 0 0 0 30 
: hits 1, misses 0 
0 -4 -7 0 30
3 0 0 0 30 
0 -4 -7 0 30
3 0 0 0 30 
->
0 -4 -8 0 30
: hits 1, misses 0 
3 0 0 0 30 
0 -4 -8 0 30
->
3 0 0 0 30 
: hits 1, misses 0 
3 0 0 0 30 
->
-1 -4 -8 0 30
: hits 1, misses 0 
-1 -4 -8 0 30
0 0 -3 0 30 
->
-1 -4 -8 0 30
: hits 7, misses 1 
-1 -4 -8 0 30
->
0 0 0 0 30 
: hits 1, misses 1 
0 0 0 0 30 
->
-1 -4 -8 0 30
: hits 1, misses 1 
0 0 0 0 30 
-1 -4 -8 0 30
->
0 0 -3 0 30 
: hits 1, misses 0 
-1 -4 -8 0 30
0 0 -3 0 30 
->
-1 -4 -7 0 30
: hits 1, misses 0 
-1 -3 -7 0 30
0 0 -3 0 30 
->
-1 -3 -7 0 30
: hits 6, misses 0 
-1 -3 -7 0 30
->
0 0 3 0 0 
: hits 2, misses 0 
0 0 3 0 0 
->
-1 -3 -7 0 0
: hits 1, misses 1 
-1 -3 -7 0 0
->
0 0 3 0 0 
: hits 1, misses 0 
-1 -3 -7 0 0
0 0 3 0 0 
->
-1 -3 -6 0 0
: hits 2, misses 0 
0 0 3 0 0 
-1 -3 -7 0 0
0 0 3 0 0 
-1 -3 -6 0 0
->
0 0 3 0 0 
: hits 1, misses 1 
-1 -3 -7 0 0
0 0 3 0 0 
-1 -3 -6 0 0
0 0 3 0 0 
->
-1 -3 -6 0 0
: hits 2, misses 0 
0 0 3 0 0 
->
-1 -3 -6 0 0
: hits 4, misses 0 
0 0 3 0 0 
-1 -3 -6 0 0
->
3 0 0 0 0 
: hits 1, misses 1 
0 0 3 0 0 
-1 -3 -6 0 0
3 0 0 0 0 
->
-1 -3 -6 0 0
: hits 1, misses 0 
-1 -3 -6 0 0
3 0 0 0 0 
-1 -3 -6 0 0
3 0 0 0 0 
->
6 -4 -11 0 0
: hits 1, misses 0 
-1 -3 -6 0 0
3 0 0 0 0 
-1 -3 -6 0 0
3 0 0 0 0 
6 -4 -11 0 0
3 0 0 0 0 
6 -4 -11 0 0
3 0 0 0 0 
->
6 -4 -11 0 0
: hits 1, misses 0 
6 -4 -11 0 0
3 0 0 0 0 
6 -4 -11 0 0
3 0 0 0 0 
5 -4 -11 0 0
3 0 0 0 0 
5 -4 -11 0 0
3 0 0 0 0 
->
5 -4 -11 0 0
: hits 1, misses 0 
5 -4 -11 0 0
3 0 0 0 0 
4 -4 -11 0 0
3 0 0 0 0 
->
4 -4 -12 0 0
: hits 1, misses 0 
4 -4 -11 0 0
3 0 0 0 0 
4 -4 -12 0 0
3 0 0 0 0 
->
4 -4 -12 0 0
: hits 1, misses 0 
4 -4 -12 0 0
3 0 0 0 0 
4 -4 -12 0 0
3 0 0 0 0 
->
3 -4 -12 0 0
: hits 1, misses 0 
3 -4 -12 0 0
->
0 0 -3 0 0 
: hits 1, misses 1 
0 0 -3 0 0 
->
3 -4 -12 0 0
: hits 1, misses 1 
0 0 -3 0 0 
3 -4 -12 0 0
->
3 0 0 0 0 
: hits 1, misses 0 
3 -4 -12 0 0
3 0 0 0 0 
2 -4 -12 0 0
3 0 0 0 0 
->
2 -4 -12 0 0
: hits 1, misses 0 
3 0 0 0 0 
->
1 -4 -12 0 0
: hits 2, misses 1 
1 -4 -12 0 0
->
3 0 0 0 0 
: hits 2, misses 0 
3 0 0 0 0 
->
1 -4 -13 0 0
: hits 1, misses 1 
1 -4 -13 0 0
->
3 0 0 0 0 
: hits 1, misses 0 
1 -4 -13 0 0
3 0 0 0 0 
->
0 -4 -13 0 0
: hits 1, misses 0 
3 0 0 0 0 
0 -4 -13 0 0
->
3 0 0 0 0 
: hits 5, misses 0 
0 -4 -13 0 0
3 0 0 0 0 
->
0 -4 -13 0 0
: hits 4, misses 1 
3 0 0 0 0 
->
0 -4 -14 0 0
: hits 1, misses 0 
0 -4 -14 0 0
->
0 0 -3 0 0 
: hits 2, misses 0 
0 0 -3 0 0 
->
0 -4 -14 0 0
: hits 1, misses 1 
0 0 -3 0 0 
->
-1 -4 -14 0 0
: hits 2, misses 1 
-1 -4 -14 0 0
->
0 0 -3 0 0 
: hits 2, misses 0 
0 0 -3 0 0 
->
-2 -4 -14 0 0
: hits 3, misses 1 
-2 -4 -14 0 0
->
0 0 -3 0 0 
: hits 3, misses 0 
0 0 -3 0 0 
->
-2 -4 -13 0 0
: hits 1, misses 1 
-2 -4 -13 0 0
->
0 0 -3 0 0 
: hits 1, misses 0 
-2 -4 -13 0 0
0 0 -3 0 0 
->
-1 -4 -13 0 0
: hits 1, misses 0 
-1 -4 -13 0 0
0 0 -3 0 0 
->
-1 -4 -13 0 0
: hits 2, misses 1 
0 0 -3 0 0 
->
-1 -4 -12 0 0
: hits 3, misses 1 
-1 -4 -12 0 0
->
0 0 -3 0 0 
: hits 3, misses 0 
0 0 -3 0 0 
->
-1 -4 -11 0 0
: hits 3, misses 1 
-1 -4 -11 0 0
->
0 0 -3 0 0 
: hits 3, misses 0 
-1 -4 -11 0 0
0 0 -3 0 0 
->
0 -4 -11 0 0
: hits 1, misses 0 
-1 -4 -11 0 0
0 0 -3 0 0 
0 -4 -11 0 0
0 0 -3 0 0 
->
0 -4 -11 0 0
: hits 1, misses 0 
0 -4 -11 0 0
0 0 -3 0 0 
0 -4 -11 0 0
0 0 -3 0 0 
->
0 -4 -10 0 0
: hits 1, misses 0 
0 -4 -11 0 0
0 0 -3 0 0 
0 -4 -10 0 0
0 0 -3 0 0 
->
0 -4 -10 0 0
: hits 1, misses 0 
0 -4 -10 0 0
->
0 0 -3 0 30 
: hits 1, misses 0 
0 0 -3 0 30 
->
0 -4 -9 0 30
: hits 3, misses 1 
0 -4 -9 0 30
->
0 0 -3 0 30 
: hits 3, misses 0 
0 -4 -9 0 30
0 0 -3 0 30 
->
0 -4 -8 0 30
: hits 1, misses 0 
0 0 -3 0 30 
0 -4 -8 0 30
->
0 0 -3 0 30 
: hits 1, misses 0 
0 0 -3 0 30 
->
-1 -3 -9 0 30
: hits 1, misses 1 
-1 -3 -9 0 30
->
0 0 -3 0 30 
: hits 1, misses 0 
-1 -3 -9 0 30
0 0 -3 0 30 
->
-1 -3 -8 0 30
: hits 1, misses 0 
0 0 -3 0 30 
-1 -3 -8 0 30
->
0 0 -3 0 30 
: hits 3, misses 0 
-1 -3 -8 0 30
0 0 -3 0 30 
->
-1 -3 -8 0 30
: hits 2, misses 1 
-1 -3 -8 0 30
0 0 -3 0 30 
->
-1 -3 -7 0 30
: hits 1, misses 0 
0 0 -3 0 30 
-1 -3 -7 0 30
->
0 0 0 0 30 
: hits 1, misses 0 
0 0 0 0 30 
->
-1 -3 -7 0 30
: hits 1, misses 0 
0 0 0 0 30 
-1 -3 -7 0 30
0 0 3 0 0 
-1 -3 -6 0 0
->
0 0 3 0 0 
: hits 1, misses 0 
-1 -3 -6 0 0
0 0 3 0 0 
-1 -3 -6 0 0
0 0 3 0 0 
->
-1 -3 -5 0 0
: hits 1, misses 0 
-1 -3 -5 0 0
0 0 3 0 0 
->
-1 -3 -5 0 0
: hits 4, misses 0 
