3 0 0 0 0 
->
3 -2 -5 0 0
: hits 36, misses 3 
3 -2 -5 0 0
->
3 0 0 0 0 
: hits 37, misses 1 
3 0 0 0 0 
->
2 -2 -5 0 0
: hits 50, misses 5 
2 -2 -5 0 0
->
3 0 0 0 0 
: hits 50, misses 0 
3 0 0 0 0 
->
2 -2 -6 0 0
: hits 16, misses 1 
2 -2 -6 0 0
->
3 0 0 0 0 
: hits 16, misses 0 
3 0 0 0 0 
->
1 -2 -6 0 0
: hits 53, misses 3 
1 -2 -6 0 0
->
3 0 0 0 0 
: hits 50, misses 1 
3 0 0 0 0 
->
0 -2 -6 0 0
: hits 31, misses 2 
0 -2 -6 0 0
->
3 0 0 0 0 
: hits 26, misses 1 
0 -2 -6 0 0
->
0 0 -3 0 0 
: hits 92, misses 1 
0 0 -3 0 0 
->
0 -2 -6 0 0
: hits 87, misses 3 
0 0 -3 0 0 
->
0 -2 -5 0 0
: hits 79, misses 3 
0 -2 -5 0 0
->
0 0 -3 0 0 
: hits 76, misses 1 
0 0 -3 0 0 
->
0 -2 -4 0 0
: hits 41, misses 2 
0 -2 -4 0 0
->
0 0 -3 0 0 
: hits 37, misses 2 
0 -2 -4 0 0
->
0 0 0 0 30 
: hits 2, misses 1 
0 0 0 0 30 
->
0 -2 -4 0 30
: hits 4, misses 2 
0 -2 -4 0 30
->
3 0 0 0 30 
: hits 10, misses 2 
3 0 0 0 30 
->
0 -2 -4 0 30
: hits 9, misses 3 
0 -2 -4 0 30
->
0 0 0 0 30 
: hits 2, misses 1 
0 0 0 0 30 
0 -2 -4 0 30
->
3 0 0 0 30 
: hits 2, misses 1 
3 0 0 0 30 
->
0 -1 -4 0 30
: hits 6, misses 2 
0 -1 -4 0 30
->
3 0 0 0 30 
: hits 5, misses 1 
0 -1 -4 0 30
->
0 0 -3 0 30 
: hits 25, misses 2 
0 0 -3 0 30 
->
0 -2 -4 0 30
: hits 31, misses 3 
0 -2 -4 0 30
->
0 0 -3 0 30 
: hits 32, misses 2 
0 0 -3 0 30 
->
0 -1 -4 0 30
: hits 25, misses 1 
0 0 -3 0 30 
0 -1 -4 0 30
->
3 0 0 0 30 
: hits 2, misses 1 
3 0 0 0 30 
->
0 -1 -3 0 30
: hits 5, misses 1 
0 -1 -3 0 30
->
3 0 0 0 30 
: hits 3, misses 1 
0 -1 -3 0 30
->
0 0 -3 0 30 
: hits 36, misses 3 
0 0 -3 0 30 
->
0 -1 -3 0 30
: hits 42, misses 2 
0 -1 -3 0 30
->
3 0 0 0 0 
: hits 2, misses 1 
3 0 0 0 0 
->
0 -1 -3 0 0
: hits 22, misses 2 
0 -1 -3 0 0
->
0 0 0 0 0 
: hits 2, misses 1 
0 0 0 0 0 
->
0 -1 -3 0 0
: hits 5, misses 1 
0 -1 -3 0 0
->
0 0 3 0 0 
: hits 93, misses 2 
0 0 3 0 0 
->
0 -1 -3 0 0
: hits 101, misses 4 
0 0 -3 0 0 
->
0 -1 -3 0 0
: hits 6, misses 1 
0 -1 -3 0 0
->
3 0 0 0 0 
: hits 25, misses 1 
0 -1 -3 0 0
3 0 0 0 0 
->
3 -2 -5 0 0
: hits 6, misses 1 
3 -2 -5 0 0
3 0 0 0 0 
->
2 -2 -5 0 0
: hits 9, misses 2 
3 0 0 0 0 
->
1 -2 -5 0 0
: hits 3, misses 1 
1 -2 -5 0 0
->
3 0 0 0 0 
: hits 3, misses 1 
1 -2 -5 0 0
3 0 0 0 0 
->
1 -2 -6 0 0
: hits 2, misses 1 
1 -2 -6 0 0
->
0 0 0 0 0 
: hits 1, misses 1 
0 0 0 0 0 
->
1 -2 -6 0 0
: hits 1, misses 1 
1 -2 -6 0 0
->
0 0 -3 0 0 
: hits 5, misses 1 
0 0 -3 0 0 
->
1 -2 -6 0 0
: hits 2, misses 1 
1 -2 -6 0 0
0 0 -3 0 0 
->
0 -2 -6 0 0
: hits 3, misses 1 
0 -2 -6 0 0
0 0 -3 0 0 
->
0 -2 -5 0 0
: hits 8, misses 1 
0 0 -3 0 0 
->
1 -2 -5 0 0
: hits 6, misses 1 
1 -2 -5 0 0
->
0 0 -3 0 0 
: hits 6, misses 1 
0 0 -3 0 0 
->
1 -2 -4 0 0
: hits 3, misses 1 
1 -2 -4 0 0
->
0 0 -3 0 0 
: hits 2, misses 1 
1 -2 -4 0 0
->
3 0 0 0 0 
: hits 6, misses 0 
3 0 0 0 0 
->
1 -2 -4 0 0
: hits 5, misses 2 
3 0 0 0 0 
->
0 -2 -4 0 0
: hits 29, misses 1 
0 -2 -4 0 0
->
3 0 0 0 0 
: hits 27, misses 1 
3 0 0 0 0 
0 -2 -4 0 0
->
0 0 -3 0 0 
: hits 5, misses 2 
0 -2 -4 0 0
0 0 -3 0 0 
->
0 -2 -4 0 0
: hits 35, misses 1 
0 -2 -4 0 0
->
0 0 -3 0 30 
: hits 4, misses 1 
0 -2 -4 0 0
0 0 -3 0 30 
->
0 -2 -4 0 30
: hits 4, misses 0 
0 0 -3 0 30 
0 -2 -4 0 30
->
3 0 0 0 30 
: hits 3, misses 1 
0 -2 -4 0 30
3 0 0 0 30 
->
0 -2 -4 0 30
: hits 4, misses 3 
3 0 0 0 30 
0 -2 -4 0 30
->
3 0 0 0 30 
: hits 3, misses 2 
3 0 0 0 30 
->
0 -2 -3 0 30
: hits 4, misses 2 
0 -2 -3 0 30
->
3 0 0 0 30 
: hits 4, misses 1 
0 -2 -3 0 30
3 0 0 0 30 
->
0 -2 -4 0 30
: hits 2, misses 1 
3 0 0 0 30 
0 -2 -4 0 30
->
0 0 -3 0 30 
: hits 4, misses 1 
0 0 -3 0 30 
->
0 -2 -3 0 30
: hits 10, misses 2 
0 -2 -3 0 30
->
0 0 -3 0 30 
: hits 10, misses 1 
0 -2 -3 0 30
0 0 -3 0 30 
->
0 -1 -3 0 30
: hits 3, misses 1 
0 -1 -3 0 30
->
0 0 0 0 30 
: hits 9, misses 1 
0 0 0 0 30 
->
0 -1 -3 0 30
: hits 11, misses 3 
0 0 0 0 30 
0 -1 -3 0 30
->
0 0 -3 0 30 
: hits 3, misses 3 
0 -1 -3 0 30
0 0 -3 0 30 
->
0 -1 -3 0 30
: hits 29, misses 3 
0 -1 -3 0 30
->
0 0 3 0 0 
: hits 3, misses 1 
0 0 3 0 0 
0 -1 -3 0 0
->
0 0 3 0 0 
: hits 75, misses 2 
0 0 3 0 0 
->
0 -2 -2 0 0
: hits 3, misses 1 
0 -2 -2 0 0
->
0 0 3 0 0 
: hits 3, misses 1 
0 0 3 0 0 
->
0 -2 -3 0 0
: hits 5, misses 1 
0 -2 -3 0 0
->
0 0 3 0 0 
: hits 3, misses 2 
0 -2 -3 0 0
0 0 3 0 0 
->
0 -2 -2 0 0
: hits 1, misses 1 
0 -2 -2 0 0
0 0 3 0 0 
->
0 -2 -2 0 0
: hits 1, misses 1 
0 -2 -2 0 0
0 0 3 0 0 
->
0 -2 -3 0 0
: hits 2, misses 1 
0 -2 -3 0 0
0 0 3 0 0 
->
0 -2 -3 0 0
: hits 3, misses 1 
0 -2 -3 0 0
->
3 0 0 0 0 
: hits 4, misses 1 
3 0 0 0 0 
->
0 -2 -2 0 0
: hits 2, misses 1 
0 -2 -2 0 0
->
3 0 0 0 0 
: hits 2, misses 0 
3 0 0 0 0 
->
0 -2 -3 0 0
: hits 2, misses 1 
0 -2 -3 0 0
3 0 0 0 0 
->
0 -2 -2 0 0
: hits 1, misses 1 
0 -2 -2 0 0
3 0 0 0 0 
->
3 -2 -5 0 0
: hits 2, misses 0 
3 -2 -5 0 0
3 0 0 0 0 
->
3 -2 -5 0 0
: hits 21, misses 1 
3 -2 -5 0 0
3 0 0 0 0 
3 -2 -5 0 0
3 0 0 0 0 
->
2 -2 -5 0 0
: hits 8, misses 2 
2 -2 -5 0 0
3 0 0 0 0 
->
2 -2 -5 0 0
: hits 27, misses 2 
2 -2 -5 0 0
3 0 0 0 0 
->
2 -2 -6 0 0
: hits 8, misses 1 
2 -2 -6 0 0
3 0 0 0 0 
->
2 -2 -6 0 0
: hits 7, misses 2 
2 -2 -6 0 0
3 0 0 0 0 
->
1 -2 -6 0 0
: hits 6, misses 1 
3 0 0 0 0 
1 -2 -6 0 0
->
3 0 0 0 0 
: hits 43, misses 2 
1 -2 -6 0 0
3 0 0 0 0 
->
1 -2 -6 0 0
: hits 38, misses 2 
1 -2 -6 0 0
3 0 0 0 0 
->
0 -2 -6 0 0
: hits 6, misses 1 
3 0 0 0 0 
0 -2 -6 0 0
->
3 0 0 0 0 
: hits 22, misses 2 
0 -2 -6 0 0
3 0 0 0 0 
->
0 -2 -6 0 0
: hits 20, misses 2 
3 0 0 0 0 
0 -2 -6 0 0
->
0 0 -3 0 0 
: hits 3, misses 1 
0 -2 -6 0 0
0 0 -3 0 0 
->
0 -2 -6 0 0
: hits 67, misses 1 
0 -2 -6 0 0
0 0 -3 0 0 
0 -2 -6 0 0
0 0 -3 0 0 
->
0 -2 -5 0 0
: hits 7, misses 1 
0 -2 -5 0 0
0 0 -3 0 0 
->
0 -2 -5 0 0
: hits 57, misses 3 
0 -2 -5 0 0
->
3 0 0 0 0 
: hits 13, misses 1 
3 0 0 0 0 
->
0 -2 -5 0 0
: hits 12, misses 1 
0 -2 -5 0 0
3 0 0 0 0 
->
0 -2 -4 0 0
: hits 2, misses 1 
3 0 0 0 0 
0 -2 -4 0 0
->
3 0 0 0 0 
: hits 20, misses 2 
0 -2 -4 0 0
3 0 0 0 0 
->
0 -2 -4 0 0
: hits 25, misses 1 
3 0 0 0 0 
0 -2 -4 0 0
3 0 0 0 0 
0 -2 -4 0 0
->
0 0 -3 0 0 
: hits 3, misses 2 
0 0 -3 0 0 
0 -2 -4 0 0
->
0 0 -3 0 0 
: hits 26, misses 3 
0 0 -3 0 0 
0 -2 -4 0 0
->
3 0 0 0 0 
: hits 4, misses 1 
0 0 -3 0 0 
0 -2 -4 0 0
3 0 0 0 0 
0 -2 -4 0 0
->
3 0 0 0 0 
: hits 3, misses 0 
0 -2 -4 0 0
->
0 0 0 0 0 
: hits 6, misses 1 
0 0 0 0 0 
->
0 -2 -4 0 0
: hits 7, misses 1 
0 0 0 0 0 
0 -2 -4 0 0
->
0 0 -3 0 0 
: hits 1, misses 1 
0 0 0 0 0 
0 -2 -4 0 0
0 0 -3 0 0 
0 -2 -4 0 0
->
0 0 -3 0 0 
: hits 1, misses 0 
0 0 -3 0 0 
->
0 -2 -3 0 0
: hits 2, misses 1 
0 -2 -3 0 0
->
0 0 -3 0 0 
: hits 1, misses 1 
0 0 -3 0 0 
0 -2 -3 0 0
->
3 0 0 0 0 
: hits 1, misses 0 
0 -2 -3 0 0
3 0 0 0 0 
->
0 -2 -3 0 0
: hits 1, misses 1 
3 0 0 0 0 
0 -2 -3 0 0
->
3 0 0 0 0 
: hits 1, misses 0 
0 -2 -3 0 0
3 0 0 0 0 
->
0 -1 -3 0 0
: hits 1, misses 0 
3 0 0 0 0 
0 -1 -3 0 0
->
3 0 0 0 0 
: hits 16, misses 2 
0 -1 -3 0 0
3 0 0 0 0 
->
0 -1 -3 0 0
: hits 16, misses 1 
0 -1 -3 0 0
->
3 0 0 0 30 
: hits 1, misses 1 
0 -1 -3 0 0
3 0 0 0 30 
->
0 -1 -3 0 30
: hits 1, misses 0 
3 0 0 0 30 
0 -1 -3 0 30
->
0 0 -3 0 30 
: hits 1, misses 1 
0 -1 -3 0 30
0 0 -3 0 30 
->
0 -2 -3 0 30
: hits 1, misses 1 
0 -2 -3 0 30
0 0 -3 0 30 
->
0 -2 -3 0 30
: hits 1, misses 1 
0 -2 -3 0 30
0 0 -3 0 30 
0 -2 -3 0 30
0 0 -3 0 30 
->
0 -1 -3 0 30
: hits 1, misses 0 
0 -2 -3 0 30
0 0 -3 0 30 
0 -1 -3 0 30
0 0 -3 0 30 
->
0 -1 -3 0 30
: hits 2, misses 0 
0 0 -3 0 30 
0 -1 -3 0 30
->
0 0 0 0 30 
: hits 4, misses 1 
0 0 0 0 30 
0 -1 -3 0 30
->
0 0 0 0 30 
: hits 3, misses 3 
0 -1 -3 0 30
->
0 0 0 0 0 
: hits 5, misses 1 
0 0 0 0 0 
->
0 -1 -2 0 0
: hits 7, misses 3 
0 -1 -2 0 0
->
0 0 0 0 0 
: hits 6, misses 3 
0 -1 -2 0 0
->
3 0 0 0 0 
: hits 2, misses 1 
3 0 0 0 0 
->
0 -1 -2 0 0
: hits 2, misses 1 
3 0 0 0 0 
0 -1 -2 0 0
->
0 0 0 0 0 
: hits 1, misses 1 
0 0 0 0 0 
->
-1 -1 -2 0 0
: hits 7, misses 2 
-1 -1 -2 0 0
->
0 0 0 0 0 
: hits 6, misses 2 
-1 -1 -2 0 0
->
3 0 0 0 0 
: hits 1, misses 1 
3 0 0 0 0 
->
-1 -1 -2 0 0
: hits 1, misses 1 
3 0 0 0 0 
-1 -1 -2 0 0
->
0 0 0 0 0 
: hits 1, misses 0 
-1 -1 -2 0 0
->
0 0 3 0 0 
: hits 1, misses 0 
0 0 3 0 0 
->
0 -1 -2 0 0
: hits 9, misses 1 
0 -1 -2 0 0
->
0 0 3 0 0 
: hits 9, misses 1 
0 -1 -2 0 0
0 0 3 0 0 
->
0 -1 -3 0 0
: hits 10, misses 1 
0 -1 -3 0 0
0 0 3 0 0 
->
0 -1 -2 0 0
: hits 4, misses 2 
0 -1 -3 0 0
0 0 3 0 0 
->
0 -1 -3 0 0
: hits 78, misses 2 
0 0 3 0 0 
0 -1 -3 0 0
->
0 0 0 0 0 
: hits 1, misses 1 
0 -1 -3 0 0
0 0 0 0 0 
->
0 -1 -2 0 0
: hits 1, misses 0 
0 0 0 0 0 
0 -1 -2 0 0
->
0 0 0 0 0 
: hits 1, misses 1 
0 -1 -2 0 0
0 0 0 0 0 
->
0 -1 -2 0 0
: hits 1, misses 0 
0 0 0 0 0 
0 -1 -2 0 0
->
0 0 3 0 0 
: hits 1, misses 0 
0 0 0 0 0 
0 -1 -2 0 0
0 0 3 0 0 
0 -1 -3 0 0
->
0 0 3 0 0 
: hits 1, misses 1 
0 -1 -2 0 0
0 0 3 0 0 
0 -1 -3 0 0
0 0 3 0 0 
->
0 -1 -2 0 0
: hits 1, misses 2 
0 0 3 0 0 
0 -1 -2 0 0
->
0 0 3 0 0 
: hits 6, misses 0 
0 0 3 0 0 
->
0 -1 -3 0 0
: hits 80, misses 1 
0 0 3 0 0 
0 -1 -3 0 0
->
3 0 0 0 0 
: hits 5, misses 1 
0 -1 -3 0 0
3 0 0 0 0 
0 -1 -3 0 0
3 0 0 0 0 
->
3 -2 -5 0 0
: hits 5, misses 2 
0 -1 -3 0 0
3 0 0 0 0 
3 -2 -5 0 0
3 0 0 0 0 
->
3 -2 -5 0 0
: hits 6, misses 0 
3 -2 -5 0 0
3 0 0 0 0 
3 -2 -5 0 0
3 0 0 0 0 
->
3 -2 -5 0 0
: hits 13, misses 1 
0 -1 -3 0 0
3 0 0 0 0 
3 -2 -5 0 0
3 0 0 0 0 
3 -2 -5 0 0
3 0 0 0 0 
3 -2 -5 0 0
3 0 0 0 0 
->
2 -2 -5 0 0
: hits 4, misses 2 
3 -2 -5 0 0
3 0 0 0 0 
2 -2 -5 0 0
3 0 0 0 0 
->
2 -2 -5 0 0
: hits 7, misses 0 
2 -2 -5 0 0
3 0 0 0 0 
2 -2 -5 0 0
3 0 0 0 0 
->
2 -2 -6 0 0
: hits 6, misses 2 
2 -2 -6 0 0
3 0 0 0 0 
1 -2 -6 0 0
3 0 0 0 0 
->
1 -2 -6 0 0
: hits 4, misses 0 
1 -2 -6 0 0
3 0 0 0 0 
1 -2 -6 0 0
3 0 0 0 0 
->
0 -2 -6 0 0
: hits 5, misses 1 
3 0 0 0 0 
1 -2 -6 0 0
3 0 0 0 0 
0 -2 -6 0 0
->
3 0 0 0 0 
: hits 4, misses 1 
3 0 0 0 0 
0 -2 -6 0 0
3 0 0 0 0 
0 -2 -6 0 0
->
0 0 -3 0 0 
: hits 2, misses 1 
0 -2 -6 0 0
0 0 -3 0 0 
0 -2 -6 0 0
0 0 -3 0 0 
->
0 -2 -6 0 0
: hits 51, misses 1 
0 -2 -6 0 0
0 0 -3 0 0 
0 -2 -6 0 0
0 0 -3 0 0 
0 -2 -6 0 0
0 0 -3 0 0 
0 -2 -6 0 0
0 0 -3 0 0 
->
0 -2 -5 0 0
: hits 6, misses 2 
0 0 -3 0 0 
0 -2 -5 0 0
->
0 0 -3 0 0 
: hits 51, misses 3 
0 -2 -5 0 0
0 0 -3 0 0 
->
0 -2 -4 0 0
: hits 4, misses 1 
0 0 -3 0 0 
0 -2 -4 0 0
0 0 -3 0 0 
0 -2 -4 0 0
->
3 0 0 0 0 
: hits 2, misses 1 
3 0 0 0 0 
0 -2 -4 0 0
3 0 0 0 0 
0 -2 -4 0 0
->
3 0 0 0 0 
: hits 14, misses 3 
3 0 0 0 0 
0 -2 -4 0 0
->
0 0 0 0 30 
: hits 1, misses 1 
0 -2 -4 0 0
0 0 0 0 30 
->
0 -2 -4 0 30
: hits 1, misses 0 
0 -2 -4 0 30
3 0 0 0 30 
->
0 -2 -3 0 30
: hits 1, misses 1 
3 0 0 0 30 
0 -2 -3 0 30
->
3 0 0 0 30 
: hits 2, misses 1 
0 -2 -3 0 30
3 0 0 0 30 
->
0 -2 -3 0 30
: hits 2, misses 1 
0 -2 -3 0 30
->
0 0 0 0 30 
: hits 1, misses 1 
0 0 0 0 30 
->
0 -2 -3 0 30
: hits 1, misses 1 
0 0 0 0 30 
0 -2 -3 0 30
->
3 0 0 0 30 
: hits 1, misses 0 
0 -2 -3 0 30
3 0 0 0 30 
0 -2 -3 0 30
3 0 0 0 30 
->
0 -2 -4 0 30
: hits 1, misses 0 
3 0 0 0 30 
0 -2 -3 0 30
3 0 0 0 30 
0 -2 -4 0 30
->
3 0 0 0 30 
: hits 1, misses 0 
0 -2 -3 0 30
3 0 0 0 30 
0 -2 -4 0 30
3 0 0 0 30 
->
0 -2 -4 0 30
: hits 1, misses 0 
3 0 0 0 30 
0 -2 -4 0 30
3 0 0 0 30 
0 -2 -4 0 30
->
0 0 -3 0 30 
: hits 1, misses 0 
0 -2 -4 0 30
0 0 -3 0 30 
->
0 -2 -4 0 30
: hits 21, misses 3 
0 0 -3 0 30 
0 -2 -4 0 30
->
0 0 -3 0 30 
: hits 22, misses 3 
0 0 -3 0 30 
0 -2 -4 0 30
->
0 0 0 0 30 
: hits 1, misses 1 
0 -2 -4 0 30
0 0 0 0 30 
->
0 -2 -4 0 30
: hits 1, misses 0 
0 0 0 0 30 
0 -2 -4 0 30
->
0 0 -3 0 30 
: hits 1, misses 0 
0 0 0 0 30 
0 -2 -4 0 30
0 0 -3 0 30 
0 -2 -4 0 30
->
0 0 -3 0 30 
: hits 1, misses 0 
0 -2 -4 0 30
0 0 -3 0 30 
->
0 -2 -3 0 30
: hits 1, misses 1 
0 0 -3 0 30 
0 -1 -3 0 30
->
0 0 -3 0 30 
: hits 24, misses 2 
0 0 -3 0 30 
0 -1 -3 0 30
->
0 0 3 0 0 
: hits 1, misses 1 
0 0 -3 0 30 
0 -1 -3 0 30
0 0 3 0 0 
0 -1 -3 0 0
->
0 0 3 0 0 
: hits 1, misses 1 
0 -1 -3 0 30
0 0 3 0 0 
0 -1 -3 0 0
0 0 3 0 0 
->
0 -1 -3 0 0
: hits 6, misses 0 
0 0 3 0 0 
->
0 -1 -3 0 0
: hits 70, misses 0 
0 0 3 0 0 
0 -1 -3 0 0
->
3 0 0 0 0 
: hits 4, misses 1 
0 -1 -3 0 0
3 0 0 0 0 
0 -1 -3 0 0
3 0 0 0 0 
->
0 -1 -3 0 0
: hits 7, misses 2 
0 -1 -3 0 0
3 0 0 0 0 
0 -1 -3 0 0
3 0 0 0 0 
0 -1 -3 0 0
3 0 0 0 0 
0 -1 -3 0 0
3 0 0 0 0 
->
3 -2 -5 0 0
: hits 4, misses 0 
0 -1 -3 0 0
3 0 0 0 0 
0 -1 -3 0 0
3 0 0 0 0 
3 -2 -5 0 0
3 0 0 0 0 
3 -2 -5 0 0
3 0 0 0 0 
->
3 -2 -5 0 0
: hits 6, misses 0 
2 -2 -5 0 0
3 0 0 0 0 
2 -2 -5 0 0
3 0 0 0 0 
->
2 -2 -5 0 0
: hits 12, misses 2 
2 -2 -5 0 0
3 0 0 0 0 
2 -2 -5 0 0
3 0 0 0 0 
2 -2 -5 0 0
3 0 0 0 0 
2 -2 -5 0 0
3 0 0 0 0 
->
2 -2 -6 0 0
: hits 3, misses 2 
2 -2 -5 0 0
3 0 0 0 0 
2 -2 -6 0 0
3 0 0 0 0 
->
2 -2 -6 0 0
: hits 3, misses 2 
2 -2 -6 0 0
3 0 0 0 0 
2 -2 -6 0 0
3 0 0 0 0 
->
1 -2 -6 0 0
: hits 3, misses 1 
3 0 0 0 0 
1 -2 -6 0 0
->
0 0 -3 0 0 
: hits 3, misses 1 
1 -2 -6 0 0
0 0 -3 0 0 
->
1 -2 -6 0 0
: hits 1, misses 1 
0 0 -3 0 0 
1 -2 -6 0 0
3 0 0 0 0 
1 -2 -6 0 0
->
3 0 0 0 0 
: hits 1, misses 0 
1 -2 -6 0 0
3 0 0 0 0 
1 -2 -6 0 0
3 0 0 0 0 
->
1 -2 -6 0 0
: hits 24, misses 1 
1 -2 -6 0 0
3 0 0 0 0 
1 -2 -6 0 0
3 0 0 0 0 
1 -2 -6 0 0
3 0 0 0 0 
1 -2 -6 0 0
3 0 0 0 0 
->
0 -2 -6 0 0
: hits 4, misses 3 
3 0 0 0 0 
0 -2 -6 0 0
3 0 0 0 0 
0 -2 -6 0 0
->
3 0 0 0 0 
: hits 15, misses 1 
3 0 0 0 0 
->
0 -2 -7 0 0
: hits 3, misses 1 
0 -2 -7 0 0
->
0 0 -3 0 0 
: hits 7, misses 1 
0 0 -3 0 0 
->
0 -2 -7 0 0
: hits 5, misses 1 
0 0 -3 0 0 
->
-1 -2 -7 0 0
: hits 3, misses 1 
-1 -2 -7 0 0
->
0 0 -3 0 0 
: hits 3, misses 0 
0 0 -3 0 0 
->
-1 -2 -6 0 0
: hits 1, misses 1 
-1 -2 -6 0 0
->
0 0 -3 0 0 
: hits 1, misses 0 
-1 -2 -6 0 0
0 0 -3 0 0 
->
0 -2 -6 0 0
: hits 1, misses 0 
0 -2 -6 0 0
0 0 -3 0 0 
0 -2 -6 0 0
0 0 -3 0 0 
0 -2 -6 0 0
0 0 -3 0 0 
0 -2 -6 0 0
0 0 -3 0 0 
->
0 -2 -6 0 0
: hits 30, misses 2 
-1 -2 -7 0 0
0 0 -3 0 0 
-1 -2 -6 0 0
0 0 -3 0 0 
0 -2 -6 0 0
0 0 -3 0 0 
0 -2 -6 0 0
0 0 -3 0 0 
0 -2 -6 0 0
0 0 -3 0 0 
0 -2 -6 0 0
0 0 -3 0 0 
0 -2 -6 0 0
0 0 -3 0 0 
0 -2 -6 0 0
0 0 -3 0 0 
->
0 -2 -5 0 0
: hits 1, misses 0 
0 -2 -6 0 0
0 0 -3 0 0 
0 -2 -5 0 0
0 0 -3 0 0 
->
0 -2 -5 0 0
: hits 5, misses 0 
0 -2 -5 0 0
->
0 0 -3 0 30 
: hits 1, misses 1 
0 -2 -5 0 0
0 0 -3 0 30 
0 -2 -4 0 30
0 0 -3 0 30 
->
0 -2 -4 0 30
: hits 1, misses 0 
0 -2 -4 0 30
0 0 -3 0 30 
->
0 -1 -4 0 30
: hits 3, misses 1 
0 0 -3 0 30 
0 -1 -4 0 30
->
0 0 -3 0 30 
: hits 21, misses 1 
0 -1 -4 0 30
0 0 -3 0 30 
->
0 -1 -4 0 30
: hits 15, misses 4 
0 -1 -4 0 30
0 0 -3 0 30 
->
0 -1 -3 0 30
: hits 6, misses 2 
0 0 -3 0 30 
0 -1 -4 0 30
0 0 -3 0 30 
0 -1 -3 0 30
->
0 0 -3 0 30 
: hits 6, misses 0 
0 0 -3 0 30 
0 -1 -3 0 30
0 0 -3 0 30 
0 -1 -3 0 30
->
0 0 0 0 30 
: hits 3, misses 2 
0 -1 -3 0 30
0 0 0 0 30 
->
0 -1 -3 0 30
: hits 5, misses 0 
0 0 0 0 30 
0 -1 -3 0 30
->
0 0 3 0 0 
: hits 1, misses 1 
0 0 0 0 30 
0 -1 -3 0 30
0 0 3 0 0 
0 -1 -3 0 0
->
0 0 3 0 0 
: hits 1, misses 1 
0 -1 -3 0 0
0 0 3 0 0 
0 -1 -3 0 0
0 0 3 0 0 
->
0 -1 -2 0 0
: hits 2, misses 1 
0 -1 -2 0 0
0 0 3 0 0 
->
0 -1 -2 0 0
: hits 4, misses 1 
3 0 0 0 0 
->
3 -2 -5 0 0
: hits 18, misses 0 
3 0 0 0 0 
3 -2 -5 0 0
3 0 0 0 0 
3 -2 -5 0 0
3 0 0 0 0 
->
3 -2 -5 0 0
: hits 8, misses 3 
3 0 0 0 0 
3 -2 -5 0 0
3 0 0 0 0 
3 -2 -5 0 0
3 0 0 0 0 
3 -2 -5 0 0
3 0 0 0 0 
->
2 -2 -5 0 0
: hits 4, misses 1 
3 -2 -5 0 0
3 0 0 0 0 
3 -2 -5 0 0
3 0 0 0 0 
2 -2 -5 0 0
3 0 0 0 0 
2 -2 -5 0 0
3 0 0 0 0 
->
2 -2 -5 0 0
: hits 5, misses 0 
2 -2 -5 0 0
3 0 0 0 0 
2 -2 -5 0 0
3 0 0 0 0 
2 -2 -5 0 0
3 0 0 0 0 
2 -2 -5 0 0
3 0 0 0 0 
->
2 -2 -5 0 0
: hits 2, misses 2 
2 -2 -5 0 0
3 0 0 0 0 
->
1 -2 -5 0 0
: hits 1, misses 1 
3 0 0 0 0 
1 -2 -5 0 0
->
3 0 0 0 0 
: hits 1, misses 0 
1 -2 -6 0 0
3 0 0 0 0 
1 -2 -6 0 0
3 0 0 0 0 
1 -2 -6 0 0
3 0 0 0 0 
1 -2 -6 0 0
3 0 0 0 0 
->
1 -2 -6 0 0
: hits 10, misses 3 
2 -2 -5 0 0
3 0 0 0 0 
1 -2 -5 0 0
3 0 0 0 0 
1 -2 -6 0 0
3 0 0 0 0 
1 -2 -6 0 0
3 0 0 0 0 
1 -2 -6 0 0
3 0 0 0 0 
1 -2 -6 0 0
3 0 0 0 0 
1 -2 -6 0 0
3 0 0 0 0 
1 -2 -6 0 0
3 0 0 0 0 
->
0 -2 -6 0 0
: hits 1, misses 0 
0 -2 -6 0 0
3 0 0 0 0 
->
0 -2 -7 0 0
: hits 1, misses 1 
0 -2 -7 0 0
->
3 0 0 0 0 
: hits 1, misses 1 
0 -2 -7 0 0
3 0 0 0 0 
->
0 -2 -7 0 0
: hits 1, misses 0 
3 0 0 0 0 
0 -2 -7 0 0
->
0 0 -3 0 0 
: hits 1, misses 0 
0 -2 -7 0 0
0 0 -3 0 0 
->
0 -2 -7 0 0
: hits 2, misses 1 
0 0 -3 0 0 
->
-1 -1 -7 0 0
: hits 4, misses 1 
-1 -1 -7 0 0
->
0 0 -3 0 0 
: hits 4, misses 0 
0 0 -3 0 0 
->
-1 -1 -6 0 0
: hits 5, misses 1 
-1 -1 -6 0 0
->
0 0 -3 0 0 
: hits 5, misses 0 
0 0 -3 0 0 
->
0 -1 -6 0 0
: hits 4, misses 1 
0 -1 -6 0 0
->
0 0 -3 0 0 
: hits 4, misses 0 
0 0 -3 0 0 
->
0 -1 -5 0 0
: hits 9, misses 1 
0 -1 -5 0 0
->
0 0 -3 0 0 
: hits 9, misses 0 
0 0 -3 0 0 
->
0 -1 -4 0 0
: hits 7, misses 1 
0 -1 -4 0 0
->
0 0 -3 0 0 
: hits 7, misses 0 
0 -1 -4 0 0
0 0 -3 0 0 
->
0 -1 -3 0 0
: hits 1, misses 0 
0 -1 -3 0 0
->
0 0 -3 0 0 
: hits 4, misses 1 
0 -1 -3 0 0
0 0 -3 0 0 
->
0 -1 -3 0 0
: hits 4, misses 0 
0 0 -3 0 0 
0 -1 -3 0 0
->
0 0 3 0 0 
: hits 1, misses 0 
0 -1 -3 0 0
0 0 3 0 0 
0 -1 -3 0 0
0 0 3 0 0 
->
0 -1 -3 0 0
: hits 58, misses 1 
0 -1 -3 0 0
->
0 0 0 0 30 
: hits 1, misses 1 
0 0 3 0 0 
0 -1 -3 0 0
0 0 0 0 30 
0 -1 -3 0 30
->
0 0 -3 0 30 
: hits 1, misses 0 
0 -1 -3 0 30
0 0 -3 0 30 
->
0 -1 -4 0 30
: hits 2, misses 1 
0 -1 -3 0 30
0 0 -3 0 30 
0 -1 -4 0 30
0 0 -3 0 30 
->
0 -1 -4 0 30
: hits 2, misses 0 
0 0 -3 0 30 
->
-1 -1 -4 0 30
: hits 7, misses 1 
-1 -1 -4 0 30
->
0 0 -3 0 30 
: hits 7, misses 0 
-1 -1 -4 0 30
0 0 -3 0 30 
->
0 -1 -4 0 30
: hits 2, misses 0 
-1 -1 -4 0 30
0 0 -3 0 30 
0 -1 -4 0 30
0 0 -3 0 30 
->
0 -1 -3 0 30
: hits 1, misses 1 
0 -1 -4 0 30
0 0 -3 0 30 
0 -1 -3 0 30
0 0 -3 0 30 
->
0 -1 -3 0 30
: hits 5, misses 0 
0 0 -3 0 30 
0 -1 -3 0 30
0 0 -3 0 30 
0 -1 -3 0 30
->
0 0 -3 0 30 
: hits 12, misses 3 
0 0 -3 0 30 
0 -1 -3 0 30
->
0 0 0 0 0 
: hits 3, misses 1 
0 -1 -3 0 30
0 0 0 0 0 
->
0 -1 -3 0 0
: hits 4, misses 0 
0 0 0 0 0 
0 -1 -3 0 0
->
0 0 3 0 0 
: hits 4, misses 0 
0 0 3 0 0 
->
3 -2 -5 0 0
: hits 2, misses 0 
3 -2 -5 0 0
->
0 0 3 0 0 
: hits 1, misses 1 
3 -2 -5 0 0
0 0 3 0 0 
->
3 -2 -5 0 0
: hits 1, misses 0 
0 0 3 0 0 
3 -2 -5 0 0
->
3 0 0 0 0 
: hits 1, misses 0 
3 -2 -5 0 0
0 0 3 0 0 
3 -2 -5 0 0
3 0 0 0 0 
3 -2 -5 0 0
3 0 0 0 0 
3 -2 -5 0 0
3 0 0 0 0 
3 -2 -5 0 0
3 0 0 0 0 
->
3 -2 -5 0 0
: hits 1, misses 0 
3 -2 -5 0 0
3 0 0 0 0 
3 -2 -5 0 0
3 0 0 0 0 
3 -2 -5 0 0
3 0 0 0 0 
3 -2 -5 0 0
3 0 0 0 0 
3 -2 -5 0 0
3 0 0 0 0 
3 -2 -5 0 0
3 0 0 0 0 
3 -2 -5 0 0
3 0 0 0 0 
->
2 -2 -5 0 0
: hits 1, misses 0 
3 -2 -5 0 0
3 0 0 0 0 
2 -2 -5 0 0
3 0 0 0 0 
2 -2 -5 0 0
3 0 0 0 0 
2 -2 -5 0 0
3 0 0 0 0 
->
2 -2 -6 0 0
: hits 2, misses 2 
2 -2 -6 0 0
3 0 0 0 0 
2 -2 -6 0 0
3 0 0 0 0 
->
2 -2 -6 0 0
: hits 2, misses 1 
2 -2 -6 0 0
3 0 0 0 0 
2 -2 -6 0 0
3 0 0 0 0 
2 -2 -6 0 0
3 0 0 0 0 
2 -2 -6 0 0
3 0 0 0 0 
->
1 -2 -6 0 0
: hits 1, misses 0 
2 -2 -6 0 0
3 0 0 0 0 
2 -2 -6 0 0
3 0 0 0 0 
2 -2 -6 0 0
3 0 0 0 0 
2 -2 -6 0 0
3 0 0 0 0 
1 -2 -6 0 0
3 0 0 0 0 
1 -2 -6 0 0
3 0 0 0 0 
1 -2 -6 0 0
3 0 0 0 0 
1 -2 -6 0 0
3 0 0 0 0 
->
1 -2 -6 0 0
: hits 1, misses 0 
2 -2 -6 0 0
3 0 0 0 0 
2 -2 -6 0 0
3 0 0 0 0 
2 -2 -6 0 0
3 0 0 0 0 
1 -2 -6 0 0
3 0 0 0 0 
1 -2 -6 0 0
3 0 0 0 0 
1 -2 -6 0 0
3 0 0 0 0 
1 -2 -6 0 0
3 0 0 0 0 
1 -2 -6 0 0
3 0 0 0 0 
->
0 -2 -6 0 0
: hits 1, misses 0 
0 -2 -6 0 0
->
0 0 0 0 0 
: hits 1, misses 1 
0 0 0 0 0 
->
0 -2 -6 0 0
: hits 1, misses 1 
0 0 0 0 0 
0 -2 -6 0 0
->
0 0 -3 0 0 
: hits 1, misses 0 
1 -2 -6 0 0
3 0 0 0 0 
1 -2 -6 0 0
3 0 0 0 0 
1 -2 -6 0 0
3 0 0 0 0 
0 -2 -6 0 0
0 0 0 0 0 
0 -2 -6 0 0
0 0 -3 0 0 
0 -2 -6 0 0
0 0 -3 0 0 
0 -2 -6 0 0
0 0 -3 0 0 
0 -2 -6 0 0
0 0 -3 0 0 
->
0 -2 -6 0 0
: hits 1, misses 0 
0 -2 -6 0 0
0 0 -3 0 0 
0 -2 -6 0 0
0 0 -3 0 0 
0 -2 -6 0 0
0 0 -3 0 0 
0 -2 -6 0 0
0 0 -3 0 0 
0 -2 -6 0 0
0 0 -3 0 0 
0 -2 -6 0 0
0 0 -3 0 0 
0 -2 -6 0 0
0 0 -3 0 0 
0 -2 -6 0 0
0 0 -3 0 0 
->
0 -2 -5 0 0
: hits 4, misses 2 
0 0 -3 0 0 
0 -2 -5 0 0
->
3 0 0 0 0 
: hits 3, misses 1 
0 -2 -5 0 0
3 0 0 0 0 
->
0 -2 -5 0 0
: hits 10, misses 1 
3 0 0 0 0 
0 -2 -5 0 0
->
3 0 0 0 0 
: hits 7, misses 3 
3 0 0 0 0 
0 -2 -5 0 0
->
0 0 -3 0 0 
: hits 2, misses 2 
0 -2 -5 0 0
3 0 0 0 0 
0 -2 -5 0 0
0 0 -3 0 0 
->
0 -2 -4 0 0
: hits 1, misses 1 
3 0 0 0 0 
0 -2 -5 0 0
0 0 -3 0 0 
0 -2 -4 0 0
->
3 0 0 0 0 
: hits 1, misses 0 
0 -2 -4 0 0
3 0 0 0 0 
->
0 -2 -5 0 0
: hits 1, misses 1 
0 0 -3 0 0 
0 -2 -4 0 0
3 0 0 0 0 
0 -2 -5 0 0
->
3 0 0 0 0 
: hits 1, misses 0 
0 -2 -5 0 0
->
0 0 0 0 0 
: hits 5, misses 1 
0 0 0 0 0 
->
0 -2 -5 0 0
: hits 4, misses 2 
0 0 0 0 0 
0 -2 -5 0 0
->
3 0 0 0 0 
: hits 1, misses 1 
0 0 0 0 0 
0 -2 -5 0 0
3 0 0 0 0 
0 -2 -5 0 0
->
0 0 -3 0 0 
: hits 1, misses 0 
0 -2 -5 0 0
3 0 0 0 0 
0 -2 -5 0 0
0 0 -3 0 0 
->
0 -2 -5 0 0
: hits 1, misses 0 
3 0 0 0 0 
0 -2 -5 0 0
0 0 -3 0 0 
0 -2 -5 0 0
->
0 0 -3 0 0 
: hits 1, misses 0 
0 -2 -5 0 0
0 0 -3 0 0 
0 -2 -5 0 0
0 0 -3 0 0 
->
0 -2 -4 0 0
: hits 2, misses 1 
0 0 -3 0 0 
0 -2 -4 0 0
0 0 -3 0 0 
0 -2 -4 0 0
->
0 0 -3 0 0 
: hits 8, misses 3 
0 0 -3 0 0 
0 -2 -4 0 0
->
0 0 -3 0 30 
: hits 2, misses 1 
0 0 -3 0 0 
0 -2 -4 0 0
0 0 -3 0 30 
0 -2 -4 0 30
->
3 0 0 0 30 
: hits 1, misses 1 
0 -2 -4 0 30
3 0 0 0 30 
0 -2 -4 0 30
0 0 -3 0 30 
->
0 -2 -4 0 30
: hits 1, misses 0 
0 -2 -4 0 30
0 0 -3 0 30 
0 -2 -4 0 30
0 0 -3 0 30 
->
0 -1 -4 0 30
: hits 2, misses 1 
0 0 -3 0 30 
0 -2 -4 0 30
0 0 -3 0 30 
0 -1 -4 0 30
->
3 0 0 0 30 
: hits 1, misses 1 
0 -1 -4 0 30
3 0 0 0 30 
->
0 -1 -4 0 30
: hits 3, misses 0 
3 0 0 0 30 
0 -1 -4 0 30
->
3 0 0 0 30 
: hits 1, misses 2 
0 -1 -4 0 30
->
0 0 0 0 30 
: hits 4, misses 1 
0 0 0 0 30 
->
0 -1 -4 0 30
: hits 3, misses 1 
0 0 0 0 30 
0 -1 -4 0 30
->
0 0 -3 0 30 
: hits 1, misses 1 
0 -1 -4 0 30
0 0 0 0 30 
0 -1 -4 0 30
0 0 -3 0 30 
->
0 -1 -4 0 30
: hits 1, misses 0 
0 -1 -4 0 30
0 0 -3 0 30 
0 -1 -4 0 30
0 0 -3 0 30 
->
0 -1 -3 0 30
: hits 4, misses 2 
0 0 0 0 30 
0 -1 -4 0 30
0 0 -3 0 30 
0 -1 -4 0 30
0 0 -3 0 30 
0 -1 -3 0 30
0 0 -3 0 30 
0 -1 -3 0 30
->
0 0 -3 0 30 
: hits 1, misses 0 
0 0 -3 0 30 
0 -1 -3 0 30
0 0 -3 0 30 
0 -1 -3 0 30
0 0 -3 0 30 
0 -1 -3 0 30
0 0 -3 0 30 
0 -1 -3 0 30
->
0 0 0 0 30 
: hits 1, misses 2 
0 0 -3 0 30 
0 -1 -3 0 30
0 0 0 0 30 
0 -1 -3 0 30
->
0 0 0 0 30 
: hits 1, misses 1 
0 0 0 0 30 
0 -1 -3 0 30
->
3 0 0 0 0 
: hits 1, misses 1 
0 -1 -3 0 30
3 0 0 0 0 
->
0 -1 -3 0 0
: hits 1, misses 0 
3 0 0 0 0 
0 -1 -3 0 0
->
0 0 3 0 0 
: hits 1, misses 1 
0 0 3 0 0 
0 -1 -3 0 0
->
3 0 0 0 0 
: hits 3, misses 1 
0 0 3 0 0 
0 -1 -3 0 0
3 0 0 0 0 
0 -1 -3 0 0
->
3 0 0 0 0 
: hits 3, misses 0 
0 0 3 0 0 
0 -1 -3 0 0
3 0 0 0 0 
0 -1 -3 0 0
3 0 0 0 0 
->
0 -1 -3 0 0
: hits 3, misses 0 
3 -2 -5 0 0
3 0 0 0 0 
2 -2 -5 0 0
3 0 0 0 0 
2 -2 -5 0 0
3 0 0 0 0 
2 -2 -5 0 0
3 0 0 0 0 
->
2 -2 -5 0 0
: hits 2, misses 1 
2 -2 -6 0 0
3 0 0 0 0 
->
2 -2 -5 0 0
: hits 2, misses 0 
2 -2 -6 0 0
3 0 0 0 0 
2 -2 -5 0 0
3 0 0 0 0 
->
2 -2 -6 0 0
: hits 1, misses 1 
2 -2 -5 0 0
3 0 0 0 0 
2 -2 -6 0 0
3 0 0 0 0 
->
1 -2 -6 0 0
: hits 1, misses 1 
2 -2 -5 0 0
3 0 0 0 0 
2 -2 -6 0 0
3 0 0 0 0 
2 -2 -5 0 0
3 0 0 0 0 
2 -2 -6 0 0
3 0 0 0 0 
1 -2 -6 0 0
3 0 0 0 0 
1 -2 -6 0 0
3 0 0 0 0 
1 -2 -6 0 0
3 0 0 0 0 
1 -2 -6 0 0
3 0 0 0 0 
->
1 -2 -6 0 0
: hits 1, misses 0 
3 0 0 0 0 
1 -2 -6 0 0
3 0 0 0 0 
1 -2 -6 0 0
->
0 0 -3 0 0 
: hits 2, misses 1 
1 -2 -6 0 0
3 0 0 0 0 
1 -2 -6 0 0
0 0 -3 0 0 
->
0 -2 -6 0 0
: hits 2, misses 0 
0 -2 -6 0 0
0 0 -3 0 0 
0 -2 -6 0 0
0 0 -3 0 0 
0 -2 -6 0 0
0 0 -3 0 0 
0 -2 -6 0 0
0 0 -3 0 0 
0 -2 -6 0 0
0 0 -3 0 0 
0 -2 -6 0 0
0 0 -3 0 0 
0 -2 -6 0 0
0 0 -3 0 0 
0 -2 -6 0 0
0 0 -3 0 0 
->
0 -2 -6 0 0
: hits 8, misses 3 
2 -2 -5 0 0
3 0 0 0 0 
2 -2 -6 0 0
3 0 0 0 0 
1 -2 -6 0 0
3 0 0 0 0 
1 -2 -6 0 0
3 0 0 0 0 
1 -2 -6 0 0
3 0 0 0 0 
1 -2 -6 0 0
3 0 0 0 0 
1 -2 -6 0 0
0 0 -3 0 0 
0 -2 -6 0 0
0 0 -3 0 0 
0 -2 -6 0 0
0 0 -3 0 0 
0 -2 -6 0 0
0 0 -3 0 0 
0 -2 -6 0 0
0 0 -3 0 0 
0 -2 -6 0 0
0 0 -3 0 0 
0 -2 -6 0 0
0 0 -3 0 0 
0 -2 -6 0 0
0 0 -3 0 0 
0 -2 -6 0 0
0 0 -3 0 0 
0 -2 -6 0 0
0 0 -3 0 0 
->
0 -2 -5 0 0
: hits 1, misses 0 
0 -2 -5 0 0
0 0 -3 0 0 
0 -2 -5 0 0
0 0 -3 0 0 
->
0 -2 -5 0 0
: hits 21, misses 1 
0 0 -3 0 0 
0 -2 -5 0 0
0 0 -3 0 0 
0 -2 -5 0 0
->
3 0 0 0 0 
: hits 2, misses 1 
0 0 -3 0 0 
0 -2 -5 0 0
3 0 0 0 0 
0 -2 -5 0 0
->
3 0 0 0 0 
: hits 1, misses 1 
0 -2 -5 0 0
3 0 0 0 0 
0 -2 -5 0 0
3 0 0 0 0 
->
0 -2 -4 0 0
: hits 1, misses 0 
3 0 0 0 0 
0 -2 -5 0 0
3 0 0 0 0 
0 -2 -4 0 0
->
3 0 0 0 0 
: hits 1, misses 0 
0 -2 -5 0 0
3 0 0 0 0 
0 -2 -4 0 0
3 0 0 0 0 
->
0 -2 -4 0 0
: hits 1, misses 0 
3 0 0 0 0 
0 -2 -4 0 0
3 0 0 0 0 
0 -2 -4 0 0
3 0 0 0 0 
0 -2 -4 0 0
3 0 0 0 0 
0 -2 -4 0 0
->
0 0 -3 0 0 
: hits 1, misses 1 
0 0 -3 0 0 
0 -2 -4 0 0
->
0 0 0 0 0 
: hits 2, misses 1 
0 0 0 0 0 
0 -2 -5 0 0
->
0 0 0 0 0 
: hits 2, misses 1 
0 0 0 0 0 
0 -2 -5 0 0
->
0 0 -3 0 0 
: hits 1, misses 1 
3 0 0 0 0 
0 -2 -5 0 0
->
0 0 0 0 0 
: hits 1, misses 0 
3 0 0 0 0 
0 -2 -5 0 0
0 0 0 0 0 
0 -2 -5 0 0
->
0 0 0 0 0 
: hits 1, misses 0 
0 -2 -5 0 0
0 0 0 0 0 
->
0 -2 -4 0 0
: hits 2, misses 0 
0 0 0 0 0 
0 -2 -4 0 0
->
0 0 0 0 0 
: hits 3, misses 3 
0 -2 -4 0 0
0 0 0 0 0 
->
0 -2 -4 0 0
: hits 4, misses 0 
0 0 0 0 0 
0 -2 -4 0 0
->
3 0 0 0 0 
: hits 2, misses 1 
0 0 0 0 0 
0 -2 -4 0 0
3 0 0 0 0 
0 -2 -4 0 0
->
0 0 -3 0 0 
: hits 1, misses 1 
3 0 0 0 0 
0 -2 -4 0 0
0 0 -3 0 0 
0 -2 -4 0 0
->
0 0 -3 0 0 
: hits 2, misses 0 
0 0 -3 0 0 
0 -2 -4 0 0
0 0 -3 0 0 
0 -2 -4 0 0
->
0 0 0 0 0 
: hits 1, misses 1 
0 0 -3 0 0 
0 -2 -4 0 0
0 0 0 0 0 
0 -2 -4 0 0
->
0 0 0 0 0 
: hits 1, misses 0 
0 -2 -4 0 0
->
3 0 0 0 30 
: hits 1, misses 0 
0 -2 -4 0 0
3 0 0 0 30 
->
0 -2 -4 0 30
: hits 1, misses 0 
0 -2 -4 0 30
0 0 -3 0 30 
0 -2 -4 0 30
0 0 -3 0 30 
->
0 -2 -4 0 30
: hits 6, misses 1 
0 -2 -4 0 30
0 0 -3 0 30 
0 -2 -4 0 30
0 0 -3 0 30 
0 -2 -4 0 30
0 0 -3 0 30 
0 -2 -4 0 30
0 0 -3 0 30 
->
0 -1 -4 0 30
: hits 1, misses 1 
0 0 -3 0 30 
0 -2 -4 0 30
0 0 -3 0 30 
0 -1 -4 0 30
->
0 0 -3 0 30 
: hits 1, misses 0 
0 -1 -4 0 30
0 0 -3 0 30 
0 -1 -4 0 30
0 0 -3 0 30 
->
0 -1 -4 0 30
: hits 6, misses 2 
0 -1 -4 0 30
0 0 -3 0 30 
0 -1 -4 0 30
0 0 -3 0 30 
0 -1 -4 0 30
0 0 -3 0 30 
0 -1 -4 0 30
0 0 -3 0 30 
->
0 -1 -3 0 30
: hits 2, misses 1 
0 0 -3 0 30 
0 -1 -3 0 30
0 0 -3 0 30 
0 -1 -3 0 30
->
0 0 0 0 0 
: hits 2, misses 1 
0 0 0 0 0 
0 -1 -3 0 0
0 0 3 0 0 
0 -1 -3 0 0
->
0 0 3 0 0 
: hits 3, misses 1 
0 0 3 0 0 
0 -1 -3 0 0
->
3 0 0 0 0 
: hits 2, misses 1 
0 -1 -3 0 0
3 0 0 0 0 
0 -1 -3 0 0
3 0 0 0 0 
3 -2 -5 0 0
3 0 0 0 0 
3 -2 -5 0 0
3 0 0 0 0 
3 -2 -5 0 0
3 0 0 0 0 
->
3 -2 -5 0 0
: hits 1, misses 0 
0 -1 -3 0 0
3 0 0 0 0 
3 -2 -5 0 0
3 0 0 0 0 
3 -2 -5 0 0
3 0 0 0 0 
3 -2 -5 0 0
3 0 0 0 0 
3 -2 -5 0 0
3 0 0 0 0 
2 -2 -5 0 0
3 0 0 0 0 
2 -2 -5 0 0
3 0 0 0 0 
2 -2 -5 0 0
3 0 0 0 0 
->
2 -2 -6 0 0
: hits 1, misses 0 
2 -2 -5 0 0
3 0 0 0 0 
2 -2 -5 0 0
3 0 0 0 0 
2 -2 -5 0 0
3 0 0 0 0 
2 -2 -6 0 0
3 0 0 0 0 
->
2 -2 -6 0 0
: hits 1, misses 1 
3 0 0 0 0 
1 -2 -6 0 0
3 0 0 0 0 
1 -2 -6 0 0
->
3 0 0 0 0 
: hits 11, misses 1 
2 -2 -6 0 0
3 0 0 0 0 
1 -2 -6 0 0
3 0 0 0 0 
1 -2 -6 0 0
3 0 0 0 0 
1 -2 -6 0 0
3 0 0 0 0 
1 -2 -6 0 0
3 0 0 0 0 
1 -2 -6 0 0
3 0 0 0 0 
1 -2 -6 0 0
3 0 0 0 0 
1 -2 -6 0 0
3 0 0 0 0 
->
0 -2 -6 0 0
: hits 1, misses 0 
1 -2 -6 0 0
3 0 0 0 0 
0 -2 -6 0 0
3 0 0 0 0 
->
0 -2 -6 0 0
: hits 1, misses 0 
3 0 0 0 0 
1 -2 -6 0 0
3 0 0 0 0 
0 -2 -6 0 0
3 0 0 0 0 
0 -2 -6 0 0
3 0 0 0 0 
0 -2 -6 0 0
->
0 0 -3 0 0 
: hits 1, misses 0 
1 -2 -6 0 0
3 0 0 0 0 
1 -2 -6 0 0
3 0 0 0 0 
1 -2 -6 0 0
3 0 0 0 0 
1 -2 -6 0 0
3 0 0 0 0 
1 -2 -6 0 0
3 0 0 0 0 
1 -2 -6 0 0
3 0 0 0 0 
0 -2 -6 0 0
3 0 0 0 0 
0 -2 -6 0 0
3 0 0 0 0 
0 -2 -6 0 0
0 0 -3 0 0 
0 -2 -6 0 0
0 0 -3 0 0 
0 -2 -6 0 0
0 0 -3 0 0 
0 -2 -6 0 0
0 0 -3 0 0 
0 -2 -6 0 0
0 0 -3 0 0 
0 -2 -6 0 0
0 0 -3 0 0 
0 -2 -6 0 0
0 0 -3 0 0 
0 -2 -6 0 0
0 0 -3 0 0 
->
0 -2 -6 0 0
: hits 1, misses 0 
1 -2 -6 0 0
3 0 0 0 0 
0 -2 -6 0 0
3 0 0 0 0 
0 -2 -6 0 0
3 0 0 0 0 
0 -2 -6 0 0
0 0 -3 0 0 
0 -2 -6 0 0
0 0 -3 0 0 
0 -2 -6 0 0
0 0 -3 0 0 
0 -2 -6 0 0
0 0 -3 0 0 
0 -2 -6 0 0
0 0 -3 0 0 
0 -2 -6 0 0
0 0 -3 0 0 
0 -2 -6 0 0
0 0 -3 0 0 
0 -2 -6 0 0
0 0 -3 0 0 
0 -2 -6 0 0
0 0 -3 0 0 
0 -2 -6 0 0
0 0 -3 0 0 
0 -2 -6 0 0
0 0 -3 0 0 
0 -2 -6 0 0
0 0 -3 0 0 
0 -2 -6 0 0
0 0 -3 0 0 
->
0 -2 -5 0 0
: hits 1, misses 0 
0 0 -3 0 0 
0 -2 -5 0 0
0 0 -3 0 0 
0 -2 -5 0 0
->
0 0 -3 0 0 
: hits 16, misses 1 
0 0 -3 0 0 
0 -2 -5 0 0
->
0 0 0 0 0 
: hits 1, misses 1 
0 0 -3 0 0 
0 -2 -5 0 0
0 0 0 0 0 
0 -2 -4 0 0
->
3 0 0 0 0 
: hits 1, misses 0 
0 0 0 0 0 
0 -2 -4 0 0
3 0 0 0 0 
0 -2 -4 0 0
->
3 0 0 0 0 
: hits 1, misses 0 
0 0 0 0 0 
0 -2 -4 0 0
3 0 0 0 0 
0 -2 -4 0 0
3 0 0 0 0 
0 -2 -4 0 0
3 0 0 0 0 
0 -2 -4 0 0
->
0 0 -3 0 0 
: hits 1, misses 0 
3 0 0 0 0 
0 -2 -4 0 0
3 0 0 0 0 
0 -2 -4 0 0
0 0 -3 0 0 
0 -2 -4 0 0
0 0 -3 0 0 
0 -2 -4 0 0
->
0 0 -3 0 0 
: hits 1, misses 0 
0 0 -3 0 0 
0 -2 -4 0 0
0 0 -3 0 0 
0 -2 -4 0 0
->
0 0 -3 0 30 
: hits 1, misses 1 
0 0 -3 0 0 
0 -2 -4 0 0
0 0 -3 0 30 
0 -2 -4 0 30
->
0 0 -3 0 30 
: hits 1, misses 0 
0 0 -3 0 30 
0 -2 -4 0 30
0 0 -3 0 30 
0 -2 -4 0 30
->
3 0 0 0 30 
: hits 1, misses 1 
0 -2 -4 0 30
3 0 0 0 30 
->
0 -1 -4 0 30
: hits 1, misses 0 
3 0 0 0 30 
0 -1 -4 0 30
->
0 0 0 0 30 
: hits 2, misses 0 
0 0 0 0 30 
0 -1 -4 0 30
->
0 0 0 0 30 
: hits 1, misses 1 
0 0 0 0 30 
0 -1 -4 0 30
->
3 0 0 0 30 
: hits 1, misses 0 
0 -1 -4 0 30
0 0 0 0 30 
->
0 -1 -3 0 30
: hits 1, misses 0 
3 0 0 0 30 
0 -1 -4 0 30
0 0 0 0 30 
0 -1 -3 0 30
->
0 0 -3 0 30 
: hits 1, misses 0 
0 0 -3 0 30 
0 -1 -3 0 30
->
3 0 0 0 30 
: hits 1, misses 1 
0 -1 -3 0 30
3 0 0 0 30 
->
0 -1 -3 0 30
: hits 2, misses 0 
3 0 0 0 30 
0 -1 -3 0 30
->
3 0 0 0 30 
: hits 1, misses 1 
0 -1 -3 0 30
->
0 3 0 0 30 
: hits 3, misses 0 
0 3 0 0 30 
->
0 -1 -3 0 30
: hits 3, misses 0 
0 3 0 0 30 
0 -1 -3 0 30
->
0 0 0 0 30 
: hits 1, misses 1 
0 0 0 0 30 
0 -1 -3 0 30
->
0 3 0 0 30 
: hits 1, misses 0 
0 3 0 0 30 
0 -1 -3 0 30
->
0 3 0 0 30 
: hits 1, misses 1 
0 3 0 0 30 
0 -1 -3 0 30
->
0 0 -3 0 30 
: hits 1, misses 0 
0 3 0 0 30 
0 -1 -3 0 30
0 0 -3 0 30 
0 -1 -3 0 30
->
0 0 -3 0 30 
: hits 1, misses 0 
0 3 0 0 30 
0 -1 -3 0 30
0 3 0 0 30 
0 -1 -3 0 30
0 0 -3 0 30 
0 -1 -3 0 30
0 0 -3 0 30 
0 -1 -3 0 30
->
0 0 -3 0 30 
: hits 1, misses 0 
0 -1 -3 0 30
0 0 -3 0 30 
0 -1 -3 0 30
0 0 -3 0 30 
->
0 -1 -4 0 30
: hits 1, misses 1 
0 -1 -3 0 30
0 0 -3 0 30 
0 -1 -3 0 30
0 0 -3 0 30 
0 -1 -4 0 30
0 0 -3 0 30 
0 -1 -4 0 30
0 0 -3 0 30 
->
0 -1 -3 0 30
: hits 1, misses 0 
0 -1 -3 0 30
0 0 -3 0 30 
0 -1 -3 0 30
0 0 -3 0 30 
->
0 -1 -3 0 30
: hits 3, misses 0 
0 0 -3 0 30 
0 -1 -3 0 30
0 0 -3 0 30 
0 -1 -3 0 30
0 0 -3 0 30 
0 -1 -3 0 30
0 0 -3 0 30 
0 -1 -3 0 30
->
0 0 0 0 0 
: hits 1, misses 0 
0 0 3 0 0 
0 -1 -3 0 0
0 0 3 0 0 
0 -1 -3 0 0
->
0 0 3 0 0 
: hits 14, misses 1 
0 0 3 0 0 
0 -1 -3 0 0
->
3 0 0 0 0 
: hits 1, misses 1 
0 -1 -3 0 0
3 0 0 0 0 
->
0 -1 -2 0 0
: hits 1, misses 0 
3 0 0 0 0 
0 -1 -2 0 0
->
3 0 0 0 0 
: hits 1, misses 0 
0 -1 -3 0 0
3 0 0 0 0 
0 -1 -2 0 0
3 0 0 0 0 
3 -2 -5 0 0
3 0 0 0 0 
3 -2 -5 0 0
3 0 0 0 0 
->
2 -2 -5 0 0
: hits 1, misses 0 
0 -1 -3 0 0
3 0 0 0 0 
0 -1 -3 0 0
3 0 0 0 0 
0 -1 -2 0 0
3 0 0 0 0 
3 -2 -5 0 0
3 0 0 0 0 
3 -2 -5 0 0
3 0 0 0 0 
2 -2 -5 0 0
3 0 0 0 0 
2 -2 -5 0 0
3 0 0 0 0 
2 -2 -5 0 0
3 0 0 0 0 
->
2 -2 -5 0 0
: hits 1, misses 0 
0 -1 -3 0 0
3 0 0 0 0 
0 -1 -2 0 0
3 0 0 0 0 
3 -2 -5 0 0
3 0 0 0 0 
3 -2 -5 0 0
3 0 0 0 0 
2 -2 -5 0 0
3 0 0 0 0 
2 -2 -5 0 0
3 0 0 0 0 
2 -2 -5 0 0
3 0 0 0 0 
2 -2 -5 0 0
3 0 0 0 0 
->
2 -2 -5 0 0
: hits 1, misses 0 
0 -1 -2 0 0
3 0 0 0 0 
3 -2 -5 0 0
3 0 0 0 0 
3 -2 -5 0 0
3 0 0 0 0 
2 -2 -5 0 0
3 0 0 0 0 
2 -2 -5 0 0
3 0 0 0 0 
2 -2 -5 0 0
3 0 0 0 0 
2 -2 -5 0 0
3 0 0 0 0 
2 -2 -5 0 0
3 0 0 0 0 
->
2 -2 -6 0 0
: hits 1, misses 0 
2 -2 -5 0 0
3 0 0 0 0 
2 -2 -6 0 0
3 0 0 0 0 
->
2 -2 -5 0 0
: hits 1, misses 0 
2 -2 -5 0 0
3 0 0 0 0 
->
1 -2 -6 0 0
: hits 1, misses 0 
3 0 0 0 0 
1 -2 -6 0 0
3 0 0 0 0 
1 -2 -6 0 0
3 0 0 0 0 
1 -2 -6 0 0
3 0 0 0 0 
1 -2 -6 0 0
->
0 0 -3 0 0 
: hits 1, misses 0 
1 -2 -6 0 0
3 0 0 0 0 
1 -2 -6 0 0
3 0 0 0 0 
1 -2 -6 0 0
3 0 0 0 0 
1 -2 -6 0 0
3 0 0 0 0 
1 -2 -6 0 0
3 0 0 0 0 
1 -2 -6 0 0
0 0 -3 0 0 
0 -2 -6 0 0
0 0 -3 0 0 
0 -2 -6 0 0
0 0 -3 0 0 
0 -2 -6 0 0
0 0 -3 0 0 
0 -2 -6 0 0
0 0 -3 0 0 
0 -2 -6 0 0
0 0 -3 0 0 
0 -2 -6 0 0
0 0 -3 0 0 
0 -2 -6 0 0
0 0 -3 0 0 
0 -2 -6 0 0
0 0 -3 0 0 
0 -2 -6 0 0
0 0 -3 0 0 
0 -2 -6 0 0
0 0 -3 0 0 
->
0 -2 -5 0 0
: hits 1, misses 0 
0 0 -3 0 0 
0 -2 -6 0 0
0 0 -3 0 0 
0 -2 -5 0 0
->
0 0 -3 0 0 
: hits 1, misses 0 
0 -2 -5 0 0
0 0 -3 0 0 
0 -2 -5 0 0
0 0 -3 0 0 
0 -2 -5 0 0
0 0 -3 0 0 
0 -2 -5 0 0
0 0 -3 0 0 
->
0 -2 -4 0 0
: hits 1, misses 0 
0 0 -3 0 0 
0 -2 -5 0 0
0 0 -3 0 0 
0 -2 -5 0 0
0 0 -3 0 0 
0 -2 -4 0 0
0 0 -3 0 0 
0 -2 -4 0 0
->
3 0 0 0 0 
: hits 1, misses 0 
3 0 0 0 0 
0 -2 -4 0 0
3 0 0 0 0 
0 -2 -4 0 0
3 0 0 0 0 
0 -2 -4 0 0
3 0 0 0 0 
0 -2 -4 0 0
->
3 0 0 0 0 
: hits 6, misses 1 
3 0 0 0 0 
0 -2 -4 0 0
->
0 0 -3 0 30 
: hits 1, misses 0 
0 0 -3 0 30 
0 -2 -4 0 30
0 0 -3 0 30 
0 -2 -4 0 30
->
0 0 -3 0 30 
: hits 3, misses 0 
0 0 -3 0 30 
->
-1 -2 -4 0 30
: hits 2, misses 1 
-1 -2 -4 0 30
->
0 0 -3 0 30 
: hits 2, misses 0 
-1 -2 -4 0 30
0 0 -3 0 30 
->
-1 -1 -4 0 30
: hits 1, misses 0 
-1 -1 -4 0 30
0 0 -3 0 30 
0 -1 -4 0 30
0 0 -3 0 30 
->
0 -1 -4 0 30
: hits 1, misses 0 
-1 -2 -4 0 30
0 0 -3 0 30 
-1 -1 -4 0 30
0 0 -3 0 30 
0 -1 -4 0 30
0 0 -3 0 30 
0 -1 -4 0 30
0 0 -3 0 30 
->
0 -1 -4 0 30
: hits 1, misses 0 
0 -1 -4 0 30
0 0 -3 0 30 
0 -1 -4 0 30
0 0 -3 0 30 
0 -1 -4 0 30
0 0 -3 0 30 
0 -1 -4 0 30
0 0 -3 0 30 
->
0 -1 -4 0 30
: hits 1, misses 1 
-1 -2 -4 0 30
0 0 -3 0 30 
-1 -2 -4 0 30
0 0 -3 0 30 
-1 -1 -4 0 30
0 0 -3 0 30 
0 -1 -4 0 30
0 0 -3 0 30 
0 -1 -4 0 30
0 0 -3 0 30 
0 -1 -4 0 30
0 0 -3 0 30 
0 -1 -4 0 30
0 0 -3 0 30 
0 -1 -4 0 30
0 0 -3 0 30 
->
0 -1 -3 0 30
: hits 1, misses 0 
0 0 -3 0 30 
0 -1 -4 0 30
0 0 -3 0 30 
0 -1 -3 0 30
0 0 -3 0 30 
0 -1 -3 0 30
0 0 -3 0 30 
0 -1 -3 0 30
->
0 0 0 0 30 
: hits 1, misses 0 
0 0 0 0 30 
0 -1 -3 0 30
->
0 0 0 0 0 
: hits 1, misses 0 
0 -1 -3 0 30
0 0 0 0 0 
0 -1 -3 0 0
0 0 3 0 0 
0 -1 -3 0 0
0 0 3 0 0 
0 -1 -3 0 0
0 0 3 0 0 
->
0 -1 -2 0 0
: hits 1, misses 0 
0 -1 -3 0 0
0 0 3 0 0 
0 -1 -2 0 0
0 0 3 0 0 
->
0 -1 -3 0 0
: hits 1, misses 0 
0 0 3 0 0 
0 -1 -2 0 0
0 0 3 0 0 
0 -1 -3 0 0
->
0 0 3 0 0 
: hits 1, misses 0 
0 -1 -2 0 0
0 0 3 0 0 
0 -1 -3 0 0
0 0 3 0 0 
->
0 -1 -3 0 0
: hits 1, misses 0 
