3 0 0 0 0 
->
3 -2 -5 0 0
: hits 36, misses 2 
3 -2 -5 0 0
->
3 0 0 0 0 
: hits 87, misses 1 
3 0 0 0 0 
->
2 -2 -5 0 0
: hits 50, misses 1 
3 0 0 0 0 
->
2 -2 -6 0 0
: hits 16, misses 1 
2 -2 -6 0 0
->
3 0 0 0 0 
: hits 110, misses 1 
3 0 0 0 0 
->
1 -2 -6 0 0
: hits 53, misses 1 
3 0 0 0 0 
->
0 -2 -6 0 0
: hits 31, misses 1 
0 -2 -6 0 0
->
3 0 0 0 0 
: hits 84, misses 1 
0 -2 -6 0 0
->
0 0 -3 0 0 
: hits 184, misses 1 
0 0 -3 0 0 
->
0 -2 -6 0 0
: hits 87, misses 2 
0 0 -3 0 0 
->
0 -2 -5 0 0
: hits 79, misses 1 
0 0 -3 0 0 
->
0 -2 -4 0 0
: hits 41, misses 1 
0 -2 -4 0 0
->
0 0 -3 0 0 
: hits 112, misses 1 
0 -2 -4 0 0
->
0 0 0 0 30 
: hits 4, misses 2 
0 0 0 0 30 
->
0 -2 -4 0 30
: hits 4, misses 1 
0 -2 -4 0 30
->
3 0 0 0 30 
: hits 20, misses 1 
3 0 0 0 30 
->
0 -2 -4 0 30
: hits 9, misses 1 
3 0 0 0 30 
0 -2 -4 0 30
->
0 0 0 0 30 
: hits 5, misses 2 
0 0 0 0 30 
0 -2 -4 0 30
->
3 0 0 0 30 
: hits 4, misses 1 
3 0 0 0 30 
0 -2 -4 0 30
->
3 0 0 0 30 
: hits 9, misses 5 
3 0 0 0 30 
->
0 -1 -4 0 30
: hits 6, misses 1 
0 -1 -4 0 30
->
0 0 -3 0 30 
: hits 93, misses 2 
0 0 -3 0 30 
->
0 -2 -4 0 30
: hits 31, misses 1 
0 0 -3 0 30 
->
0 -1 -4 0 30
: hits 25, misses 1 
0 0 -3 0 30 
0 -1 -4 0 30
->
3 0 0 0 30 
: hits 6, misses 2 
3 0 0 0 30 
->
0 -1 -3 0 30
: hits 5, misses 1 
0 -1 -3 0 30
->
3 0 0 0 30 
: hits 11, misses 1 
3 0 0 0 30 
0 -1 -3 0 30
->
0 0 -3 0 30 
: hits 2, misses 2 
0 0 -3 0 30 
->
0 -1 -3 0 30
: hits 42, misses 1 
0 0 -3 0 30 
0 -1 -3 0 30
->
0 0 -3 0 30 
: hits 61, misses 6 
0 -1 -3 0 30
->
3 0 0 0 0 
: hits 27, misses 1 
3 0 0 0 0 
->
0 -1 -3 0 0
: hits 22, misses 1 
0 -1 -3 0 0
->
0 0 0 0 0 
: hits 13, misses 1 
0 0 0 0 0 
->
0 -1 -3 0 0
: hits 5, misses 1 
0 -1 -3 0 0
->
0 0 3 0 0 
: hits 108, misses 3 
0 0 3 0 0 
->
0 -1 -3 0 0
: hits 107, misses 1 
0 0 -3 0 0 
->
0 -1 -3 0 0
: hits 95, misses 1 
0 0 -3 0 0 
0 -1 -3 0 0
->
3 0 0 0 0 
: hits 7, misses 1 
3 0 0 0 0 
0 -1 -3 0 0
->
3 0 0 0 0 
: hits 22, misses 1 
0 -1 -3 0 0
3 0 0 0 0 
->
3 -2 -5 0 0
: hits 7, misses 3 
3 -2 -5 0 0
3 0 0 0 0 
->
2 -2 -5 0 0
: hits 42, misses 4 
3 0 0 0 0 
->
1 -2 -5 0 0
: hits 3, misses 1 
1 -2 -5 0 0
->
3 0 0 0 0 
: hits 103, misses 1 
1 -2 -5 0 0
3 0 0 0 0 
->
1 -2 -6 0 0
: hits 41, misses 4 
1 -2 -6 0 0
->
0 0 0 0 0 
: hits 2, misses 1 
0 0 0 0 0 
->
1 -2 -6 0 0
: hits 1, misses 1 
0 0 -3 0 0 
->
1 -2 -6 0 0
: hits 2, misses 1 
1 -2 -6 0 0
0 0 -3 0 0 
->
0 -2 -6 0 0
: hits 76, misses 3 
0 -2 -6 0 0
0 0 -3 0 0 
->
0 -2 -5 0 0
: hits 68, misses 7 
0 0 -3 0 0 
->
1 -2 -5 0 0
: hits 6, misses 1 
1 -2 -5 0 0
->
0 0 -3 0 0 
: hits 72, misses 1 
1 -2 -5 0 0
0 0 -3 0 0 
->
1 -2 -5 0 0
: hits 5, misses 2 
0 0 -3 0 0 
1 -2 -5 0 0
->
0 0 -3 0 0 
: hits 65, misses 2 
0 0 -3 0 0 
->
1 -2 -4 0 0
: hits 3, misses 1 
1 -2 -4 0 0
0 0 -3 0 0 
->
1 -2 -4 0 0
: hits 2, misses 1 
0 0 -3 0 0 
1 -2 -4 0 0
->
3 0 0 0 0 
: hits 5, misses 1 
3 0 0 0 0 
->
1 -2 -4 0 0
: hits 5, misses 1 
3 0 0 0 0 
1 -2 -4 0 0
->
3 0 0 0 0 
: hits 27, misses 1 
1 -2 -4 0 0
3 0 0 0 0 
->
1 -2 -4 0 0
: hits 4, misses 2 
3 0 0 0 0 
->
0 -2 -4 0 0
: hits 29, misses 1 
0 -2 -4 0 0
3 0 0 0 0 
->
0 -2 -4 0 0
: hits 28, misses 2 
3 0 0 0 0 
0 -2 -4 0 0
->
0 0 -3 0 0 
: hits 7, misses 1 
0 -2 -4 0 0
0 0 -3 0 0 
->
0 -2 -4 0 0
: hits 39, misses 5 
0 0 -3 0 0 
0 -2 -4 0 0
->
0 0 -3 0 0 
: hits 96, misses 3 
0 -2 -4 0 0
->
0 0 -3 0 30 
: hits 32, misses 1 
0 -2 -4 0 0
0 0 -3 0 30 
->
0 -2 -4 0 30
: hits 26, misses 1 
0 -2 -4 0 30
3 0 0 0 30 
->
0 -2 -4 0 30
: hits 7, misses 3 
3 0 0 0 30 
->
0 -2 -3 0 30
: hits 4, misses 1 
3 0 0 0 30 
0 -2 -4 0 30
3 0 0 0 30 
0 -2 -3 0 30
->
3 0 0 0 30 
: hits 1, misses 1 
3 0 0 0 30 
0 -2 -4 0 30
->
0 0 -3 0 30 
: hits 4, misses 2 
0 0 -3 0 30 
->
0 -2 -3 0 30
: hits 10, misses 1 
0 -2 -3 0 30
0 0 -3 0 30 
->
0 -2 -3 0 30
: hits 9, misses 3 
0 -2 -3 0 30
0 0 -3 0 30 
->
0 -1 -3 0 30
: hits 32, misses 2 
0 -1 -3 0 30
->
0 0 0 0 30 
: hits 15, misses 1 
0 0 0 0 30 
->
0 -1 -3 0 30
: hits 11, misses 1 
0 0 0 0 30 
0 -1 -3 0 30
->
0 0 -3 0 30 
: hits 4, misses 3 
0 0 -3 0 30 
0 -1 -3 0 30
->
0 0 3 0 0 
: hits 2, misses 1 
0 -1 -3 0 30
0 0 3 0 0 
->
0 -1 -3 0 0
: hits 83, misses 2 
0 0 3 0 0 
0 -1 -3 0 0
->
0 0 3 0 0 
: hits 87, misses 5 
0 0 3 0 0 
->
0 -2 -2 0 0
: hits 3, misses 1 
0 -2 -2 0 0
->
0 0 3 0 0 
: hits 15, misses 1 
0 0 3 0 0 
->
0 -2 -3 0 0
: hits 7, misses 1 
0 -2 -2 0 0
0 0 3 0 0 
->
0 -2 -3 0 0
: hits 4, misses 2 
0 -2 -3 0 0
->
3 0 0 0 0 
: hits 53, misses 0 
3 0 0 0 0 
->
0 -2 -2 0 0
: hits 2, misses 1 
3 0 0 0 0 
0 -2 -2 0 0
->
3 0 0 0 0 
: hits 5, misses 1 
3 0 0 0 0 
->
0 -2 -3 0 0
: hits 2, misses 1 
0 -2 -3 0 0
3 0 0 0 0 
->
0 -2 -2 0 0
: hits 1, misses 1 
0 -2 -2 0 0
3 0 0 0 0 
->
3 -2 -5 0 0
: hits 3, misses 1 
3 -2 -5 0 0
3 0 0 0 0 
->
3 -2 -5 0 0
: hits 21, misses 1 
3 -2 -5 0 0
3 0 0 0 0 
3 -2 -5 0 0
3 0 0 0 0 
->
2 -2 -5 0 0
: hits 16, misses 2 
2 -2 -5 0 0
3 0 0 0 0 
->
2 -2 -6 0 0
: hits 15, misses 1 
2 -2 -6 0 0
3 0 0 0 0 
->
1 -2 -6 0 0
: hits 45, misses 2 
3 0 0 0 0 
1 -2 -6 0 0
->
3 0 0 0 0 
: hits 79, misses 2 
1 -2 -6 0 0
3 0 0 0 0 
->
0 -2 -6 0 0
: hits 26, misses 4 
3 0 0 0 0 
0 -2 -6 0 0
->
0 0 -3 0 0 
: hits 10, misses 1 
0 -2 -6 0 0
3 0 0 0 0 
0 -2 -6 0 0
0 0 -3 0 0 
->
0 -2 -6 0 0
: hits 3, misses 2 
0 -2 -6 0 0
0 0 -3 0 0 
0 -2 -6 0 0
0 0 -3 0 0 
->
0 -2 -5 0 0
: hits 14, misses 1 
0 -2 -5 0 0
0 0 -3 0 0 
0 -2 -5 0 0
0 0 -3 0 0 
->
0 -2 -5 0 0
: hits 54, misses 2 
0 0 -3 0 0 
0 -2 -5 0 0
->
3 0 0 0 0 
: hits 8, misses 3 
3 0 0 0 0 
->
0 -2 -5 0 0
: hits 12, misses 0 
3 0 0 0 0 
0 -2 -5 0 0
->
3 0 0 0 0 
: hits 50, misses 3 
0 -2 -5 0 0
3 0 0 0 0 
0 -2 -5 0 0
3 0 0 0 0 
->
0 -2 -4 0 0
: hits 4, misses 1 
3 0 0 0 0 
0 -2 -4 0 0
3 0 0 0 0 
0 -2 -4 0 0
->
0 0 -3 0 0 
: hits 3, misses 2 
3 0 0 0 0 
0 -2 -4 0 0
0 0 -3 0 0 
0 -2 -4 0 0
->
0 0 -3 0 0 
: hits 3, misses 2 
0 0 -3 0 0 
0 -2 -4 0 0
0 0 -3 0 0 
0 -2 -4 0 0
->
3 0 0 0 0 
: hits 3, misses 1 
0 -2 -4 0 0
->
0 0 0 0 0 
: hits 11, misses 0 
0 0 0 0 0 
->
0 -2 -4 0 0
: hits 7, misses 1 
0 0 0 0 0 
0 -2 -4 0 0
->
0 0 -3 0 0 
: hits 2, misses 2 
0 0 -3 0 0 
0 -2 -4 0 0
0 0 -3 0 0 
0 -2 -4 0 0
->
0 0 -3 0 0 
: hits 18, misses 1 
0 -2 -4 0 0
0 0 -3 0 0 
->
0 -2 -3 0 0
: hits 2, misses 1 
0 0 -3 0 0 
0 -2 -3 0 0
0 0 -3 0 0 
0 -2 -3 0 0
->
3 0 0 0 0 
: hits 1, misses 0 
0 -2 -3 0 0
3 0 0 0 0 
->
0 -2 -3 0 0
: hits 1, misses 1 
0 -2 -3 0 0
3 0 0 0 0 
->
0 -1 -3 0 0
: hits 17, misses 2 
3 0 0 0 0 
0 -1 -3 0 0
->
3 0 0 0 30 
: hits 1, misses 1 
0 -1 -3 0 0
3 0 0 0 30 
->
0 -1 -3 0 30
: hits 3, misses 1 
3 0 0 0 30 
0 -1 -3 0 30
0 0 -3 0 30 
0 -1 -3 0 30
->
0 0 -3 0 30 
: hits 1, misses 0 
0 -1 -3 0 30
0 0 -3 0 30 
0 -1 -3 0 30
0 0 -3 0 30 
->
0 -2 -3 0 30
: hits 2, misses 2 
0 -2 -3 0 30
0 0 -3 0 30 
0 -2 -3 0 30
0 0 -3 0 30 
->
0 -1 -3 0 30
: hits 4, misses 0 
0 -1 -3 0 30
0 0 -3 0 30 
0 -2 -3 0 30
0 0 -3 0 30 
0 -2 -3 0 30
0 0 -3 0 30 
0 -1 -3 0 30
0 0 -3 0 30 
->
0 -1 -3 0 30
: hits 1, misses 0 
0 -1 -3 0 30
0 0 -3 0 30 
0 -1 -3 0 30
0 0 -3 0 30 
->
0 -1 -3 0 30
: hits 24, misses 3 
0 0 -3 0 30 
0 -1 -3 0 30
->
0 0 0 0 30 
: hits 4, misses 1 
0 -1 -3 0 30
0 0 0 0 30 
->
0 -1 -3 0 30
: hits 10, misses 6 
0 0 0 0 30 
0 -1 -3 0 30
->
0 0 0 0 30 
: hits 4, misses 2 
0 0 0 0 30 
0 -1 -3 0 30
->
0 0 0 0 0 
: hits 2, misses 1 
0 0 0 0 0 
->
0 -1 -2 0 0
: hits 7, misses 2 
0 0 0 0 0 
0 -1 -2 0 0
->
0 0 0 0 0 
: hits 5, misses 2 
0 -1 -2 0 0
->
3 0 0 0 0 
: hits 22, misses 0 
3 0 0 0 0 
->
0 -1 -2 0 0
: hits 2, misses 0 
3 0 0 0 0 
0 -1 -2 0 0
->
0 0 0 0 0 
: hits 1, misses 1 
0 0 0 0 0 
->
-1 -1 -2 0 0
: hits 7, misses 1 
-1 -1 -2 0 0
->
0 0 0 0 0 
: hits 6, misses 2 
-1 -1 -2 0 0
->
3 0 0 0 0 
: hits 1, misses 1 
3 0 0 0 0 
->
-1 -1 -2 0 0
: hits 1, misses 0 
3 0 0 0 0 
-1 -1 -2 0 0
->
0 0 0 0 0 
: hits 1, misses 0 
-1 -1 -2 0 0
->
0 0 3 0 0 
: hits 1, misses 0 
-1 -1 -2 0 0
0 0 3 0 0 
->
0 -1 -3 0 0
: hits 6, misses 1 
0 0 3 0 0 
->
0 -1 -2 0 0
: hits 9, misses 1 
0 -1 -2 0 0
0 0 3 0 0 
->
0 -1 -3 0 0
: hits 83, misses 2 
0 -1 -3 0 0
0 0 3 0 0 
->
0 -1 -2 0 0
: hits 8, misses 1 
0 -1 -3 0 0
0 0 3 0 0 
0 -1 -2 0 0
0 0 3 0 0 
->
0 -1 -3 0 0
: hits 71, misses 3 
0 0 3 0 0 
0 -1 -3 0 0
->
0 0 0 0 0 
: hits 1, misses 1 
0 -1 -3 0 0
0 0 0 0 0 
->
0 -1 -2 0 0
: hits 2, misses 1 
0 0 0 0 0 
0 -1 -2 0 0
->
0 0 3 0 0 
: hits 5, misses 0 
0 -1 -2 0 0
0 0 0 0 0 
0 -1 -2 0 0
0 0 3 0 0 
->
0 -1 -3 0 0
: hits 6, misses 0 
0 0 0 0 0 
0 -1 -2 0 0
0 0 3 0 0 
0 -1 -3 0 0
->
0 0 3 0 0 
: hits 5, misses 1 
0 -1 -2 0 0
0 0 3 0 0 
0 -1 -3 0 0
0 0 3 0 0 
->
0 -1 -2 0 0
: hits 6, misses 1 
0 0 3 0 0 
->
0 -1 -3 0 0
: hits 85, misses 0 
0 0 3 0 0 
0 -1 -3 0 0
->
3 0 0 0 0 
: hits 5, misses 1 
0 0 3 0 0 
0 -1 -3 0 0
3 0 0 0 0 
0 -1 -3 0 0
->
3 0 0 0 0 
: hits 5, misses 0 
3 0 0 0 0 
0 -1 -3 0 0
3 0 0 0 0 
0 -1 -3 0 0
->
3 0 0 0 0 
: hits 10, misses 1 
0 -1 -3 0 0
3 0 0 0 0 
0 -1 -3 0 0
3 0 0 0 0 
->
3 -2 -5 0 0
: hits 6, misses 2 
0 -1 -3 0 0
3 0 0 0 0 
3 -2 -5 0 0
3 0 0 0 0 
->
3 -2 -5 0 0
: hits 7, misses 0 
3 -2 -5 0 0
3 0 0 0 0 
3 -2 -5 0 0
3 0 0 0 0 
->
3 -2 -5 0 0
: hits 13, misses 1 
0 -1 -3 0 0
3 0 0 0 0 
3 -2 -5 0 0
3 0 0 0 0 
3 -2 -5 0 0
3 0 0 0 0 
3 -2 -5 0 0
3 0 0 0 0 
->
2 -2 -5 0 0
: hits 4, misses 2 
2 -2 -5 0 0
3 0 0 0 0 
2 -2 -5 0 0
3 0 0 0 0 
->
2 -2 -5 0 0
: hits 24, misses 2 
2 -2 -5 0 0
3 0 0 0 0 
2 -2 -5 0 0
3 0 0 0 0 
->
2 -2 -6 0 0
: hits 10, misses 1 
2 -2 -5 0 0
3 0 0 0 0 
2 -2 -6 0 0
3 0 0 0 0 
->
1 -2 -6 0 0
: hits 6, misses 1 
3 0 0 0 0 
2 -2 -6 0 0
3 0 0 0 0 
1 -2 -6 0 0
->
3 0 0 0 0 
: hits 42, misses 2 
2 -2 -6 0 0
3 0 0 0 0 
1 -2 -6 0 0
3 0 0 0 0 
->
1 -2 -6 0 0
: hits 35, misses 3 
1 -2 -6 0 0
3 0 0 0 0 
1 -2 -6 0 0
3 0 0 0 0 
->
0 -2 -6 0 0
: hits 9, misses 2 
3 0 0 0 0 
0 -2 -6 0 0
3 0 0 0 0 
0 -2 -6 0 0
->
0 0 -3 0 0 
: hits 3, misses 2 
0 0 -3 0 0 
0 -2 -6 0 0
->
0 0 -3 0 0 
: hits 120, misses 2 
0 -2 -6 0 0
0 0 -3 0 0 
0 -2 -6 0 0
0 0 -3 0 0 
->
0 -2 -6 0 0
: hits 53, misses 1 
0 -2 -6 0 0
0 0 -3 0 0 
0 -2 -6 0 0
0 0 -3 0 0 
0 -2 -6 0 0
0 0 -3 0 0 
0 -2 -6 0 0
0 0 -3 0 0 
->
0 -2 -5 0 0
: hits 12, misses 2 
0 -2 -5 0 0
0 0 -3 0 0 
0 -2 -5 0 0
0 0 -3 0 0 
->
0 -2 -4 0 0
: hits 6, misses 1 
0 -2 -4 0 0
0 0 -3 0 0 
0 -2 -4 0 0
0 0 -3 0 0 
->
0 -2 -4 0 0
: hits 15, misses 2 
0 0 -3 0 0 
0 -2 -4 0 0
0 0 -3 0 0 
0 -2 -4 0 0
0 0 -3 0 0 
0 -2 -4 0 0
0 0 -3 0 0 
0 -2 -4 0 0
->
3 0 0 0 0 
: hits 1, misses 2 
3 0 0 0 0 
0 -2 -4 0 0
3 0 0 0 0 
0 -2 -4 0 0
->
3 0 0 0 0 
: hits 15, misses 3 
3 0 0 0 0 
0 -2 -4 0 0
->
0 0 0 0 30 
: hits 1, misses 1 
0 -2 -4 0 0
0 0 0 0 30 
->
0 -2 -4 0 30
: hits 2, misses 1 
0 -2 -4 0 30
3 0 0 0 30 
->
0 -2 -3 0 30
: hits 3, misses 2 
0 0 0 0 30 
0 -2 -4 0 30
3 0 0 0 30 
0 -2 -3 0 30
->
3 0 0 0 30 
: hits 2, misses 0 
3 0 0 0 30 
0 -2 -3 0 30
3 0 0 0 30 
0 -2 -3 0 30
->
0 0 0 0 30 
: hits 1, misses 1 
0 0 0 0 30 
->
0 -2 -3 0 30
: hits 1, misses 1 
0 -2 -3 0 30
3 0 0 0 30 
0 -2 -3 0 30
3 0 0 0 30 
->
0 -2 -4 0 30
: hits 2, misses 0 
3 0 0 0 30 
0 -2 -3 0 30
3 0 0 0 30 
0 -2 -4 0 30
->
3 0 0 0 30 
: hits 1, misses 1 
3 0 0 0 30 
0 -2 -4 0 30
3 0 0 0 30 
0 -2 -4 0 30
->
0 0 -3 0 30 
: hits 1, misses 0 
0 -2 -4 0 30
3 0 0 0 30 
0 -2 -4 0 30
0 0 -3 0 30 
->
0 -2 -4 0 30
: hits 3, misses 0 
0 0 -3 0 30 
0 -2 -4 0 30
->
0 0 -3 0 30 
: hits 44, misses 2 
0 -2 -4 0 30
0 0 -3 0 30 
0 -2 -4 0 30
0 0 -3 0 30 
->
0 -2 -4 0 30
: hits 16, misses 5 
0 0 -3 0 30 
0 -2 -4 0 30
->
0 0 0 0 30 
: hits 1, misses 1 
0 0 0 0 30 
0 -2 -4 0 30
->
0 0 -3 0 30 
: hits 2, misses 1 
0 0 0 0 30 
0 -2 -4 0 30
0 0 -3 0 30 
0 -2 -4 0 30
->
0 0 -3 0 30 
: hits 1, misses 0 
0 -2 -4 0 30
0 0 -3 0 30 
0 -2 -4 0 30
0 0 -3 0 30 
->
0 -2 -3 0 30
: hits 1, misses 1 
0 0 -3 0 30 
0 -2 -4 0 30
0 0 -3 0 30 
0 -2 -3 0 30
->
0 0 -3 0 30 
: hits 12, misses 1 
0 0 -3 0 30 
0 -1 -3 0 30
0 0 -3 0 30 
0 -1 -3 0 30
->
0 0 3 0 0 
: hits 1, misses 1 
0 0 -3 0 30 
0 -1 -3 0 30
0 0 3 0 0 
0 -1 -3 0 0
->
0 0 3 0 0 
: hits 1, misses 1 
0 0 3 0 0 
0 -1 -3 0 0
->
3 0 0 0 0 
: hits 4, misses 1 
0 0 3 0 0 
0 -1 -3 0 0
3 0 0 0 0 
->
0 -1 -3 0 0
: hits 4, misses 0 
0 -1 -3 0 0
3 0 0 0 0 
0 -1 -3 0 0
3 0 0 0 0 
->
0 -1 -3 0 0
: hits 8, misses 2 
0 -1 -3 0 0
3 0 0 0 0 
0 -1 -3 0 0
3 0 0 0 0 
0 -1 -3 0 0
3 0 0 0 0 
0 -1 -3 0 0
3 0 0 0 0 
->
3 -2 -5 0 0
: hits 5, misses 0 
0 -1 -3 0 0
3 0 0 0 0 
0 -1 -3 0 0
3 0 0 0 0 
3 -2 -5 0 0
3 0 0 0 0 
3 -2 -5 0 0
3 0 0 0 0 
->
3 -2 -5 0 0
: hits 6, misses 1 
3 -2 -5 0 0
3 0 0 0 0 
3 -2 -5 0 0
3 0 0 0 0 
2 -2 -5 0 0
3 0 0 0 0 
2 -2 -5 0 0
3 0 0 0 0 
->
2 -2 -5 0 0
: hits 14, misses 2 
2 -2 -5 0 0
3 0 0 0 0 
2 -2 -5 0 0
3 0 0 0 0 
2 -2 -5 0 0
3 0 0 0 0 
2 -2 -5 0 0
3 0 0 0 0 
->
2 -2 -6 0 0
: hits 9, misses 3 
2 -2 -6 0 0
3 0 0 0 0 
2 -2 -6 0 0
3 0 0 0 0 
->
2 -2 -6 0 0
: hits 6, misses 1 
2 -2 -5 0 0
3 0 0 0 0 
2 -2 -6 0 0
3 0 0 0 0 
2 -2 -6 0 0
3 0 0 0 0 
2 -2 -6 0 0
3 0 0 0 0 
->
1 -2 -6 0 0
: hits 5, misses 1 
3 0 0 0 0 
2 -2 -6 0 0
3 0 0 0 0 
1 -2 -6 0 0
->
0 0 -3 0 0 
: hits 3, misses 1 
1 -2 -6 0 0
0 0 -3 0 0 
->
1 -2 -6 0 0
: hits 1, misses 1 
0 0 -3 0 0 
1 -2 -6 0 0
->
3 0 0 0 0 
: hits 1, misses 1 
1 -2 -6 0 0
0 0 -3 0 0 
1 -2 -6 0 0
3 0 0 0 0 
->
1 -2 -6 0 0
: hits 1, misses 0 
2 -2 -6 0 0
3 0 0 0 0 
1 -2 -6 0 0
0 0 -3 0 0 
1 -2 -6 0 0
3 0 0 0 0 
1 -2 -6 0 0
3 0 0 0 0 
->
1 -2 -6 0 0
: hits 1, misses 0 
3 0 0 0 0 
1 -2 -6 0 0
0 0 -3 0 0 
1 -2 -6 0 0
3 0 0 0 0 
1 -2 -6 0 0
3 0 0 0 0 
1 -2 -6 0 0
->
3 0 0 0 0 
: hits 1, misses 0 
1 -2 -6 0 0
3 0 0 0 0 
1 -2 -6 0 0
3 0 0 0 0 
1 -2 -6 0 0
3 0 0 0 0 
1 -2 -6 0 0
3 0 0 0 0 
->
0 -2 -6 0 0
: hits 7, misses 3 
3 0 0 0 0 
1 -2 -6 0 0
3 0 0 0 0 
0 -2 -6 0 0
->
3 0 0 0 0 
: hits 41, misses 2 
3 0 0 0 0 
->
0 -2 -7 0 0
: hits 3, misses 0 
0 0 -3 0 0 
->
0 -2 -7 0 0
: hits 5, misses 1 
0 -2 -7 0 0
0 0 -3 0 0 
->
0 -2 -7 0 0
: hits 4, misses 1 
0 0 -3 0 0 
->
-1 -2 -7 0 0
: hits 3, misses 0 
-1 -2 -7 0 0
->
0 0 -3 0 0 
: hits 8, misses 0 
-1 -2 -7 0 0
0 0 -3 0 0 
->
-1 -2 -7 0 0
: hits 2, misses 2 
0 0 -3 0 0 
->
-1 -2 -6 0 0
: hits 1, misses 0 
0 0 -3 0 0 
-1 -2 -6 0 0
->
0 0 -3 0 0 
: hits 6, misses 0 
-1 -2 -7 0 0
0 0 -3 0 0 
-1 -2 -6 0 0
0 0 -3 0 0 
->
0 -2 -6 0 0
: hits 1, misses 0 
0 -2 -6 0 0
0 0 -3 0 0 
0 -2 -6 0 0
0 0 -3 0 0 
0 -2 -6 0 0
0 0 -3 0 0 
0 -2 -6 0 0
0 0 -3 0 0 
->
0 -2 -6 0 0
: hits 32, misses 2 
-1 -2 -7 0 0
0 0 -3 0 0 
-1 -2 -6 0 0
0 0 -3 0 0 
0 -2 -6 0 0
0 0 -3 0 0 
0 -2 -6 0 0
0 0 -3 0 0 
0 -2 -6 0 0
0 0 -3 0 0 
0 -2 -6 0 0
0 0 -3 0 0 
0 -2 -6 0 0
0 0 -3 0 0 
0 -2 -6 0 0
0 0 -3 0 0 
->
0 -2 -5 0 0
: hits 1, misses 0 
0 -2 -6 0 0
0 0 -3 0 0 
0 -2 -6 0 0
0 0 -3 0 0 
0 -2 -5 0 0
0 0 -3 0 0 
0 -2 -5 0 0
0 0 -3 0 0 
->
0 -2 -5 0 0
: hits 14, misses 0 
0 0 -3 0 0 
0 -2 -5 0 0
->
0 0 -3 0 30 
: hits 3, misses 1 
0 -2 -5 0 0
0 0 -3 0 0 
0 -2 -5 0 0
0 0 -3 0 30 
->
0 -2 -4 0 30
: hits 1, misses 1 
0 -2 -5 0 0
0 0 -3 0 0 
0 -2 -5 0 0
0 0 -3 0 30 
0 -2 -4 0 30
0 0 -3 0 30 
0 -2 -4 0 30
0 0 -3 0 30 
->
0 -2 -4 0 30
: hits 1, misses 0 
0 -2 -4 0 30
0 0 -3 0 30 
->
0 -1 -4 0 30
: hits 18, misses 1 
0 -2 -4 0 30
0 0 -3 0 30 
0 -1 -4 0 30
0 0 -3 0 30 
->
0 -1 -4 0 30
: hits 13, misses 4 
0 -1 -4 0 30
0 0 -3 0 30 
->
0 -1 -3 0 30
: hits 29, misses 1 
0 0 -3 0 30 
0 -1 -4 0 30
0 0 -3 0 30 
0 -1 -3 0 30
->
0 0 -3 0 30 
: hits 32, misses 3 
0 0 -3 0 30 
0 -1 -3 0 30
0 0 -3 0 30 
0 -1 -3 0 30
->
0 0 0 0 30 
: hits 3, misses 2 
0 0 0 0 30 
0 -1 -3 0 30
->
0 0 3 0 0 
: hits 1, misses 1 
0 0 0 0 30 
0 -1 -3 0 30
0 0 3 0 0 
0 -1 -3 0 0
->
0 0 3 0 0 
: hits 1, misses 1 
0 -1 -3 0 30
0 0 3 0 0 
0 -1 -3 0 0
0 0 3 0 0 
0 -1 -3 0 0
0 0 3 0 0 
0 -1 -3 0 0
0 0 3 0 0 
->
0 -1 -2 0 0
: hits 1, misses 1 
0 -1 -3 0 0
0 0 3 0 0 
0 -1 -2 0 0
0 0 3 0 0 
->
0 -1 -2 0 0
: hits 5, misses 1 
3 0 0 0 0 
->
3 -2 -5 0 0
: hits 18, misses 0 
3 0 0 0 0 
3 -2 -5 0 0
3 0 0 0 0 
3 -2 -5 0 0
3 0 0 0 0 
->
3 -2 -5 0 0
: hits 8, misses 1 
3 0 0 0 0 
3 -2 -5 0 0
3 0 0 0 0 
3 -2 -5 0 0
3 0 0 0 0 
3 -2 -5 0 0
3 0 0 0 0 
->
2 -2 -5 0 0
: hits 9, misses 2 
2 -2 -5 0 0
3 0 0 0 0 
2 -2 -5 0 0
3 0 0 0 0 
2 -2 -5 0 0
3 0 0 0 0 
2 -2 -5 0 0
3 0 0 0 0 
->
2 -2 -5 0 0
: hits 6, misses 2 
2 -2 -5 0 0
3 0 0 0 0 
->
1 -2 -5 0 0
: hits 1, misses 1 
2 -2 -5 0 0
3 0 0 0 0 
1 -2 -5 0 0
3 0 0 0 0 
->
1 -2 -6 0 0
: hits 2, misses 0 
1 -2 -5 0 0
3 0 0 0 0 
1 -2 -6 0 0
3 0 0 0 0 
->
1 -2 -6 0 0
: hits 22, misses 0 
1 -2 -5 0 0
3 0 0 0 0 
1 -2 -6 0 0
3 0 0 0 0 
1 -2 -6 0 0
3 0 0 0 0 
1 -2 -6 0 0
3 0 0 0 0 
->
1 -2 -6 0 0
: hits 12, misses 1 
2 -2 -5 0 0
3 0 0 0 0 
1 -2 -5 0 0
3 0 0 0 0 
1 -2 -6 0 0
3 0 0 0 0 
1 -2 -6 0 0
3 0 0 0 0 
1 -2 -6 0 0
3 0 0 0 0 
1 -2 -6 0 0
3 0 0 0 0 
1 -2 -6 0 0
3 0 0 0 0 
1 -2 -6 0 0
3 0 0 0 0 
->
0 -2 -6 0 0
: hits 1, misses 0 
0 -2 -6 0 0
3 0 0 0 0 
->
0 -2 -7 0 0
: hits 2, misses 1 
3 0 0 0 0 
0 -2 -7 0 0
->
3 0 0 0 0 
: hits 3, misses 1 
3 0 0 0 0 
0 -2 -7 0 0
3 0 0 0 0 
0 -2 -7 0 0
->
0 0 -3 0 0 
: hits 1, misses 0 
0 -2 -7 0 0
3 0 0 0 0 
0 -2 -7 0 0
0 0 -3 0 0 
->
0 -2 -7 0 0
: hits 1, misses 0 
0 -2 -7 0 0
0 0 -3 0 0 
0 -2 -7 0 0
0 0 -3 0 0 
->
0 -2 -7 0 0
: hits 1, misses 1 
0 0 -3 0 0 
->
-1 -1 -7 0 0
: hits 4, misses 0 
-1 -1 -7 0 0
0 0 -3 0 0 
->
-1 -1 -7 0 0
: hits 3, misses 2 
0 0 -3 0 0 
->
-1 -1 -6 0 0
: hits 5, misses 0 
-1 -1 -6 0 0
0 0 -3 0 0 
->
-1 -1 -6 0 0
: hits 4, misses 1 
0 0 -3 0 0 
->
0 -1 -6 0 0
: hits 4, misses 0 
0 -1 -6 0 0
0 0 -3 0 0 
->
0 -1 -6 0 0
: hits 3, misses 2 
0 0 -3 0 0 
->
0 -1 -5 0 0
: hits 9, misses 0 
0 -1 -5 0 0
->
0 0 -3 0 0 
: hits 52, misses 0 
0 -1 -5 0 0
0 0 -3 0 0 
->
0 -1 -5 0 0
: hits 8, misses 2 
0 0 -3 0 0 
0 -1 -5 0 0
->
0 0 -3 0 0 
: hits 48, misses 1 
0 0 -3 0 0 
->
0 -1 -4 0 0
: hits 7, misses 0 
0 -1 -4 0 0
0 0 -3 0 0 
->
0 -1 -4 0 0
: hits 6, misses 1 
0 -1 -4 0 0
0 0 -3 0 0 
->
0 -1 -3 0 0
: hits 8, misses 1 
0 -1 -3 0 0
->
0 0 -3 0 0 
: hits 4, misses 1 
0 0 -3 0 0 
0 -1 -3 0 0
->
0 0 -3 0 0 
: hits 3, misses 1 
0 0 -3 0 0 
0 -1 -3 0 0
0 0 -3 0 0 
0 -1 -3 0 0
->
0 0 3 0 0 
: hits 2, misses 1 
0 -1 -3 0 0
0 0 -3 0 0 
0 -1 -3 0 0
0 0 -3 0 0 
0 -1 -3 0 0
0 0 3 0 0 
0 -1 -3 0 0
0 0 3 0 0 
->
0 -1 -3 0 0
: hits 5, misses 0 
0 -1 -3 0 0
0 0 3 0 0 
0 -1 -3 0 0
0 0 3 0 0 
0 -1 -3 0 0
0 0 3 0 0 
0 -1 -3 0 0
0 0 3 0 0 
->
0 -1 -3 0 0
: hits 49, misses 0 
0 0 3 0 0 
0 -1 -3 0 0
->
0 0 0 0 30 
: hits 1, misses 1 
0 -1 -3 0 0
0 0 3 0 0 
0 -1 -3 0 0
0 0 0 0 30 
->
0 -1 -3 0 30
: hits 1, misses 0 
0 0 3 0 0 
0 -1 -3 0 0
0 0 0 0 30 
0 -1 -3 0 30
->
0 0 -3 0 30 
: hits 1, misses 0 
0 -1 -3 0 30
0 0 -3 0 30 
->
0 -1 -4 0 30
: hits 14, misses 1 
0 -1 -3 0 30
0 0 -3 0 30 
0 -1 -4 0 30
0 0 -3 0 30 
->
0 -1 -4 0 30
: hits 10, misses 2 
0 0 -3 0 30 
->
-1 -1 -4 0 30
: hits 7, misses 0 
-1 -1 -4 0 30
->
0 0 -3 0 30 
: hits 9, misses 0 
-1 -1 -4 0 30
0 0 -3 0 30 
->
-1 -1 -4 0 30
: hits 6, misses 1 
-1 -1 -4 0 30
0 0 -3 0 30 
->
0 -1 -4 0 30
: hits 2, misses 1 
-1 -1 -4 0 30
0 0 -3 0 30 
0 -1 -4 0 30
0 0 -3 0 30 
->
0 -1 -3 0 30
: hits 1, misses 1 
0 0 -3 0 30 
-1 -1 -4 0 30
0 0 -3 0 30 
-1 -1 -4 0 30
0 0 -3 0 30 
0 -1 -4 0 30
0 0 -3 0 30 
0 -1 -3 0 30
->
0 0 -3 0 30 
: hits 1, misses 0 
0 0 -3 0 30 
0 -1 -3 0 30
->
0 0 0 0 0 
: hits 3, misses 1 
0 -1 -3 0 30
0 0 0 0 0 
->
0 -1 -3 0 0
: hits 4, misses 2 
0 -1 -3 0 30
0 0 -3 0 30 
0 -1 -3 0 30
0 0 0 0 0 
0 -1 -3 0 0
0 0 3 0 0 
0 -1 -3 0 0
0 0 3 0 0 
->
0 -1 -3 0 0
: hits 6, misses 0 
0 0 3 0 0 
0 -1 -3 0 0
0 0 3 0 0 
0 -1 -3 0 0
->
0 0 3 0 0 
: hits 41, misses 1 
0 0 3 0 0 
->
3 -2 -5 0 0
: hits 2, misses 0 
3 -2 -5 0 0
->
0 0 3 0 0 
: hits 1, misses 1 
3 -2 -5 0 0
0 0 3 0 0 
->
3 -2 -5 0 0
: hits 1, misses 0 
0 0 3 0 0 
3 -2 -5 0 0
->
3 0 0 0 0 
: hits 1, misses 0 
3 -2 -5 0 0
0 0 3 0 0 
3 -2 -5 0 0
3 0 0 0 0 
->
3 -2 -5 0 0
: hits 1, misses 0 
3 -2 -5 0 0
0 0 3 0 0 
3 -2 -5 0 0
3 0 0 0 0 
3 -2 -5 0 0
3 0 0 0 0 
3 -2 -5 0 0
3 0 0 0 0 
3 -2 -5 0 0
3 0 0 0 0 
->
3 -2 -5 0 0
: hits 1, misses 0 
3 -2 -5 0 0
3 0 0 0 0 
3 -2 -5 0 0
3 0 0 0 0 
3 -2 -5 0 0
3 0 0 0 0 
3 -2 -5 0 0
3 0 0 0 0 
3 -2 -5 0 0
3 0 0 0 0 
->
3 -2 -5 0 0
: hits 2, misses 1 
3 -2 -5 0 0
3 0 0 0 0 
3 -2 -5 0 0
3 0 0 0 0 
3 -2 -5 0 0
3 0 0 0 0 
3 -2 -5 0 0
3 0 0 0 0 
3 -2 -5 0 0
3 0 0 0 0 
3 -2 -5 0 0
3 0 0 0 0 
3 -2 -5 0 0
3 0 0 0 0 
->
2 -2 -5 0 0
: hits 2, misses 0 
3 -2 -5 0 0
3 0 0 0 0 
3 -2 -5 0 0
3 0 0 0 0 
3 -2 -5 0 0
3 0 0 0 0 
3 -2 -5 0 0
3 0 0 0 0 
3 -2 -5 0 0
3 0 0 0 0 
2 -2 -5 0 0
3 0 0 0 0 
2 -2 -5 0 0
3 0 0 0 0 
2 -2 -5 0 0
3 0 0 0 0 
->
2 -2 -6 0 0
: hits 1, misses 0 
2 -2 -5 0 0
3 0 0 0 0 
2 -2 -5 0 0
3 0 0 0 0 
2 -2 -6 0 0
3 0 0 0 0 
2 -2 -6 0 0
3 0 0 0 0 
->
2 -2 -6 0 0
: hits 4, misses 2 
2 -2 -6 0 0
3 0 0 0 0 
1 -2 -6 0 0
3 0 0 0 0 
1 -2 -6 0 0
3 0 0 0 0 
1 -2 -6 0 0
3 0 0 0 0 
->
1 -2 -6 0 0
: hits 13, misses 1 
2 -2 -6 0 0
3 0 0 0 0 
2 -2 -6 0 0
3 0 0 0 0 
2 -2 -6 0 0
3 0 0 0 0 
1 -2 -6 0 0
3 0 0 0 0 
1 -2 -6 0 0
3 0 0 0 0 
1 -2 -6 0 0
3 0 0 0 0 
1 -2 -6 0 0
3 0 0 0 0 
1 -2 -6 0 0
3 0 0 0 0 
->
0 -2 -6 0 0
: hits 1, misses 2 
3 0 0 0 0 
0 -2 -6 0 0
->
0 0 0 0 0 
: hits 3, misses 1 
0 0 0 0 0 
->
0 -2 -6 0 0
: hits 1, misses 1 
1 -2 -6 0 0
3 0 0 0 0 
1 -2 -6 0 0
3 0 0 0 0 
1 -2 -6 0 0
3 0 0 0 0 
0 -2 -6 0 0
0 0 0 0 0 
0 -2 -6 0 0
0 0 -3 0 0 
0 -2 -6 0 0
0 0 -3 0 0 
0 -2 -6 0 0
0 0 -3 0 0 
0 -2 -6 0 0
0 0 -3 0 0 
->
0 -2 -6 0 0
: hits 1, misses 0 
0 -2 -6 0 0
0 0 -3 0 0 
0 -2 -6 0 0
0 0 -3 0 0 
0 -2 -6 0 0
0 0 -3 0 0 
0 -2 -6 0 0
0 0 -3 0 0 
0 -2 -6 0 0
0 0 -3 0 0 
0 -2 -6 0 0
0 0 -3 0 0 
0 -2 -6 0 0
0 0 -3 0 0 
0 -2 -6 0 0
0 0 -3 0 0 
->
0 -2 -5 0 0
: hits 8, misses 2 
0 -2 -5 0 0
0 0 -3 0 0 
0 -2 -5 0 0
0 0 -3 0 0 
0 -2 -5 0 0
0 0 -3 0 0 
0 -2 -5 0 0
0 0 -3 0 0 
->
0 -2 -5 0 0
: hits 19, misses 2 
0 0 -3 0 0 
0 -2 -5 0 0
0 0 -3 0 0 
0 -2 -5 0 0
->
3 0 0 0 0 
: hits 3, misses 1 
0 -2 -5 0 0
3 0 0 0 0 
->
0 -2 -5 0 0
: hits 11, misses 2 
0 0 -3 0 0 
0 -2 -5 0 0
3 0 0 0 0 
0 -2 -5 0 0
->
3 0 0 0 0 
: hits 3, misses 1 
0 -2 -5 0 0
3 0 0 0 0 
0 -2 -5 0 0
3 0 0 0 0 
->
0 -2 -5 0 0
: hits 6, misses 1 
3 0 0 0 0 
0 -2 -5 0 0
3 0 0 0 0 
0 -2 -5 0 0
->
3 0 0 0 0 
: hits 5, misses 1 
3 0 0 0 0 
0 -2 -5 0 0
3 0 0 0 0 
0 -2 -5 0 0
->
0 0 -3 0 0 
: hits 1, misses 1 
3 0 0 0 0 
0 -2 -5 0 0
0 0 -3 0 0 
0 -2 -4 0 0
->
3 0 0 0 0 
: hits 1, misses 2 
3 0 0 0 0 
0 -2 -5 0 0
3 0 0 0 0 
0 -2 -5 0 0
->
0 0 0 0 0 
: hits 1, misses 1 
0 0 0 0 0 
->
0 -2 -5 0 0
: hits 4, misses 0 
0 0 0 0 0 
0 -2 -5 0 0
->
3 0 0 0 0 
: hits 3, misses 1 
0 0 0 0 0 
0 -2 -5 0 0
3 0 0 0 0 
0 -2 -5 0 0
->
0 0 -3 0 0 
: hits 1, misses 0 
0 -2 -5 0 0
3 0 0 0 0 
0 -2 -5 0 0
0 0 -3 0 0 
->
0 -2 -5 0 0
: hits 1, misses 0 
3 0 0 0 0 
0 -2 -5 0 0
0 0 -3 0 0 
0 -2 -5 0 0
->
0 0 -3 0 0 
: hits 1, misses 0 
0 0 -3 0 0 
0 -2 -5 0 0
0 0 -3 0 0 
0 -2 -5 0 0
->
0 0 -3 0 0 
: hits 29, misses 2 
0 -2 -5 0 0
0 0 -3 0 0 
0 -2 -5 0 0
0 0 -3 0 0 
0 -2 -5 0 0
0 0 -3 0 0 
0 -2 -5 0 0
0 0 -3 0 0 
->
0 -2 -4 0 0
: hits 4, misses 1 
0 0 -3 0 0 
0 -2 -5 0 0
0 0 -3 0 0 
0 -2 -4 0 0
0 0 -3 0 0 
0 -2 -4 0 0
0 0 -3 0 0 
0 -2 -4 0 0
->
0 0 -3 0 0 
: hits 3, misses 3 
0 0 -3 0 0 
0 -2 -4 0 0
0 0 -3 0 0 
0 -2 -4 0 0
->
0 0 -3 0 30 
: hits 2, misses 1 
0 -2 -4 0 0
0 0 -3 0 0 
0 -2 -4 0 0
0 0 -3 0 30 
->
0 -2 -4 0 30
: hits 2, misses 1 
0 0 -3 0 0 
0 -2 -4 0 0
0 0 -3 0 30 
0 -2 -4 0 30
->
3 0 0 0 30 
: hits 1, misses 1 
0 -2 -4 0 0
0 0 -3 0 30 
0 -2 -4 0 30
3 0 0 0 30 
->
0 -2 -4 0 30
: hits 1, misses 1 
0 0 -3 0 30 
0 -2 -4 0 30
3 0 0 0 30 
0 -2 -4 0 30
->
0 0 -3 0 30 
: hits 1, misses 1 
0 -2 -4 0 0
0 0 -3 0 30 
0 -2 -4 0 30
3 0 0 0 30 
0 -2 -4 0 30
0 0 -3 0 30 
0 -2 -4 0 30
0 0 -3 0 30 
->
0 -2 -4 0 30
: hits 1, misses 0 
0 -2 -4 0 30
3 0 0 0 30 
0 -2 -4 0 30
0 0 -3 0 30 
0 -2 -4 0 30
0 0 -3 0 30 
0 -2 -4 0 30
0 0 -3 0 30 
->
0 -1 -4 0 30
: hits 1, misses 1 
0 0 -3 0 30 
0 -2 -4 0 30
0 0 -3 0 30 
0 -1 -4 0 30
->
3 0 0 0 30 
: hits 2, misses 1 
0 -1 -4 0 30
3 0 0 0 30 
->
0 -1 -4 0 30
: hits 4, misses 1 
0 0 -3 0 30 
0 -1 -4 0 30
3 0 0 0 30 
0 -1 -4 0 30
->
3 0 0 0 30 
: hits 1, misses 0 
3 0 0 0 30 
0 -1 -4 0 30
3 0 0 0 30 
0 -1 -4 0 30
->
0 0 0 0 30 
: hits 1, misses 0 
0 0 0 0 30 
->
0 -1 -4 0 30
: hits 3, misses 0 
0 -1 -4 0 30
0 0 -3 0 30 
0 -1 -4 0 30
0 0 -3 0 30 
->
0 -1 -3 0 30
: hits 8, misses 2 
0 0 -3 0 30 
0 -1 -3 0 30
0 0 -3 0 30 
0 -1 -3 0 30
0 0 -3 0 30 
0 -1 -3 0 30
0 0 -3 0 30 
0 -1 -3 0 30
->
0 0 0 0 30 
: hits 2, misses 1 
0 -1 -3 0 30
0 0 -3 0 30 
0 -1 -3 0 30
0 0 0 0 30 
->
0 -1 -3 0 30
: hits 2, misses 1 
0 0 -3 0 30 
0 -1 -3 0 30
0 0 0 0 30 
0 -1 -3 0 30
->
0 0 0 0 30 
: hits 1, misses 1 
0 0 0 0 30 
0 -1 -3 0 30
->
3 0 0 0 0 
: hits 1, misses 1 
0 -1 -3 0 30
3 0 0 0 0 
->
0 -1 -3 0 0
: hits 10, misses 1 
0 -1 -3 0 30
0 0 0 0 30 
0 -1 -3 0 30
0 0 0 0 30 
0 -1 -3 0 30
3 0 0 0 0 
0 -1 -3 0 0
3 0 0 0 0 
->
0 -1 -3 0 0
: hits 1, misses 0 
3 0 0 0 0 
0 -1 -3 0 0
->
0 0 3 0 0 
: hits 1, misses 0 
0 0 3 0 0 
0 -1 -3 0 0
->
3 0 0 0 0 
: hits 3, misses 0 
3 -2 -5 0 0
3 0 0 0 0 
3 -2 -5 0 0
3 0 0 0 0 
3 -2 -5 0 0
3 0 0 0 0 
2 -2 -5 0 0
3 0 0 0 0 
2 -2 -5 0 0
3 0 0 0 0 
2 -2 -5 0 0
3 0 0 0 0 
2 -2 -5 0 0
3 0 0 0 0 
2 -2 -6 0 0
3 0 0 0 0 
->
2 -2 -5 0 0
: hits 2, misses 2 
3 -2 -5 0 0
3 0 0 0 0 
3 -2 -5 0 0
3 0 0 0 0 
2 -2 -5 0 0
3 0 0 0 0 
2 -2 -5 0 0
3 0 0 0 0 
2 -2 -5 0 0
3 0 0 0 0 
2 -2 -5 0 0
3 0 0 0 0 
2 -2 -6 0 0
3 0 0 0 0 
2 -2 -5 0 0
3 0 0 0 0 
->
2 -2 -6 0 0
: hits 1, misses 1 
2 -2 -5 0 0
3 0 0 0 0 
2 -2 -5 0 0
3 0 0 0 0 
2 -2 -6 0 0
3 0 0 0 0 
2 -2 -5 0 0
3 0 0 0 0 
2 -2 -6 0 0
3 0 0 0 0 
1 -2 -6 0 0
3 0 0 0 0 
1 -2 -6 0 0
3 0 0 0 0 
1 -2 -6 0 0
3 0 0 0 0 
->
1 -2 -6 0 0
: hits 2, misses 0 
3 0 0 0 0 
1 -2 -6 0 0
3 0 0 0 0 
1 -2 -6 0 0
3 0 0 0 0 
1 -2 -6 0 0
3 0 0 0 0 
1 -2 -6 0 0
->
0 0 -3 0 0 
: hits 2, misses 2 
1 -2 -6 0 0
0 0 -3 0 0 
0 -2 -6 0 0
0 0 -3 0 0 
0 -2 -6 0 0
0 0 -3 0 0 
0 -2 -6 0 0
0 0 -3 0 0 
0 -2 -6 0 0
0 0 -3 0 0 
0 -2 -6 0 0
0 0 -3 0 0 
0 -2 -6 0 0
0 0 -3 0 0 
0 -2 -6 0 0
0 0 -3 0 0 
->
0 -2 -6 0 0
: hits 10, misses 3 
2 -2 -5 0 0
3 0 0 0 0 
2 -2 -6 0 0
3 0 0 0 0 
1 -2 -6 0 0
3 0 0 0 0 
1 -2 -6 0 0
3 0 0 0 0 
1 -2 -6 0 0
3 0 0 0 0 
1 -2 -6 0 0
3 0 0 0 0 
1 -2 -6 0 0
0 0 -3 0 0 
0 -2 -6 0 0
0 0 -3 0 0 
0 -2 -6 0 0
0 0 -3 0 0 
0 -2 -6 0 0
0 0 -3 0 0 
0 -2 -6 0 0
0 0 -3 0 0 
0 -2 -6 0 0
0 0 -3 0 0 
0 -2 -6 0 0
0 0 -3 0 0 
0 -2 -6 0 0
0 0 -3 0 0 
0 -2 -6 0 0
0 0 -3 0 0 
0 -2 -6 0 0
0 0 -3 0 0 
->
0 -2 -5 0 0
: hits 1, misses 0 
0 -2 -6 0 0
0 0 -3 0 0 
0 -2 -6 0 0
0 0 -3 0 0 
0 -2 -6 0 0
0 0 -3 0 0 
0 -2 -6 0 0
0 0 -3 0 0 
0 -2 -5 0 0
0 0 -3 0 0 
0 -2 -5 0 0
0 0 -3 0 0 
0 -2 -5 0 0
0 0 -3 0 0 
0 -2 -5 0 0
0 0 -3 0 0 
->
0 -2 -5 0 0
: hits 8, misses 0 
0 0 -3 0 0 
0 -2 -5 0 0
0 0 -3 0 0 
0 -2 -5 0 0
0 0 -3 0 0 
0 -2 -5 0 0
0 0 -3 0 0 
0 -2 -5 0 0
->
3 0 0 0 0 
: hits 1, misses 2 
0 0 -3 0 0 
0 -2 -5 0 0
0 0 -3 0 0 
0 -2 -5 0 0
3 0 0 0 0 
0 -2 -5 0 0
3 0 0 0 0 
0 -2 -5 0 0
->
3 0 0 0 0 
: hits 1, misses 0 
0 -2 -5 0 0
3 0 0 0 0 
0 -2 -5 0 0
3 0 0 0 0 
0 -2 -5 0 0
3 0 0 0 0 
0 -2 -5 0 0
3 0 0 0 0 
->
0 -2 -4 0 0
: hits 2, misses 0 
0 -2 -4 0 0
3 0 0 0 0 
0 -2 -4 0 0
3 0 0 0 0 
->
0 -2 -4 0 0
: hits 15, misses 0 
3 0 0 0 0 
0 -2 -4 0 0
3 0 0 0 0 
0 -2 -4 0 0
3 0 0 0 0 
0 -2 -4 0 0
3 0 0 0 0 
0 -2 -4 0 0
->
0 0 -3 0 0 
: hits 1, misses 1 
0 -2 -4 0 0
3 0 0 0 0 
0 -2 -4 0 0
0 0 -3 0 0 
->
0 -2 -4 0 0
: hits 3, misses 1 
0 0 -3 0 0 
0 -2 -4 0 0
->
0 0 0 0 0 
: hits 3, misses 1 
0 -2 -4 0 0
0 0 0 0 0 
->
0 -2 -5 0 0
: hits 3, misses 1 
0 0 0 0 0 
0 -2 -5 0 0
->
0 0 0 0 0 
: hits 5, misses 1 
0 0 0 0 0 
0 -2 -5 0 0
0 0 0 0 0 
0 -2 -5 0 0
->
0 0 -3 0 0 
: hits 1, misses 1 
0 -2 -5 0 0
0 0 0 0 0 
0 -2 -5 0 0
0 0 -3 0 0 
->
0 -2 -5 0 0
: hits 1, misses 0 
0 0 0 0 0 
0 -2 -5 0 0
0 0 -3 0 0 
0 -2 -5 0 0
->
0 0 -3 0 0 
: hits 1, misses 0 
0 0 0 0 0 
0 -2 -5 0 0
0 0 0 0 0 
0 -2 -5 0 0
0 0 -3 0 0 
0 -2 -5 0 0
0 0 -3 0 0 
0 -2 -5 0 0
->
3 0 0 0 0 
: hits 1, misses 0 
0 -2 -5 0 0
0 0 -3 0 0 
0 -2 -5 0 0
3 0 0 0 0 
->
0 -2 -5 0 0
: hits 1, misses 0 
0 0 -3 0 0 
0 -2 -5 0 0
3 0 0 0 0 
0 -2 -5 0 0
->
0 0 0 0 0 
: hits 1, misses 0 
3 0 0 0 0 
0 -2 -5 0 0
0 0 0 0 0 
0 -2 -5 0 0
->
0 0 0 0 0 
: hits 1, misses 0 
0 -2 -5 0 0
0 0 0 0 0 
->
0 -2 -4 0 0
: hits 6, misses 0 
0 0 0 0 0 
0 -2 -5 0 0
0 0 0 0 0 
0 -2 -4 0 0
->
0 0 0 0 0 
: hits 2, misses 2 
0 0 0 0 0 
0 -2 -4 0 0
0 0 0 0 0 
0 -2 -4 0 0
->
3 0 0 0 0 
: hits 1, misses 1 
0 -2 -4 0 0
0 0 0 0 0 
0 -2 -4 0 0
3 0 0 0 0 
->
0 -2 -4 0 0
: hits 2, misses 1 
0 0 0 0 0 
0 -2 -4 0 0
3 0 0 0 0 
0 -2 -4 0 0
->
0 0 -3 0 0 
: hits 1, misses 1 
0 0 0 0 0 
0 -2 -4 0 0
0 0 0 0 0 
0 -2 -4 0 0
3 0 0 0 0 
0 -2 -4 0 0
0 0 -3 0 0 
0 -2 -4 0 0
->
0 0 -3 0 0 
: hits 1, misses 0 
0 -2 -4 0 0
0 0 0 0 0 
0 -2 -4 0 0
3 0 0 0 0 
0 -2 -4 0 0
0 0 -3 0 0 
0 -2 -4 0 0
0 0 -3 0 0 
->
0 -2 -4 0 0
: hits 1, misses 0 
0 0 0 0 0 
0 -2 -4 0 0
3 0 0 0 0 
0 -2 -4 0 0
0 0 -3 0 0 
0 -2 -4 0 0
0 0 -3 0 0 
0 -2 -4 0 0
->
0 0 -3 0 0 
: hits 1, misses 0 
0 0 -3 0 0 
0 -2 -4 0 0
0 0 -3 0 0 
0 -2 -4 0 0
->
0 0 0 0 0 
: hits 1, misses 1 
0 0 -3 0 0 
0 -2 -4 0 0
0 0 -3 0 0 
0 -2 -4 0 0
0 0 0 0 0 
0 -2 -4 0 0
0 0 0 0 0 
0 -2 -4 0 0
->
0 0 0 0 0 
: hits 1, misses 0 
0 0 0 0 0 
0 -2 -4 0 0
->
3 0 0 0 30 
: hits 1, misses 1 
0 -2 -4 0 0
0 0 0 0 0 
0 -2 -4 0 0
3 0 0 0 30 
->
0 -2 -4 0 30
: hits 1, misses 0 
0 0 0 0 0 
0 -2 -4 0 0
3 0 0 0 30 
0 -2 -4 0 30
->
0 0 -3 0 30 
: hits 1, misses 0 
0 -2 -4 0 0
3 0 0 0 30 
0 -2 -4 0 30
0 0 -3 0 30 
0 -2 -4 0 30
0 0 -3 0 30 
0 -2 -4 0 30
0 0 -3 0 30 
->
0 -2 -4 0 30
: hits 1, misses 0 
0 -2 -4 0 30
0 0 -3 0 30 
0 -2 -4 0 30
0 0 -3 0 30 
0 -2 -4 0 30
0 0 -3 0 30 
0 -2 -4 0 30
0 0 -3 0 30 
->
0 -1 -4 0 30
: hits 2, misses 1 
0 0 -3 0 30 
0 -2 -4 0 30
0 0 -3 0 30 
0 -1 -4 0 30
->
0 0 -3 0 30 
: hits 13, misses 0 
0 -2 -4 0 30
0 0 -3 0 30 
0 -2 -4 0 30
0 0 -3 0 30 
0 -1 -4 0 30
0 0 -3 0 30 
0 -1 -4 0 30
0 0 -3 0 30 
->
0 -1 -4 0 30
: hits 2, misses 0 
0 -1 -4 0 30
0 0 -3 0 30 
0 -1 -4 0 30
0 0 -3 0 30 
0 -1 -4 0 30
0 0 -3 0 30 
0 -1 -4 0 30
0 0 -3 0 30 
->
0 -1 -3 0 30
: hits 4, misses 1 
0 0 -3 0 30 
0 -1 -4 0 30
0 0 -3 0 30 
0 -1 -3 0 30
0 0 -3 0 30 
0 -1 -3 0 30
0 0 -3 0 30 
0 -1 -3 0 30
->
0 0 -3 0 30 
: hits 4, misses 2 
0 0 -3 0 30 
0 -1 -3 0 30
0 0 -3 0 30 
0 -1 -3 0 30
->
0 0 0 0 0 
: hits 2, misses 1 
0 -1 -3 0 30
0 0 -3 0 30 
0 -1 -3 0 30
0 0 0 0 0 
->
0 -1 -3 0 0
: hits 2, misses 1 
0 0 3 0 0 
0 -1 -3 0 0
->
3 0 0 0 0 
: hits 2, misses 0 
0 -1 -3 0 0
3 0 0 0 0 
0 -1 -3 0 0
3 0 0 0 0 
3 -2 -5 0 0
3 0 0 0 0 
3 -2 -5 0 0
3 0 0 0 0 
3 -2 -5 0 0
3 0 0 0 0 
->
3 -2 -5 0 0
: hits 1, misses 0 
0 -1 -3 0 0
3 0 0 0 0 
3 -2 -5 0 0
3 0 0 0 0 
3 -2 -5 0 0
3 0 0 0 0 
3 -2 -5 0 0
3 0 0 0 0 
3 -2 -5 0 0
3 0 0 0 0 
2 -2 -5 0 0
3 0 0 0 0 
2 -2 -5 0 0
3 0 0 0 0 
2 -2 -5 0 0
3 0 0 0 0 
->
2 -2 -6 0 0
: hits 1, misses 0 
3 -2 -5 0 0
3 0 0 0 0 
3 -2 -5 0 0
3 0 0 0 0 
3 -2 -5 0 0
3 0 0 0 0 
3 -2 -5 0 0
3 0 0 0 0 
2 -2 -5 0 0
3 0 0 0 0 
2 -2 -5 0 0
3 0 0 0 0 
2 -2 -5 0 0
3 0 0 0 0 
2 -2 -6 0 0
3 0 0 0 0 
->
2 -2 -6 0 0
: hits 1, misses 0 
3 -2 -5 0 0
3 0 0 0 0 
3 -2 -5 0 0
3 0 0 0 0 
3 -2 -5 0 0
3 0 0 0 0 
2 -2 -5 0 0
3 0 0 0 0 
2 -2 -5 0 0
3 0 0 0 0 
2 -2 -5 0 0
3 0 0 0 0 
2 -2 -6 0 0
3 0 0 0 0 
2 -2 -6 0 0
3 0 0 0 0 
->
1 -2 -6 0 0
: hits 1, misses 0 
3 0 0 0 0 
2 -2 -6 0 0
3 0 0 0 0 
1 -2 -6 0 0
3 0 0 0 0 
1 -2 -6 0 0
3 0 0 0 0 
1 -2 -6 0 0
->
3 0 0 0 0 
: hits 9, misses 1 
2 -2 -5 0 0
3 0 0 0 0 
2 -2 -6 0 0
3 0 0 0 0 
2 -2 -6 0 0
3 0 0 0 0 
1 -2 -6 0 0
3 0 0 0 0 
1 -2 -6 0 0
3 0 0 0 0 
1 -2 -6 0 0
3 0 0 0 0 
1 -2 -6 0 0
3 0 0 0 0 
1 -2 -6 0 0
3 0 0 0 0 
->
1 -2 -6 0 0
: hits 2, misses 0 
2 -2 -6 0 0
3 0 0 0 0 
2 -2 -6 0 0
3 0 0 0 0 
1 -2 -6 0 0
3 0 0 0 0 
1 -2 -6 0 0
3 0 0 0 0 
1 -2 -6 0 0
3 0 0 0 0 
1 -2 -6 0 0
3 0 0 0 0 
1 -2 -6 0 0
3 0 0 0 0 
1 -2 -6 0 0
3 0 0 0 0 
->
1 -2 -6 0 0
: hits 2, misses 1 
2 -2 -6 0 0
3 0 0 0 0 
1 -2 -6 0 0
3 0 0 0 0 
1 -2 -6 0 0
3 0 0 0 0 
1 -2 -6 0 0
3 0 0 0 0 
1 -2 -6 0 0
3 0 0 0 0 
1 -2 -6 0 0
3 0 0 0 0 
1 -2 -6 0 0
3 0 0 0 0 
1 -2 -6 0 0
3 0 0 0 0 
->
0 -2 -6 0 0
: hits 1, misses 0 
3 0 0 0 0 
1 -2 -6 0 0
3 0 0 0 0 
1 -2 -6 0 0
3 0 0 0 0 
1 -2 -6 0 0
3 0 0 0 0 
0 -2 -6 0 0
->
3 0 0 0 0 
: hits 5, misses 0 
0 -2 -6 0 0
3 0 0 0 0 
0 -2 -6 0 0
3 0 0 0 0 
->
0 -2 -6 0 0
: hits 1, misses 0 
3 0 0 0 0 
1 -2 -6 0 0
3 0 0 0 0 
0 -2 -6 0 0
3 0 0 0 0 
0 -2 -6 0 0
3 0 0 0 0 
0 -2 -6 0 0
->
0 0 -3 0 0 
: hits 1, misses 0 
1 -2 -6 0 0
3 0 0 0 0 
1 -2 -6 0 0
3 0 0 0 0 
1 -2 -6 0 0
3 0 0 0 0 
1 -2 -6 0 0
3 0 0 0 0 
1 -2 -6 0 0
3 0 0 0 0 
1 -2 -6 0 0
3 0 0 0 0 
0 -2 -6 0 0
3 0 0 0 0 
0 -2 -6 0 0
3 0 0 0 0 
0 -2 -6 0 0
0 0 -3 0 0 
0 -2 -6 0 0
0 0 -3 0 0 
0 -2 -6 0 0
0 0 -3 0 0 
0 -2 -6 0 0
0 0 -3 0 0 
0 -2 -6 0 0
0 0 -3 0 0 
0 -2 -6 0 0
0 0 -3 0 0 
0 -2 -6 0 0
0 0 -3 0 0 
0 -2 -6 0 0
0 0 -3 0 0 
->
0 -2 -6 0 0
: hits 1, misses 0 
1 -2 -6 0 0
3 0 0 0 0 
0 -2 -6 0 0
3 0 0 0 0 
0 -2 -6 0 0
3 0 0 0 0 
0 -2 -6 0 0
0 0 -3 0 0 
0 -2 -6 0 0
0 0 -3 0 0 
0 -2 -6 0 0
0 0 -3 0 0 
0 -2 -6 0 0
0 0 -3 0 0 
0 -2 -6 0 0
0 0 -3 0 0 
0 -2 -6 0 0
0 0 -3 0 0 
0 -2 -6 0 0
0 0 -3 0 0 
0 -2 -6 0 0
0 0 -3 0 0 
0 -2 -6 0 0
0 0 -3 0 0 
0 -2 -6 0 0
0 0 -3 0 0 
0 -2 -6 0 0
0 0 -3 0 0 
0 -2 -6 0 0
0 0 -3 0 0 
0 -2 -6 0 0
0 0 -3 0 0 
->
0 -2 -5 0 0
: hits 1, misses 0 
0 0 -3 0 0 
0 -2 -6 0 0
0 0 -3 0 0 
0 -2 -5 0 0
0 0 -3 0 0 
0 -2 -5 0 0
0 0 -3 0 0 
0 -2 -5 0 0
->
0 0 -3 0 0 
: hits 15, misses 1 
0 0 -3 0 0 
0 -2 -5 0 0
0 0 -3 0 0 
0 -2 -5 0 0
->
0 0 0 0 0 
: hits 1, misses 1 
0 0 -3 0 0 
0 -2 -5 0 0
0 0 0 0 0 
0 -2 -4 0 0
->
3 0 0 0 0 
: hits 1, misses 0 
0 0 0 0 0 
0 -2 -4 0 0
3 0 0 0 0 
0 -2 -4 0 0
->
3 0 0 0 0 
: hits 1, misses 0 
0 0 0 0 0 
0 -2 -4 0 0
3 0 0 0 0 
0 -2 -4 0 0
3 0 0 0 0 
0 -2 -4 0 0
3 0 0 0 0 
0 -2 -4 0 0
->
0 0 -3 0 0 
: hits 1, misses 0 
3 0 0 0 0 
0 -2 -4 0 0
3 0 0 0 0 
0 -2 -4 0 0
0 0 -3 0 0 
0 -2 -4 0 0
0 0 -3 0 0 
0 -2 -4 0 0
->
0 0 -3 0 0 
: hits 1, misses 0 
0 0 0 0 0 
0 -2 -4 0 0
3 0 0 0 0 
0 -2 -4 0 0
3 0 0 0 0 
0 -2 -4 0 0
3 0 0 0 0 
0 -2 -4 0 0
0 0 -3 0 0 
0 -2 -4 0 0
0 0 -3 0 0 
0 -2 -4 0 0
0 0 -3 0 0 
0 -2 -4 0 0
0 0 -3 0 0 
0 -2 -4 0 0
->
0 0 -3 0 0 
: hits 1, misses 0 
0 0 -3 0 0 
0 -2 -4 0 0
0 0 -3 0 0 
0 -2 -4 0 0
0 0 -3 0 0 
0 -2 -4 0 0
0 0 -3 0 0 
0 -2 -4 0 0
->
0 0 -3 0 30 
: hits 1, misses 0 
0 -2 -4 0 0
0 0 -3 0 0 
0 -2 -4 0 0
0 0 -3 0 0 
0 -2 -4 0 0
0 0 -3 0 0 
0 -2 -4 0 0
0 0 -3 0 30 
->
0 -2 -4 0 30
: hits 1, misses 0 
0 0 -3 0 0 
0 -2 -4 0 0
0 0 -3 0 30 
0 -2 -4 0 30
->
0 0 -3 0 30 
: hits 1, misses 0 
0 0 -3 0 0 
0 -2 -4 0 0
0 0 -3 0 0 
0 -2 -4 0 0
0 0 -3 0 30 
0 -2 -4 0 30
0 0 -3 0 30 
0 -2 -4 0 30
->
3 0 0 0 30 
: hits 1, misses 0 
0 -2 -4 0 30
0 0 -3 0 30 
0 -2 -4 0 30
3 0 0 0 30 
->
0 -1 -4 0 30
: hits 1, misses 0 
0 0 -3 0 30 
0 -2 -4 0 30
3 0 0 0 30 
0 -1 -4 0 30
->
0 0 0 0 30 
: hits 1, misses 0 
0 -1 -4 0 30
0 0 0 0 30 
->
0 -1 -4 0 30
: hits 2, misses 1 
3 0 0 0 30 
0 -1 -4 0 30
0 0 0 0 30 
0 -1 -4 0 30
->
0 0 0 0 30 
: hits 1, misses 1 
0 0 0 0 30 
0 -1 -4 0 30
0 0 0 0 30 
0 -1 -4 0 30
->
3 0 0 0 30 
: hits 1, misses 0 
0 0 0 0 30 
0 -1 -4 0 30
3 0 0 0 30 
0 -1 -4 0 30
->
0 0 0 0 30 
: hits 1, misses 0 
0 -1 -4 0 30
3 0 0 0 30 
0 -1 -4 0 30
0 0 0 0 30 
->
0 -1 -3 0 30
: hits 1, misses 0 
3 0 0 0 30 
0 -1 -4 0 30
0 0 0 0 30 
0 -1 -3 0 30
->
0 0 -3 0 30 
: hits 1, misses 0 
0 -1 -4 0 30
0 0 0 0 30 
0 -1 -3 0 30
0 0 -3 0 30 
->
0 -1 -3 0 30
: hits 1, misses 0 
0 0 0 0 30 
0 -1 -3 0 30
0 0 -3 0 30 
0 -1 -3 0 30
->
3 0 0 0 30 
: hits 1, misses 0 
0 -1 -3 0 30
0 0 -3 0 30 
0 -1 -3 0 30
3 0 0 0 30 
->
0 -1 -3 0 30
: hits 1, misses 0 
3 0 0 0 30 
0 -1 -3 0 30
->
3 0 0 0 30 
: hits 1, misses 1 
0 -1 -3 0 30
3 0 0 0 30 
0 -1 -3 0 30
3 0 0 0 30 
->
0 -1 -3 0 30
: hits 2, misses 0 
0 -1 -3 0 30
->
0 3 0 0 30 
: hits 3, misses 0 
0 3 0 0 30 
0 -1 -3 0 30
->
0 0 0 0 30 
: hits 1, misses 1 
0 -1 -3 0 30
0 3 0 0 30 
0 -1 -3 0 30
0 0 0 0 30 
->
0 -1 -3 0 30
: hits 1, misses 0 
0 0 0 0 30 
0 -1 -3 0 30
->
0 3 0 0 30 
: hits 1, misses 0 
0 3 0 0 30 
->
0 -1 -3 0 30
: hits 2, misses 0 
0 3 0 0 30 
0 -1 -3 0 30
->
0 3 0 0 30 
: hits 1, misses 1 
0 3 0 0 30 
0 -1 -3 0 30
->
0 0 -3 0 30 
: hits 1, misses 0 
0 3 0 0 30 
0 -1 -3 0 30
0 3 0 0 30 
0 -1 -3 0 30
0 0 -3 0 30 
0 -1 -3 0 30
0 0 -3 0 30 
0 -1 -3 0 30
->
0 0 -3 0 30 
: hits 1, misses 0 
0 -1 -3 0 30
0 3 0 0 30 
0 -1 -3 0 30
0 0 -3 0 30 
0 -1 -3 0 30
0 0 -3 0 30 
0 -1 -3 0 30
0 0 -3 0 30 
->
0 -1 -4 0 30
: hits 1, misses 0 
0 0 -3 0 30 
0 -1 -3 0 30
0 0 -3 0 30 
0 -1 -4 0 30
->
0 0 -3 0 30 
: hits 9, misses 0 
0 -1 -3 0 30
0 0 -3 0 30 
0 -1 -3 0 30
0 0 -3 0 30 
0 -1 -3 0 30
0 0 -3 0 30 
0 -1 -4 0 30
0 0 -3 0 30 
->
0 -1 -4 0 30
: hits 1, misses 1 
0 -1 -3 0 30
0 0 -3 0 30 
0 -1 -3 0 30
0 0 -3 0 30 
0 -1 -4 0 30
0 0 -3 0 30 
0 -1 -4 0 30
0 0 -3 0 30 
->
0 -1 -3 0 30
: hits 1, misses 0 
0 0 -3 0 30 
0 -1 -3 0 30
0 0 -3 0 30 
0 -1 -3 0 30
0 0 -3 0 30 
0 -1 -3 0 30
0 0 -3 0 30 
0 -1 -3 0 30
->
0 0 0 0 0 
: hits 1, misses 1 
0 0 3 0 0 
0 -1 -3 0 0
->
3 0 0 0 0 
: hits 1, misses 0 
0 -1 -3 0 0
3 0 0 0 0 
->
0 -1 -2 0 0
: hits 1, misses 0 
0 -1 -3 0 0
3 0 0 0 0 
0 -1 -2 0 0
3 0 0 0 0 
3 -2 -5 0 0
3 0 0 0 0 
3 -2 -5 0 0
3 0 0 0 0 
->
2 -2 -5 0 0
: hits 1, misses 0 
0 -1 -3 0 0
3 0 0 0 0 
0 -1 -2 0 0
3 0 0 0 0 
3 -2 -5 0 0
3 0 0 0 0 
3 -2 -5 0 0
3 0 0 0 0 
2 -2 -5 0 0
3 0 0 0 0 
2 -2 -5 0 0
3 0 0 0 0 
2 -2 -5 0 0
3 0 0 0 0 
2 -2 -5 0 0
3 0 0 0 0 
->
2 -2 -5 0 0
: hits 1, misses 0 
0 0 3 0 0 
0 -1 -3 0 0
3 0 0 0 0 
0 -1 -3 0 0
3 0 0 0 0 
0 -1 -3 0 0
3 0 0 0 0 
0 -1 -2 0 0
3 0 0 0 0 
3 -2 -5 0 0
3 0 0 0 0 
3 -2 -5 0 0
3 0 0 0 0 
2 -2 -5 0 0
3 0 0 0 0 
2 -2 -5 0 0
3 0 0 0 0 
2 -2 -5 0 0
3 0 0 0 0 
2 -2 -5 0 0
3 0 0 0 0 
2 -2 -5 0 0
3 0 0 0 0 
2 -2 -6 0 0
3 0 0 0 0 
->
2 -2 -5 0 0
: hits 1, misses 0 
2 -2 -6 0 0
3 0 0 0 0 
2 -2 -5 0 0
3 0 0 0 0 
->
1 -2 -6 0 0
: hits 1, misses 0 
3 0 0 0 0 
2 -2 -5 0 0
3 0 0 0 0 
1 -2 -6 0 0
3 0 0 0 0 
1 -2 -6 0 0
3 0 0 0 0 
1 -2 -6 0 0
3 0 0 0 0 
1 -2 -6 0 0
3 0 0 0 0 
1 -2 -6 0 0
3 0 0 0 0 
1 -2 -6 0 0
3 0 0 0 0 
1 -2 -6 0 0
->
0 0 -3 0 0 
: hits 1, misses 0 
1 -2 -6 0 0
3 0 0 0 0 
1 -2 -6 0 0
3 0 0 0 0 
1 -2 -6 0 0
3 0 0 0 0 
1 -2 -6 0 0
3 0 0 0 0 
1 -2 -6 0 0
3 0 0 0 0 
1 -2 -6 0 0
0 0 -3 0 0 
0 -2 -6 0 0
0 0 -3 0 0 
0 -2 -6 0 0
0 0 -3 0 0 
0 -2 -6 0 0
0 0 -3 0 0 
0 -2 -6 0 0
0 0 -3 0 0 
0 -2 -6 0 0
0 0 -3 0 0 
0 -2 -6 0 0
0 0 -3 0 0 
0 -2 -6 0 0
0 0 -3 0 0 
0 -2 -6 0 0
0 0 -3 0 0 
0 -2 -6 0 0
0 0 -3 0 0 
0 -2 -6 0 0
0 0 -3 0 0 
->
0 -2 -5 0 0
: hits 1, misses 0 
0 0 -3 0 0 
0 -2 -6 0 0
0 0 -3 0 0 
0 -2 -6 0 0
0 0 -3 0 0 
0 -2 -6 0 0
0 0 -3 0 0 
0 -2 -5 0 0
->
0 0 -3 0 0 
: hits 2, misses 0 
0 -2 -5 0 0
0 0 -3 0 0 
0 -2 -5 0 0
0 0 -3 0 0 
0 -2 -5 0 0
0 0 -3 0 0 
0 -2 -5 0 0
0 0 -3 0 0 
0 -2 -5 0 0
0 0 -3 0 0 
0 -2 -5 0 0
0 0 -3 0 0 
0 -2 -5 0 0
0 0 -3 0 0 
0 -2 -5 0 0
0 0 -3 0 0 
->
0 -2 -4 0 0
: hits 2, misses 0 
0 0 -3 0 0 
0 -2 -5 0 0
0 0 -3 0 0 
0 -2 -5 0 0
0 0 -3 0 0 
0 -2 -5 0 0
0 0 -3 0 0 
0 -2 -4 0 0
->
0 0 -3 0 0 
: hits 1, misses 1 
0 0 -3 0 0 
0 -2 -5 0 0
0 0 -3 0 0 
0 -2 -5 0 0
0 0 -3 0 0 
0 -2 -4 0 0
0 0 -3 0 0 
0 -2 -4 0 0
->
3 0 0 0 0 
: hits 1, misses 0 
3 0 0 0 0 
0 -2 -4 0 0
3 0 0 0 0 
0 -2 -4 0 0
3 0 0 0 0 
0 -2 -4 0 0
3 0 0 0 0 
0 -2 -4 0 0
->
3 0 0 0 0 
: hits 6, misses 1 
3 0 0 0 0 
0 -2 -4 0 0
->
0 0 -3 0 30 
: hits 1, misses 0 
0 -2 -4 0 0
3 0 0 0 0 
0 -2 -4 0 0
0 0 -3 0 30 
->
0 -2 -4 0 30
: hits 1, misses 0 
0 -2 -4 0 0
3 0 0 0 0 
0 -2 -4 0 0
0 0 -3 0 30 
0 -2 -4 0 30
0 0 -3 0 30 
0 -2 -4 0 30
0 0 -3 0 30 
->
0 -2 -4 0 30
: hits 1, misses 0 
0 -2 -4 0 0
0 0 -3 0 30 
0 -2 -4 0 30
0 0 -3 0 30 
0 -2 -4 0 30
0 0 -3 0 30 
0 -2 -4 0 30
0 0 -3 0 30 
->
0 -2 -4 0 30
: hits 1, misses 1 
0 0 -3 0 30 
->
-1 -2 -4 0 30
: hits 2, misses 0 
-1 -2 -4 0 30
0 0 -3 0 30 
->
-1 -2 -4 0 30
: hits 1, misses 1 
-1 -2 -4 0 30
0 0 -3 0 30 
-1 -2 -4 0 30
0 0 -3 0 30 
->
-1 -1 -4 0 30
: hits 1, misses 1 
-1 -2 -4 0 30
0 0 -3 0 30 
-1 -1 -4 0 30
0 0 -3 0 30 
->
0 -1 -4 0 30
: hits 1, misses 0 
-1 -1 -4 0 30
0 0 -3 0 30 
0 -1 -4 0 30
0 0 -3 0 30 
->
0 -1 -4 0 30
: hits 1, misses 0 
-1 -2 -4 0 30
0 0 -3 0 30 
-1 -1 -4 0 30
0 0 -3 0 30 
0 -1 -4 0 30
0 0 -3 0 30 
0 -1 -4 0 30
0 0 -3 0 30 
->
0 -1 -4 0 30
: hits 1, misses 0 
0 -1 -4 0 30
0 0 -3 0 30 
0 -1 -4 0 30
0 0 -3 0 30 
0 -1 -4 0 30
0 0 -3 0 30 
0 -1 -4 0 30
0 0 -3 0 30 
->
0 -1 -4 0 30
: hits 1, misses 1 
-1 -2 -4 0 30
0 0 -3 0 30 
-1 -2 -4 0 30
0 0 -3 0 30 
-1 -1 -4 0 30
0 0 -3 0 30 
0 -1 -4 0 30
0 0 -3 0 30 
0 -1 -4 0 30
0 0 -3 0 30 
0 -1 -4 0 30
0 0 -3 0 30 
0 -1 -4 0 30
0 0 -3 0 30 
0 -1 -4 0 30
0 0 -3 0 30 
->
0 -1 -3 0 30
: hits 1, misses 0 
0 0 -3 0 30 
0 -1 -4 0 30
0 0 -3 0 30 
0 -1 -4 0 30
0 0 -3 0 30 
0 -1 -4 0 30
0 0 -3 0 30 
0 -1 -4 0 30
0 0 -3 0 30 
0 -1 -4 0 30
0 0 -3 0 30 
0 -1 -3 0 30
0 0 -3 0 30 
0 -1 -3 0 30
0 0 -3 0 30 
0 -1 -3 0 30
->
0 0 0 0 30 
: hits 1, misses 0 
0 -1 -4 0 30
0 0 -3 0 30 
0 -1 -3 0 30
0 0 -3 0 30 
0 -1 -3 0 30
0 0 -3 0 30 
0 -1 -3 0 30
0 0 0 0 30 
->
0 -1 -3 0 30
: hits 1, misses 0 
0 0 -3 0 30 
0 -1 -3 0 30
0 0 0 0 30 
0 -1 -3 0 30
->
0 0 0 0 0 
: hits 1, misses 0 
0 -1 -3 0 30
0 0 0 0 30 
0 -1 -3 0 30
0 0 0 0 0 
->
0 -1 -3 0 0
: hits 1, misses 0 
0 -1 -3 0 30
0 0 0 0 0 
0 -1 -3 0 0
0 0 3 0 0 
0 -1 -3 0 0
0 0 3 0 0 
0 -1 -3 0 0
0 0 3 0 0 
->
0 -1 -2 0 0
: hits 1, misses 0 
