3 0 0 0 0 
->
3 -2 -5 0 0
: hits 58, misses 1 
3 -2 -5 0 0
->
3 0 0 0 0 
: hits 182, misses 2 
3 0 0 0 0 
->
2 -2 -5 0 0
: hits 80, misses 1 
3 0 0 0 0 
->
2 -2 -6 0 0
: hits 19, misses 1 
3 0 0 0 0 
->
1 -2 -6 0 0
: hits 82, misses 1 
1 -2 -6 0 0
->
3 0 0 0 0 
: hits 259, misses 2 
3 0 0 0 0 
->
0 -2 -6 0 0
: hits 65, misses 1 
0 -2 -6 0 0
->
0 0 -3 0 0 
: hits 339, misses 1 
0 0 -3 0 0 
->
0 -2 -6 0 0
: hits 127, misses 1 
0 0 -3 0 0 
->
0 -2 -5 0 0
: hits 126, misses 1 
0 0 -3 0 0 
0 -2 -5 0 0
->
0 0 -3 0 0 
: hits 308, misses 3 
0 0 -3 0 0 
->
0 -2 -4 0 0
: hits 50, misses 1 
0 -2 -4 0 0
->
0 0 0 0 30 
: hits 10, misses 1 
0 0 0 0 30 
->
0 -2 -4 0 30
: hits 15, misses 1 
0 -2 -4 0 30
->
3 0 0 0 30 
: hits 35, misses 1 
0 -2 -4 0 30
3 0 0 0 30 
->
0 -2 -4 0 30
: hits 13, misses 4 
3 0 0 0 30 
0 -2 -4 0 30
->
0 0 0 0 30 
: hits 6, misses 2 
0 0 0 0 30 
0 -2 -4 0 30
->
3 0 0 0 30 
: hits 10, misses 3 
3 0 0 0 30 
->
0 -1 -4 0 30
: hits 13, misses 1 
3 0 0 0 30 
0 -1 -4 0 30
->
3 0 0 0 30 
: hits 17, misses 4 
0 -1 -4 0 30
3 0 0 0 30 
->
0 -1 -4 0 30
: hits 12, misses 1 
0 -1 -4 0 30
->
0 0 -3 0 30 
: hits 171, misses 1 
0 0 -3 0 30 
->
0 -2 -4 0 30
: hits 40, misses 1 
0 0 -3 0 30 
->
0 -1 -4 0 30
: hits 36, misses 1 
0 0 -3 0 30 
0 -1 -4 0 30
->
3 0 0 0 30 
: hits 10, misses 2 
3 0 0 0 30 
->
0 -1 -3 0 30
: hits 22, misses 1 
0 -1 -3 0 30
3 0 0 0 30 
->
0 -1 -3 0 30
: hits 19, misses 3 
3 0 0 0 30 
0 -1 -3 0 30
->
0 0 -3 0 30 
: hits 15, misses 3 
0 0 -3 0 30 
->
0 -1 -3 0 30
: hits 61, misses 1 
0 0 -3 0 30 
0 -1 -3 0 30
->
0 0 -3 0 30 
: hits 119, misses 4 
0 -1 -3 0 30
->
3 0 0 0 0 
: hits 49, misses 1 
3 0 0 0 0 
->
0 -1 -3 0 0
: hits 181, misses 1 
0 -1 -3 0 0
->
0 0 0 0 0 
: hits 27, misses 1 
0 -1 -3 0 0
0 0 0 0 0 
->
0 -1 -3 0 0
: hits 160, misses 5 
0 -1 -3 0 0
->
0 0 3 0 0 
: hits 180, misses 1 
0 0 3 0 0 
0 -1 -3 0 0
->
0 0 3 0 0 
: hits 172, misses 5 
0 0 -3 0 0 
->
0 -1 -3 0 0
: hits 127, misses 1 
0 0 -3 0 0 
0 -1 -3 0 0
->
3 0 0 0 0 
: hits 14, misses 2 
3 0 0 0 0 
0 -1 -3 0 0
->
3 0 0 0 0 
: hits 66, misses 2 
0 -1 -3 0 0
3 0 0 0 0 
->
3 -2 -5 0 0
: hits 14, misses 1 
3 -2 -5 0 0
3 0 0 0 0 
->
3 -2 -5 0 0
: hits 41, misses 2 
3 -2 -5 0 0
3 0 0 0 0 
->
2 -2 -5 0 0
: hits 74, misses 4 
3 0 0 0 0 
->
1 -2 -5 0 0
: hits 6, misses 1 
3 0 0 0 0 
1 -2 -5 0 0
->
3 0 0 0 0 
: hits 295, misses 4 
1 -2 -5 0 0
3 0 0 0 0 
->
1 -2 -5 0 0
: hits 5, misses 1 
1 -2 -5 0 0
3 0 0 0 0 
->
1 -2 -6 0 0
: hits 75, misses 3 
1 -2 -6 0 0
->
0 0 0 0 0 
: hits 9, misses 1 
1 -2 -6 0 0
0 0 0 0 0 
->
1 -2 -6 0 0
: hits 62, misses 1 
0 0 0 0 0 
1 -2 -6 0 0
->
0 0 -3 0 0 
: hits 14, misses 1 
0 0 -3 0 0 
->
1 -2 -6 0 0
: hits 2, misses 1 
1 -2 -6 0 0
0 0 -3 0 0 
->
0 -2 -6 0 0
: hits 116, misses 4 
0 -2 -6 0 0
0 0 -3 0 0 
->
0 -2 -5 0 0
: hits 115, misses 4 
0 0 -3 0 0 
->
1 -2 -5 0 0
: hits 6, misses 1 
1 -2 -5 0 0
0 0 -3 0 0 
->
1 -2 -5 0 0
: hits 5, misses 2 
0 0 -3 0 0 
->
1 -2 -4 0 0
: hits 3, misses 1 
1 -2 -4 0 0
0 0 -3 0 0 
->
1 -2 -4 0 0
: hits 2, misses 1 
0 0 -3 0 0 
1 -2 -4 0 0
->
3 0 0 0 0 
: hits 12, misses 1 
3 0 0 0 0 
->
1 -2 -4 0 0
: hits 5, misses 1 
1 -2 -4 0 0
3 0 0 0 0 
->
1 -2 -4 0 0
: hits 4, misses 2 
3 0 0 0 0 
->
0 -2 -4 0 0
: hits 36, misses 1 
0 -2 -4 0 0
3 0 0 0 0 
->
0 -2 -4 0 0
: hits 33, misses 2 
3 0 0 0 0 
0 -2 -4 0 0
->
0 0 -3 0 0 
: hits 20, misses 2 
0 -2 -4 0 0
0 0 -3 0 0 
->
0 -2 -4 0 0
: hits 48, misses 2 
3 0 0 0 0 
0 -2 -4 0 0
0 0 -3 0 0 
0 -2 -4 0 0
->
0 0 -3 0 0 
: hits 9, misses 3 
0 0 -3 0 0 
0 -2 -4 0 0
0 0 -3 0 0 
0 -2 -4 0 0
->
0 0 -3 0 0 
: hits 125, misses 4 
0 0 -3 0 0 
0 -2 -4 0 0
->
0 0 -3 0 30 
: hits 37, misses 2 
0 -2 -4 0 0
0 0 -3 0 30 
->
0 -2 -4 0 30
: hits 34, misses 1 
0 0 -3 0 0 
0 -2 -4 0 0
0 0 -3 0 30 
0 -2 -4 0 30
->
3 0 0 0 30 
: hits 4, misses 2 
0 -2 -4 0 0
0 0 -3 0 30 
0 -2 -4 0 30
3 0 0 0 30 
->
0 -2 -4 0 30
: hits 3, misses 1 
3 0 0 0 30 
->
0 -2 -3 0 30
: hits 7, misses 1 
3 0 0 0 30 
0 -2 -3 0 30
3 0 0 0 30 
0 -2 -4 0 30
->
0 0 -3 0 30 
: hits 4, misses 2 
0 0 -3 0 30 
->
0 -2 -3 0 30
: hits 12, misses 1 
0 -2 -3 0 30
0 0 -3 0 30 
->
0 -2 -3 0 30
: hits 11, misses 1 
0 -2 -3 0 30
0 0 -3 0 30 
->
0 -1 -3 0 30
: hits 56, misses 1 
0 -1 -3 0 30
->
0 0 0 0 30 
: hits 17, misses 1 
0 -2 -3 0 30
0 0 -3 0 30 
0 -1 -3 0 30
0 0 0 0 30 
->
0 -1 -3 0 30
: hits 6, misses 1 
0 0 -3 0 30 
0 -1 -3 0 30
0 0 0 0 30 
0 -1 -3 0 30
->
0 0 -3 0 30 
: hits 1, misses 2 
0 0 -3 0 30 
0 -1 -3 0 30
->
0 0 3 0 0 
: hits 4, misses 1 
0 -1 -3 0 30
0 0 3 0 0 
->
0 -1 -3 0 0
: hits 160, misses 3 
0 0 3 0 0 
->
0 -2 -2 0 0
: hits 19, misses 1 
0 0 3 0 0 
->
0 -2 -3 0 0
: hits 23, misses 1 
0 0 3 0 0 
0 -2 -2 0 0
0 0 3 0 0 
0 -2 -3 0 0
->
0 0 3 0 0 
: hits 38, misses 1 
0 -2 -3 0 0
0 0 3 0 0 
->
0 -2 -2 0 0
: hits 17, misses 1 
0 -2 -2 0 0
0 0 3 0 0 
->
0 -2 -3 0 0
: hits 19, misses 2 
0 0 3 0 0 
->
0 -2 -3 0 0
: hits 19, misses 1 
0 0 3 0 0 
0 -2 -3 0 0
->
3 0 0 0 0 
: hits 15, misses 2 
0 0 3 0 0 
0 -2 -3 0 0
3 0 0 0 0 
->
0 -2 -2 0 0
: hits 9, misses 2 
0 0 3 0 0 
0 -2 -3 0 0
3 0 0 0 0 
0 -2 -2 0 0
->
3 0 0 0 0 
: hits 4, misses 1 
0 -2 -3 0 0
3 0 0 0 0 
0 -2 -2 0 0
3 0 0 0 0 
->
3 -2 -5 0 0
: hits 5, misses 2 
0 -2 -2 0 0
3 0 0 0 0 
3 -2 -5 0 0
3 0 0 0 0 
->
3 -2 -5 0 0
: hits 14, misses 1 
3 -2 -5 0 0
3 0 0 0 0 
3 -2 -5 0 0
3 0 0 0 0 
->
2 -2 -5 0 0
: hits 65, misses 4 
2 -2 -5 0 0
3 0 0 0 0 
->
2 -2 -6 0 0
: hits 18, misses 1 
2 -2 -6 0 0
3 0 0 0 0 
2 -2 -6 0 0
3 0 0 0 0 
->
1 -2 -6 0 0
: hits 67, misses 3 
3 0 0 0 0 
2 -2 -6 0 0
3 0 0 0 0 
1 -2 -6 0 0
->
3 0 0 0 0 
: hits 101, misses 1 
1 -2 -6 0 0
3 0 0 0 0 
->
0 -2 -6 0 0
: hits 57, misses 1 
3 0 0 0 0 
0 -2 -6 0 0
3 0 0 0 0 
0 -2 -6 0 0
->
0 0 -3 0 0 
: hits 17, misses 1 
0 -2 -6 0 0
3 0 0 0 0 
0 -2 -6 0 0
0 0 -3 0 0 
->
0 -2 -6 0 0
: hits 10, misses 2 
0 -2 -6 0 0
0 0 -3 0 0 
0 -2 -6 0 0
0 0 -3 0 0 
->
0 -2 -5 0 0
: hits 104, misses 7 
0 0 -3 0 0 
0 -2 -5 0 0
0 0 -3 0 0 
0 -2 -5 0 0
->
3 0 0 0 0 
: hits 10, misses 2 
3 0 0 0 0 
->
0 -2 -5 0 0
: hits 27, misses 1 
0 -2 -5 0 0
3 0 0 0 0 
0 -2 -5 0 0
3 0 0 0 0 
->
0 -2 -4 0 0
: hits 22, misses 4 
3 0 0 0 0 
0 -2 -4 0 0
3 0 0 0 0 
0 -2 -4 0 0
->
0 0 -3 0 0 
: hits 9, misses 2 
0 -2 -4 0 0
3 0 0 0 0 
0 -2 -4 0 0
0 0 -3 0 0 
->
0 -2 -4 0 0
: hits 6, misses 1 
0 -2 -4 0 0
0 0 -3 0 0 
0 -2 -4 0 0
0 0 -3 0 0 
->
0 -2 -4 0 0
: hits 37, misses 3 
3 0 0 0 0 
0 -2 -4 0 0
3 0 0 0 0 
0 -2 -4 0 0
0 0 -3 0 0 
0 -2 -4 0 0
0 0 -3 0 0 
0 -2 -4 0 0
->
0 0 -3 0 0 
: hits 4, misses 0 
3 0 0 0 0 
0 -2 -4 0 0
0 0 -3 0 0 
0 -2 -4 0 0
0 0 -3 0 0 
0 -2 -4 0 0
0 0 -3 0 0 
0 -2 -4 0 0
->
0 0 -3 0 0 
: hits 4, misses 0 
0 0 -3 0 0 
0 -2 -4 0 0
0 0 -3 0 0 
0 -2 -4 0 0
0 0 -3 0 0 
0 -2 -4 0 0
0 0 -3 0 0 
0 -2 -4 0 0
->
3 0 0 0 0 
: hits 4, misses 2 
0 -2 -4 0 0
0 0 -3 0 0 
0 -2 -4 0 0
3 0 0 0 0 
->
0 -2 -4 0 0
: hits 4, misses 3 
3 0 0 0 0 
0 -2 -4 0 0
->
0 0 0 0 0 
: hits 9, misses 2 
0 -2 -4 0 0
3 0 0 0 0 
0 -2 -4 0 0
0 0 0 0 0 
->
0 -2 -4 0 0
: hits 20, misses 2 
0 0 -3 0 0 
0 -2 -4 0 0
0 0 -3 0 0 
0 -2 -4 0 0
0 0 -3 0 0 
0 -2 -4 0 0
0 0 -3 0 0 
0 -2 -4 0 0
->
0 0 -3 0 0 
: hits 12, misses 4 
0 -2 -4 0 0
0 0 -3 0 0 
->
0 -2 -3 0 0
: hits 7, misses 1 
0 -2 -4 0 0
0 0 -3 0 0 
0 -2 -3 0 0
0 0 -3 0 0 
->
0 -2 -3 0 0
: hits 1, misses 1 
3 0 0 0 0 
0 -2 -4 0 0
0 0 0 0 0 
0 -2 -4 0 0
0 0 -3 0 0 
0 -2 -4 0 0
0 0 -3 0 0 
0 -2 -4 0 0
0 0 -3 0 0 
0 -2 -4 0 0
0 0 -3 0 0 
0 -2 -4 0 0
0 0 -3 0 0 
0 -2 -3 0 0
0 0 -3 0 0 
0 -2 -3 0 0
->
3 0 0 0 0 
: hits 8, misses 0 
0 -2 -3 0 0
3 0 0 0 0 
->
0 -2 -3 0 0
: hits 6, misses 1 
0 -2 -3 0 0
3 0 0 0 0 
->
0 -1 -3 0 0
: hits 40, misses 1 
3 0 0 0 0 
0 -2 -3 0 0
3 0 0 0 0 
0 -1 -3 0 0
->
3 0 0 0 0 
: hits 29, misses 2 
0 -2 -3 0 0
3 0 0 0 0 
0 -1 -3 0 0
3 0 0 0 0 
->
0 -1 -3 0 0
: hits 36, misses 1 
0 -1 -3 0 0
->
3 0 0 0 30 
: hits 18, misses 0 
0 -1 -3 0 0
3 0 0 0 0 
0 -1 -3 0 0
3 0 0 0 30 
->
0 -1 -3 0 30
: hits 1, misses 1 
3 0 0 0 0 
0 -1 -3 0 0
3 0 0 0 30 
0 -1 -3 0 30
->
0 0 -3 0 30 
: hits 2, misses 1 
3 0 0 0 30 
0 -1 -3 0 30
0 0 -3 0 30 
0 -1 -3 0 30
->
0 0 -3 0 30 
: hits 5, misses 1 
0 -1 -3 0 30
0 0 -3 0 30 
0 -1 -3 0 30
0 0 -3 0 30 
->
0 -2 -3 0 30
: hits 3, misses 2 
0 -2 -3 0 30
0 0 -3 0 30 
0 -2 -3 0 30
0 0 -3 0 30 
->
0 -1 -3 0 30
: hits 34, misses 4 
0 0 -3 0 30 
0 -1 -3 0 30
->
0 0 0 0 30 
: hits 6, misses 1 
0 0 0 0 30 
0 -1 -3 0 30
->
0 0 0 0 30 
: hits 5, misses 1 
0 -1 -3 0 30
0 0 0 0 30 
0 -1 -3 0 30
0 0 0 0 30 
->
0 -1 -3 0 30
: hits 5, misses 3 
0 0 0 0 30 
0 -1 -3 0 30
->
0 0 0 0 0 
: hits 7, misses 1 
0 0 0 0 0 
->
0 -1 -2 0 0
: hits 29, misses 1 
0 0 0 0 0 
0 -1 -2 0 0
->
0 0 0 0 0 
: hits 15, misses 2 
0 -1 -2 0 0
0 0 0 0 0 
->
0 -1 -2 0 0
: hits 16, misses 2 
0 0 0 0 0 
0 -1 -2 0 0
->
3 0 0 0 0 
: hits 5, misses 1 
0 -1 -2 0 0
0 0 0 0 0 
0 -1 -2 0 0
3 0 0 0 0 
->
0 -1 -2 0 0
: hits 1, misses 1 
0 0 0 0 0 
0 -1 -2 0 0
3 0 0 0 0 
0 -1 -2 0 0
->
0 0 0 0 0 
: hits 1, misses 1 
0 0 0 0 0 
->
-1 -1 -2 0 0
: hits 8, misses 0 
-1 -1 -2 0 0
0 0 0 0 0 
->
-1 -1 -2 0 0
: hits 7, misses 3 
0 0 0 0 0 
-1 -1 -2 0 0
0 0 0 0 0 
-1 -1 -2 0 0
->
3 0 0 0 0 
: hits 1, misses 2 
-1 -1 -2 0 0
->
0 0 0 0 0 
: hits 6, misses 1 
3 0 0 0 0 
-1 -1 -2 0 0
0 0 0 0 0 
-1 -1 -2 0 0
->
0 0 0 0 0 
: hits 3, misses 1 
-1 -1 -2 0 0
->
0 0 3 0 0 
: hits 25, misses 1 
-1 -1 -2 0 0
0 0 3 0 0 
->
0 -1 -3 0 0
: hits 21, misses 1 
0 0 0 0 0 
-1 -1 -2 0 0
0 0 3 0 0 
0 -1 -3 0 0
->
0 0 3 0 0 
: hits 3, misses 1 
-1 -1 -2 0 0
0 0 3 0 0 
0 -1 -3 0 0
0 0 3 0 0 
->
0 -1 -3 0 0
: hits 23, misses 1 
0 -1 -3 0 0
0 0 3 0 0 
->
0 -1 -2 0 0
: hits 22, misses 3 
0 -1 -2 0 0
0 0 3 0 0 
0 -1 -3 0 0
0 0 3 0 0 
->
0 -1 -2 0 0
: hits 15, misses 3 
0 -1 -3 0 0
0 0 3 0 0 
0 -1 -2 0 0
0 0 3 0 0 
->
0 -1 -3 0 0
: hits 108, misses 4 
0 0 3 0 0 
0 -1 -3 0 0
->
0 0 0 0 0 
: hits 6, misses 1 
0 -1 -3 0 0
0 0 0 0 0 
0 -1 -2 0 0
0 0 0 0 0 
->
0 -1 -2 0 0
: hits 1, misses 1 
0 0 0 0 0 
0 -1 -2 0 0
->
0 0 3 0 0 
: hits 24, misses 0 
0 -1 -2 0 0
0 0 0 0 0 
0 -1 -2 0 0
0 0 3 0 0 
->
0 -1 -3 0 0
: hits 13, misses 1 
0 -1 -3 0 0
0 0 0 0 0 
0 -1 -2 0 0
0 0 0 0 0 
0 -1 -2 0 0
0 0 3 0 0 
0 -1 -3 0 0
0 0 3 0 0 
->
0 -1 -2 0 0
: hits 1, misses 1 
0 0 3 0 0 
0 -1 -3 0 0
0 0 3 0 0 
0 -1 -2 0 0
->
0 0 3 0 0 
: hits 105, misses 2 
0 -1 -2 0 0
0 0 0 0 0 
0 -1 -2 0 0
0 0 3 0 0 
0 -1 -3 0 0
0 0 3 0 0 
0 -1 -2 0 0
0 0 3 0 0 
->
0 -1 -3 0 0
: hits 11, misses 0 
0 0 3 0 0 
->
0 -1 -3 0 0
: hits 158, misses 0 
0 0 3 0 0 
0 -1 -3 0 0
->
3 0 0 0 0 
: hits 35, misses 2 
0 0 3 0 0 
0 -1 -3 0 0
3 0 0 0 0 
->
0 -1 -3 0 0
: hits 121, misses 0 
0 0 3 0 0 
0 -1 -3 0 0
3 0 0 0 0 
0 -1 -3 0 0
3 0 0 0 0 
->
0 -1 -3 0 0
: hits 31, misses 2 
0 0 3 0 0 
0 -1 -3 0 0
3 0 0 0 0 
0 -1 -3 0 0
3 0 0 0 0 
0 -1 -3 0 0
->
3 0 0 0 0 
: hits 31, misses 0 
0 -1 -3 0 0
3 0 0 0 0 
0 -1 -3 0 0
3 0 0 0 0 
->
3 -2 -5 0 0
: hits 12, misses 2 
3 -2 -5 0 0
3 0 0 0 0 
3 -2 -5 0 0
3 0 0 0 0 
->
3 -2 -5 0 0
: hits 25, misses 1 
0 -1 -3 0 0
3 0 0 0 0 
3 -2 -5 0 0
3 0 0 0 0 
3 -2 -5 0 0
3 0 0 0 0 
3 -2 -5 0 0
3 0 0 0 0 
->
2 -2 -5 0 0
: hits 8, misses 2 
3 -2 -5 0 0
3 0 0 0 0 
3 -2 -5 0 0
3 0 0 0 0 
2 -2 -5 0 0
3 0 0 0 0 
2 -2 -5 0 0
3 0 0 0 0 
->
2 -2 -5 0 0
: hits 50, misses 3 
2 -2 -5 0 0
3 0 0 0 0 
2 -2 -5 0 0
3 0 0 0 0 
->
2 -2 -6 0 0
: hits 16, misses 1 
2 -2 -5 0 0
3 0 0 0 0 
2 -2 -5 0 0
3 0 0 0 0 
2 -2 -5 0 0
3 0 0 0 0 
2 -2 -6 0 0
3 0 0 0 0 
->
1 -2 -6 0 0
: hits 16, misses 2 
1 -2 -6 0 0
3 0 0 0 0 
1 -2 -6 0 0
3 0 0 0 0 
->
0 -2 -6 0 0
: hits 52, misses 2 
3 0 0 0 0 
0 -2 -6 0 0
3 0 0 0 0 
0 -2 -6 0 0
->
3 0 0 0 0 
: hits 106, misses 3 
1 -2 -6 0 0
3 0 0 0 0 
1 -2 -6 0 0
3 0 0 0 0 
0 -2 -6 0 0
3 0 0 0 0 
0 -2 -6 0 0
3 0 0 0 0 
->
0 -2 -6 0 0
: hits 47, misses 5 
3 0 0 0 0 
0 -2 -6 0 0
3 0 0 0 0 
0 -2 -6 0 0
3 0 0 0 0 
0 -2 -6 0 0
3 0 0 0 0 
0 -2 -6 0 0
->
0 0 -3 0 0 
: hits 10, misses 4 
0 -2 -6 0 0
0 0 -3 0 0 
0 -2 -6 0 0
0 0 -3 0 0 
->
0 -2 -6 0 0
: hits 90, misses 6 
0 0 -3 0 0 
0 -2 -6 0 0
0 0 -3 0 0 
0 -2 -6 0 0
->
0 0 -3 0 0 
: hits 186, misses 2 
0 -2 -6 0 0
0 0 -3 0 0 
0 -2 -6 0 0
0 0 -3 0 0 
0 -2 -6 0 0
0 0 -3 0 0 
0 -2 -6 0 0
0 0 -3 0 0 
->
0 -2 -5 0 0
: hits 24, misses 3 
0 -2 -5 0 0
0 0 -3 0 0 
0 -2 -5 0 0
0 0 -3 0 0 
0 -2 -5 0 0
0 0 -3 0 0 
0 -2 -5 0 0
0 0 -3 0 0 
->
0 -2 -4 0 0
: hits 16, misses 2 
0 0 -3 0 0 
0 -2 -5 0 0
0 0 -3 0 0 
0 -2 -5 0 0
0 0 -3 0 0 
0 -2 -5 0 0
0 0 -3 0 0 
0 -2 -5 0 0
0 0 -3 0 0 
0 -2 -5 0 0
0 0 -3 0 0 
0 -2 -5 0 0
0 0 -3 0 0 
0 -2 -4 0 0
0 0 -3 0 0 
0 -2 -4 0 0
->
0 0 -3 0 0 
: hits 26, misses 6 
0 -2 -5 0 0
0 0 -3 0 0 
0 -2 -4 0 0
0 0 -3 0 0 
0 -2 -4 0 0
0 0 -3 0 0 
0 -2 -4 0 0
0 0 -3 0 0 
->
0 -2 -4 0 0
: hits 16, misses 3 
0 0 -3 0 0 
0 -2 -5 0 0
0 0 -3 0 0 
0 -2 -5 0 0
0 0 -3 0 0 
0 -2 -5 0 0
0 0 -3 0 0 
0 -2 -4 0 0
0 0 -3 0 0 
0 -2 -4 0 0
0 0 -3 0 0 
0 -2 -4 0 0
0 0 -3 0 0 
0 -2 -4 0 0
0 0 -3 0 0 
0 -2 -4 0 0
->
3 0 0 0 0 
: hits 1, misses 2 
0 -2 -4 0 0
0 0 -3 0 0 
0 -2 -4 0 0
0 0 -3 0 0 
0 -2 -4 0 0
0 0 -3 0 0 
0 -2 -4 0 0
3 0 0 0 0 
->
0 -2 -4 0 0
: hits 3, misses 0 
3 0 0 0 0 
0 -2 -4 0 0
3 0 0 0 0 
0 -2 -4 0 0
->
3 0 0 0 0 
: hits 26, misses 2 
3 0 0 0 0 
0 -2 -4 0 0
3 0 0 0 0 
0 -2 -4 0 0
->
0 0 0 0 30 
: hits 1, misses 1 
0 -2 -4 0 0
0 0 0 0 30 
->
0 -2 -4 0 30
: hits 3, misses 1 
3 0 0 0 0 
0 -2 -4 0 0
0 0 0 0 30 
0 -2 -4 0 30
->
3 0 0 0 30 
: hits 1, misses 0 
0 -2 -4 0 30
3 0 0 0 30 
->
0 -2 -3 0 30
: hits 5, misses 1 
0 0 0 0 30 
0 -2 -4 0 30
3 0 0 0 30 
0 -2 -3 0 30
->
3 0 0 0 30 
: hits 2, misses 0 
0 -2 -4 0 30
3 0 0 0 30 
0 -2 -3 0 30
3 0 0 0 30 
->
0 -2 -3 0 30
: hits 2, misses 1 
3 0 0 0 30 
0 -2 -3 0 30
3 0 0 0 30 
0 -2 -3 0 30
->
0 0 0 0 30 
: hits 1, misses 1 
0 -2 -3 0 30
0 0 0 0 30 
->
0 -2 -3 0 30
: hits 4, misses 1 
3 0 0 0 30 
0 -2 -3 0 30
0 0 0 0 30 
0 -2 -3 0 30
->
3 0 0 0 30 
: hits 1, misses 1 
0 -2 -3 0 30
3 0 0 0 30 
0 -2 -3 0 30
3 0 0 0 30 
->
0 -2 -4 0 30
: hits 3, misses 1 
3 0 0 0 30 
0 -2 -3 0 30
3 0 0 0 30 
0 -2 -4 0 30
->
3 0 0 0 30 
: hits 1, misses 1 
0 0 0 0 30 
0 -2 -3 0 30
3 0 0 0 30 
0 -2 -3 0 30
3 0 0 0 30 
0 -2 -4 0 30
3 0 0 0 30 
0 -2 -4 0 30
->
0 0 -3 0 30 
: hits 1, misses 0 
0 -2 -4 0 30
3 0 0 0 30 
0 -2 -4 0 30
0 0 -3 0 30 
->
0 -2 -4 0 30
: hits 4, misses 2 
3 0 0 0 30 
0 -2 -4 0 30
0 0 -3 0 30 
0 -2 -4 0 30
->
0 0 -3 0 30 
: hits 8, misses 0 
0 -2 -4 0 30
0 0 -3 0 30 
0 -2 -4 0 30
0 0 -3 0 30 
->
0 -2 -4 0 30
: hits 22, misses 5 
0 0 -3 0 30 
0 -2 -4 0 30
0 0 -3 0 30 
0 -2 -4 0 30
->
0 0 -3 0 30 
: hits 52, misses 2 
0 0 -3 0 30 
0 -2 -4 0 30
0 0 -3 0 30 
0 -2 -4 0 30
->
0 0 0 0 30 
: hits 1, misses 1 
0 -2 -4 0 30
0 0 -3 0 30 
0 -2 -4 0 30
0 0 0 0 30 
->
0 -2 -4 0 30
: hits 2, misses 1 
0 0 0 0 30 
0 -2 -4 0 30
->
0 0 -3 0 30 
: hits 7, misses 2 
0 0 -3 0 30 
0 -2 -4 0 30
0 0 0 0 30 
0 -2 -4 0 30
0 0 -3 0 30 
0 -2 -4 0 30
0 0 -3 0 30 
0 -2 -4 0 30
->
0 0 -3 0 30 
: hits 2, misses 0 
0 -2 -4 0 30
0 0 -3 0 30 
0 -2 -4 0 30
0 0 -3 0 30 
->
0 -2 -3 0 30
: hits 2, misses 1 
0 -2 -4 0 30
0 0 -3 0 30 
0 -2 -4 0 30
0 0 -3 0 30 
0 -2 -4 0 30
0 0 -3 0 30 
0 -2 -3 0 30
0 0 -3 0 30 
->
0 -1 -3 0 30
: hits 3, misses 3 
0 0 -3 0 30 
0 -2 -3 0 30
0 0 -3 0 30 
0 -1 -3 0 30
->
0 0 -3 0 30 
: hits 41, misses 6 
0 0 -3 0 30 
0 -1 -3 0 30
0 0 -3 0 30 
0 -1 -3 0 30
->
0 0 3 0 0 
: hits 2, misses 1 
0 -1 -3 0 30
0 0 -3 0 30 
0 -1 -3 0 30
0 0 3 0 0 
->
0 -1 -3 0 0
: hits 15, misses 2 
0 0 -3 0 30 
0 -1 -3 0 30
0 0 3 0 0 
0 -1 -3 0 0
->
0 0 3 0 0 
: hits 7, misses 1 
0 0 3 0 0 
->
0 -1 -3 0 0
: hits 145, misses 0 
0 -1 -3 0 0
3 0 0 0 0 
0 -1 -3 0 0
3 0 0 0 0 
0 -1 -3 0 0
3 0 0 0 0 
0 -1 -3 0 0
3 0 0 0 0 
->
3 -2 -5 0 0
: hits 11, misses 2 
0 -1 -3 0 0
3 0 0 0 0 
0 -1 -3 0 0
3 0 0 0 0 
3 -2 -5 0 0
3 0 0 0 0 
3 -2 -5 0 0
3 0 0 0 0 
->
3 -2 -5 0 0
: hits 11, misses 1 
0 -1 -3 0 0
3 0 0 0 0 
0 -1 -3 0 0
3 0 0 0 0 
3 -2 -5 0 0
3 0 0 0 0 
3 -2 -5 0 0
3 0 0 0 0 
3 -2 -5 0 0
3 0 0 0 0 
2 -2 -5 0 0
3 0 0 0 0 
2 -2 -5 0 0
3 0 0 0 0 
2 -2 -5 0 0
3 0 0 0 0 
->
2 -2 -5 0 0
: hits 11, misses 0 
2 -2 -5 0 0
3 0 0 0 0 
2 -2 -5 0 0
3 0 0 0 0 
2 -2 -5 0 0
3 0 0 0 0 
2 -2 -5 0 0
3 0 0 0 0 
->
2 -2 -6 0 0
: hits 14, misses 3 
3 0 0 0 0 
2 -2 -6 0 0
3 0 0 0 0 
1 -2 -6 0 0
->
0 0 -3 0 0 
: hits 3, misses 1 
1 -2 -6 0 0
0 0 -3 0 0 
->
1 -2 -6 0 0
: hits 1, misses 1 
3 0 0 0 0 
1 -2 -6 0 0
0 0 -3 0 0 
1 -2 -6 0 0
->
3 0 0 0 0 
: hits 1, misses 1 
2 -2 -6 0 0
3 0 0 0 0 
1 -2 -6 0 0
0 0 -3 0 0 
1 -2 -6 0 0
3 0 0 0 0 
1 -2 -6 0 0
3 0 0 0 0 
->
1 -2 -6 0 0
: hits 1, misses 0 
3 0 0 0 0 
1 -2 -6 0 0
0 0 -3 0 0 
1 -2 -6 0 0
3 0 0 0 0 
1 -2 -6 0 0
3 0 0 0 0 
1 -2 -6 0 0
->
3 0 0 0 0 
: hits 1, misses 0 
1 -2 -6 0 0
3 0 0 0 0 
1 -2 -6 0 0
3 0 0 0 0 
1 -2 -6 0 0
3 0 0 0 0 
1 -2 -6 0 0
3 0 0 0 0 
->
1 -2 -6 0 0
: hits 34, misses 4 
2 -2 -6 0 0
3 0 0 0 0 
1 -2 -6 0 0
0 0 -3 0 0 
1 -2 -6 0 0
3 0 0 0 0 
1 -2 -6 0 0
3 0 0 0 0 
1 -2 -6 0 0
3 0 0 0 0 
1 -2 -6 0 0
3 0 0 0 0 
1 -2 -6 0 0
3 0 0 0 0 
1 -2 -6 0 0
3 0 0 0 0 
->
0 -2 -6 0 0
: hits 1, misses 0 
3 0 0 0 0 
1 -2 -6 0 0
3 0 0 0 0 
1 -2 -6 0 0
3 0 0 0 0 
0 -2 -6 0 0
3 0 0 0 0 
0 -2 -6 0 0
->
3 0 0 0 0 
: hits 61, misses 3 
3 0 0 0 0 
->
0 -2 -7 0 0
: hits 3, misses 1 
0 0 -3 0 0 
->
0 -2 -7 0 0
: hits 8, misses 0 
0 -2 -7 0 0
0 0 -3 0 0 
->
0 -2 -7 0 0
: hits 7, misses 1 
0 -2 -7 0 0
0 0 -3 0 0 
0 -2 -7 0 0
0 0 -3 0 0 
->
0 -2 -7 0 0
: hits 4, misses 2 
0 0 -3 0 0 
->
-1 -2 -7 0 0
: hits 4, misses 0 
-1 -2 -7 0 0
->
0 0 -3 0 0 
: hits 36, misses 0 
-1 -2 -7 0 0
0 0 -3 0 0 
->
-1 -2 -7 0 0
: hits 3, misses 2 
-1 -2 -7 0 0
0 0 -3 0 0 
-1 -2 -7 0 0
0 0 -3 0 0 
->
-1 -2 -7 0 0
: hits 1, misses 2 
0 0 -3 0 0 
->
-1 -2 -6 0 0
: hits 1, misses 0 
-1 -2 -7 0 0
0 0 -3 0 0 
-1 -2 -6 0 0
0 0 -3 0 0 
->
0 -2 -6 0 0
: hits 1, misses 2 
-1 -2 -7 0 0
0 0 -3 0 0 
-1 -2 -7 0 0
0 0 -3 0 0 
-1 -2 -6 0 0
0 0 -3 0 0 
0 -2 -6 0 0
0 0 -3 0 0 
->
0 -2 -6 0 0
: hits 1, misses 0 
-1 -2 -6 0 0
0 0 -3 0 0 
0 -2 -6 0 0
0 0 -3 0 0 
0 -2 -6 0 0
0 0 -3 0 0 
0 -2 -6 0 0
0 0 -3 0 0 
->
0 -2 -6 0 0
: hits 54, misses 1 
-1 -2 -7 0 0
0 0 -3 0 0 
-1 -2 -6 0 0
0 0 -3 0 0 
0 -2 -6 0 0
0 0 -3 0 0 
0 -2 -6 0 0
0 0 -3 0 0 
0 -2 -6 0 0
0 0 -3 0 0 
0 -2 -6 0 0
0 0 -3 0 0 
0 -2 -6 0 0
0 0 -3 0 0 
0 -2 -6 0 0
0 0 -3 0 0 
->
0 -2 -5 0 0
: hits 1, misses 0 
0 -2 -6 0 0
0 0 -3 0 0 
0 -2 -6 0 0
0 0 -3 0 0 
0 -2 -6 0 0
0 0 -3 0 0 
0 -2 -6 0 0
0 0 -3 0 0 
0 -2 -6 0 0
0 0 -3 0 0 
0 -2 -6 0 0
0 0 -3 0 0 
0 -2 -5 0 0
0 0 -3 0 0 
0 -2 -5 0 0
0 0 -3 0 0 
->
0 -2 -5 0 0
: hits 33, misses 8 
0 -2 -5 0 0
0 0 -3 0 0 
0 -2 -5 0 0
0 0 -3 0 0 
0 -2 -5 0 0
0 0 -3 0 0 
0 -2 -5 0 0
0 0 -3 0 0 
->
0 -2 -5 0 0
: hits 61, misses 3 
0 0 -3 0 0 
0 -2 -5 0 0
0 0 -3 0 0 
0 -2 -5 0 0
->
0 0 -3 0 30 
: hits 6, misses 1 
0 -2 -5 0 0
0 0 -3 0 0 
0 -2 -5 0 0
0 0 -3 0 30 
->
0 -2 -4 0 30
: hits 6, misses 1 
0 -2 -5 0 0
0 0 -3 0 0 
0 -2 -5 0 0
0 0 -3 0 30 
0 -2 -4 0 30
0 0 -3 0 30 
0 -2 -4 0 30
0 0 -3 0 30 
->
0 -2 -4 0 30
: hits 2, misses 0 
0 -2 -4 0 30
0 0 -3 0 30 
->
0 -1 -4 0 30
: hits 31, misses 2 
0 -2 -4 0 30
0 0 -3 0 30 
0 -1 -4 0 30
0 0 -3 0 30 
->
0 -1 -4 0 30
: hits 23, misses 4 
0 0 -3 0 30 
0 -2 -4 0 30
0 0 -3 0 30 
0 -2 -4 0 30
0 0 -3 0 30 
0 -1 -4 0 30
0 0 -3 0 30 
0 -1 -4 0 30
->
0 0 -3 0 30 
: hits 15, misses 2 
0 -1 -4 0 30
0 0 -3 0 30 
0 -1 -4 0 30
0 0 -3 0 30 
->
0 -1 -3 0 30
: hits 39, misses 8 
0 -1 -4 0 30
0 0 -3 0 30 
0 -1 -4 0 30
0 0 -3 0 30 
0 -1 -3 0 30
0 0 -3 0 30 
0 -1 -3 0 30
0 0 -3 0 30 
->
0 -1 -3 0 30
: hits 26, misses 1 
0 0 -3 0 30 
0 -1 -3 0 30
0 0 -3 0 30 
0 -1 -3 0 30
->
0 0 0 0 30 
: hits 4, misses 1 
0 0 0 0 30 
0 -1 -3 0 30
->
0 0 3 0 0 
: hits 8, misses 1 
0 -1 -3 0 30
0 0 0 0 30 
0 -1 -3 0 30
0 0 3 0 0 
->
0 -1 -3 0 0
: hits 15, misses 2 
0 -1 -3 0 30
0 0 3 0 0 
0 -1 -3 0 0
0 0 3 0 0 
0 -1 -3 0 0
0 0 3 0 0 
0 -1 -3 0 0
0 0 3 0 0 
->
0 -1 -2 0 0
: hits 4, misses 2 
0 -1 -3 0 0
0 0 3 0 0 
0 -1 -3 0 0
0 0 3 0 0 
0 -1 -2 0 0
0 0 3 0 0 
0 -1 -2 0 0
0 0 3 0 0 
->
0 -1 -2 0 0
: hits 7, misses 2 
3 0 0 0 0 
->
3 -2 -5 0 0
: hits 40, misses 1 
3 0 0 0 0 
3 -2 -5 0 0
3 0 0 0 0 
3 -2 -5 0 0
3 0 0 0 0 
->
3 -2 -5 0 0
: hits 19, misses 0 
3 0 0 0 0 
3 -2 -5 0 0
3 0 0 0 0 
3 -2 -5 0 0
3 0 0 0 0 
3 -2 -5 0 0
3 0 0 0 0 
2 -2 -5 0 0
3 0 0 0 0 
2 -2 -5 0 0
3 0 0 0 0 
2 -2 -5 0 0
3 0 0 0 0 
2 -2 -5 0 0
3 0 0 0 0 
->
2 -2 -5 0 0
: hits 14, misses 6 
2 -2 -5 0 0
3 0 0 0 0 
2 -2 -5 0 0
3 0 0 0 0 
->
1 -2 -5 0 0
: hits 4, misses 1 
2 -2 -5 0 0
3 0 0 0 0 
1 -2 -5 0 0
3 0 0 0 0 
1 -2 -6 0 0
3 0 0 0 0 
1 -2 -6 0 0
3 0 0 0 0 
->
1 -2 -6 0 0
: hits 20, misses 0 
2 -2 -5 0 0
3 0 0 0 0 
2 -2 -5 0 0
3 0 0 0 0 
2 -2 -5 0 0
3 0 0 0 0 
1 -2 -5 0 0
3 0 0 0 0 
1 -2 -6 0 0
3 0 0 0 0 
1 -2 -6 0 0
3 0 0 0 0 
1 -2 -6 0 0
3 0 0 0 0 
1 -2 -6 0 0
3 0 0 0 0 
->
1 -2 -6 0 0
: hits 12, misses 1 
2 -2 -5 0 0
3 0 0 0 0 
1 -2 -5 0 0
3 0 0 0 0 
1 -2 -6 0 0
3 0 0 0 0 
1 -2 -6 0 0
3 0 0 0 0 
1 -2 -6 0 0
3 0 0 0 0 
1 -2 -6 0 0
3 0 0 0 0 
1 -2 -6 0 0
3 0 0 0 0 
1 -2 -6 0 0
3 0 0 0 0 
->
0 -2 -6 0 0
: hits 7, misses 2 
0 -2 -6 0 0
3 0 0 0 0 
->
0 -2 -7 0 0
: hits 2, misses 1 
3 0 0 0 0 
0 -2 -6 0 0
3 0 0 0 0 
0 -2 -6 0 0
3 0 0 0 0 
0 -2 -6 0 0
3 0 0 0 0 
0 -2 -7 0 0
->
3 0 0 0 0 
: hits 12, misses 1 
3 0 0 0 0 
0 -2 -6 0 0
3 0 0 0 0 
0 -2 -6 0 0
3 0 0 0 0 
0 -2 -6 0 0
3 0 0 0 0 
0 -2 -6 0 0
3 0 0 0 0 
0 -2 -6 0 0
3 0 0 0 0 
0 -2 -6 0 0
3 0 0 0 0 
0 -2 -7 0 0
3 0 0 0 0 
0 -2 -7 0 0
->
0 0 -3 0 0 
: hits 2, misses 1 
0 -2 -7 0 0
3 0 0 0 0 
0 -2 -7 0 0
0 0 -3 0 0 
->
0 -2 -7 0 0
: hits 2, misses 1 
0 -2 -6 0 0
3 0 0 0 0 
0 -2 -7 0 0
3 0 0 0 0 
0 -2 -7 0 0
0 0 -3 0 0 
0 -2 -7 0 0
0 0 -3 0 0 
->
0 -2 -7 0 0
: hits 1, misses 1 
0 0 -3 0 0 
->
-1 -1 -7 0 0
: hits 10, misses 0 
0 0 -3 0 0 
-1 -1 -7 0 0
->
0 0 -3 0 0 
: hits 24, misses 0 
-1 -1 -7 0 0
0 0 -3 0 0 
->
-1 -1 -7 0 0
: hits 9, misses 0 
-1 -1 -7 0 0
0 0 -3 0 0 
-1 -1 -7 0 0
0 0 -3 0 0 
->
-1 -1 -7 0 0
: hits 7, misses 3 
0 0 -3 0 0 
->
-1 -1 -6 0 0
: hits 13, misses 0 
-1 -1 -6 0 0
0 0 -3 0 0 
->
-1 -1 -6 0 0
: hits 12, misses 0 
-1 -1 -6 0 0
0 0 -3 0 0 
-1 -1 -6 0 0
0 0 -3 0 0 
->
-1 -1 -6 0 0
: hits 11, misses 3 
0 0 -3 0 0 
->
0 -1 -6 0 0
: hits 4, misses 0 
0 -1 -6 0 0
0 0 -3 0 0 
->
0 -1 -6 0 0
: hits 3, misses 1 
0 -1 -6 0 0
0 0 -3 0 0 
0 -1 -6 0 0
0 0 -3 0 0 
->
0 -1 -6 0 0
: hits 2, misses 2 
0 0 -3 0 0 
->
0 -1 -5 0 0
: hits 11, misses 0 
0 -1 -5 0 0
0 0 -3 0 0 
->
0 -1 -5 0 0
: hits 9, misses 1 
0 0 -3 0 0 
0 -1 -5 0 0
0 0 -3 0 0 
0 -1 -5 0 0
->
0 0 -3 0 0 
: hits 82, misses 1 
0 -1 -5 0 0
0 0 -3 0 0 
0 -1 -5 0 0
0 0 -3 0 0 
->
0 -1 -5 0 0
: hits 7, misses 3 
0 0 -3 0 0 
->
0 -1 -4 0 0
: hits 7, misses 0 
0 -1 -4 0 0
0 0 -3 0 0 
->
0 -1 -4 0 0
: hits 6, misses 1 
0 -1 -4 0 0
0 0 -3 0 0 
0 -1 -4 0 0
0 0 -3 0 0 
->
0 -1 -4 0 0
: hits 5, misses 2 
0 -1 -4 0 0
0 0 -3 0 0 
->
0 -1 -3 0 0
: hits 94, misses 1 
0 -1 -3 0 0
->
0 0 -3 0 0 
: hits 27, misses 0 
0 -1 -4 0 0
0 0 -3 0 0 
0 -1 -3 0 0
0 0 -3 0 0 
->
0 -1 -3 0 0
: hits 10, misses 0 
0 0 -3 0 0 
0 -1 -3 0 0
->
0 0 -3 0 0 
: hits 23, misses 1 
0 0 -3 0 0 
0 -1 -3 0 0
0 0 -3 0 0 
0 -1 -3 0 0
->
0 0 3 0 0 
: hits 68, misses 2 
0 -1 -3 0 0
0 0 -3 0 0 
0 -1 -3 0 0
0 0 3 0 0 
0 -1 -3 0 0
0 0 3 0 0 
0 -1 -3 0 0
0 0 3 0 0 
->
0 -1 -3 0 0
: hits 75, misses 1 
0 -1 -3 0 0
0 0 -3 0 0 
0 -1 -3 0 0
0 0 -3 0 0 
0 -1 -3 0 0
0 0 -3 0 0 
0 -1 -3 0 0
0 0 -3 0 0 
0 -1 -3 0 0
0 0 3 0 0 
0 -1 -3 0 0
0 0 3 0 0 
0 -1 -3 0 0
0 0 3 0 0 
0 -1 -3 0 0
0 0 3 0 0 
->
0 -1 -3 0 0
: hits 15, misses 0 
0 0 3 0 0 
0 -1 -3 0 0
->
0 0 0 0 30 
: hits 1, misses 1 
0 -1 -3 0 0
0 0 0 0 30 
->
0 -1 -3 0 30
: hits 7, misses 0 
0 -1 -3 0 0
0 0 3 0 0 
0 -1 -3 0 0
0 0 0 0 30 
0 -1 -3 0 30
0 0 -3 0 30 
0 -1 -4 0 30
0 0 -3 0 30 
->
0 -1 -4 0 30
: hits 1, misses 0 
0 0 3 0 0 
0 -1 -3 0 0
0 0 0 0 30 
0 -1 -3 0 30
0 0 -3 0 30 
0 -1 -4 0 30
0 0 -3 0 30 
0 -1 -4 0 30
->
0 0 -3 0 30 
: hits 1, misses 0 
0 -1 -3 0 0
0 0 0 0 30 
0 -1 -3 0 30
0 0 -3 0 30 
0 -1 -4 0 30
0 0 -3 0 30 
0 -1 -4 0 30
0 0 -3 0 30 
->
0 -1 -4 0 30
: hits 1, misses 0 
0 0 -3 0 30 
->
-1 -1 -4 0 30
: hits 18, misses 0 
0 0 -3 0 30 
-1 -1 -4 0 30
->
0 0 -3 0 30 
: hits 51, misses 2 
-1 -1 -4 0 30
0 0 -3 0 30 
->
-1 -1 -4 0 30
: hits 17, misses 1 
-1 -1 -4 0 30
0 0 -3 0 30 
->
0 -1 -4 0 30
: hits 19, misses 1 
0 0 -3 0 30 
0 -1 -3 0 30
->
0 0 0 0 0 
: hits 5, misses 1 
0 -1 -4 0 30
0 0 -3 0 30 
0 -1 -3 0 30
0 0 -3 0 30 
0 -1 -3 0 30
0 0 -3 0 30 
0 -1 -3 0 30
0 0 0 0 0 
->
0 -1 -3 0 0
: hits 12, misses 2 
0 0 0 0 0 
0 -1 -3 0 0
0 0 3 0 0 
0 -1 -3 0 0
->
0 0 3 0 0 
: hits 65, misses 2 
0 -1 -3 0 30
0 0 0 0 0 
0 -1 -3 0 0
0 0 3 0 0 
0 -1 -3 0 0
0 0 3 0 0 
0 -1 -3 0 0
0 0 3 0 0 
->
0 -1 -3 0 0
: hits 19, misses 1 
0 0 3 0 0 
->
3 -2 -5 0 0
: hits 37, misses 0 
3 -2 -5 0 0
->
0 0 3 0 0 
: hits 1, misses 1 
0 0 3 0 0 
3 -2 -5 0 0
0 0 3 0 0 
->
3 -2 -5 0 0
: hits 3, misses 0 
0 0 3 0 0 
3 -2 -5 0 0
->
3 0 0 0 0 
: hits 34, misses 1 
0 0 3 0 0 
3 -2 -5 0 0
0 0 3 0 0 
3 -2 -5 0 0
3 0 0 0 0 
->
3 -2 -5 0 0
: hits 3, misses 0 
3 -2 -5 0 0
0 0 3 0 0 
3 -2 -5 0 0
3 0 0 0 0 
3 -2 -5 0 0
3 0 0 0 0 
3 -2 -5 0 0
3 0 0 0 0 
3 -2 -5 0 0
3 0 0 0 0 
->
3 -2 -5 0 0
: hits 6, misses 2 
3 -2 -5 0 0
0 0 3 0 0 
3 -2 -5 0 0
3 0 0 0 0 
3 -2 -5 0 0
3 0 0 0 0 
3 -2 -5 0 0
3 0 0 0 0 
3 -2 -5 0 0
3 0 0 0 0 
3 -2 -5 0 0
3 0 0 0 0 
3 -2 -5 0 0
3 0 0 0 0 
3 -2 -5 0 0
3 0 0 0 0 
->
2 -2 -5 0 0
: hits 1, misses 0 
3 -2 -5 0 0
3 0 0 0 0 
3 -2 -5 0 0
3 0 0 0 0 
3 -2 -5 0 0
3 0 0 0 0 
3 -2 -5 0 0
3 0 0 0 0 
3 -2 -5 0 0
3 0 0 0 0 
2 -2 -5 0 0
3 0 0 0 0 
2 -2 -5 0 0
3 0 0 0 0 
2 -2 -5 0 0
3 0 0 0 0 
->
2 -2 -6 0 0
: hits 5, misses 2 
3 -2 -5 0 0
3 0 0 0 0 
3 -2 -5 0 0
3 0 0 0 0 
3 -2 -5 0 0
3 0 0 0 0 
2 -2 -5 0 0
3 0 0 0 0 
2 -2 -5 0 0
3 0 0 0 0 
2 -2 -5 0 0
3 0 0 0 0 
2 -2 -6 0 0
3 0 0 0 0 
2 -2 -6 0 0
3 0 0 0 0 
->
2 -2 -6 0 0
: hits 7, misses 4 
2 -2 -6 0 0
3 0 0 0 0 
2 -2 -6 0 0
3 0 0 0 0 
2 -2 -6 0 0
3 0 0 0 0 
2 -2 -6 0 0
3 0 0 0 0 
->
1 -2 -6 0 0
: hits 11, misses 0 
2 -2 -6 0 0
3 0 0 0 0 
2 -2 -6 0 0
3 0 0 0 0 
2 -2 -6 0 0
3 0 0 0 0 
2 -2 -6 0 0
3 0 0 0 0 
1 -2 -6 0 0
3 0 0 0 0 
1 -2 -6 0 0
3 0 0 0 0 
1 -2 -6 0 0
3 0 0 0 0 
1 -2 -6 0 0
3 0 0 0 0 
->
1 -2 -6 0 0
: hits 7, misses 1 
2 -2 -6 0 0
3 0 0 0 0 
2 -2 -6 0 0
3 0 0 0 0 
2 -2 -6 0 0
3 0 0 0 0 
1 -2 -6 0 0
3 0 0 0 0 
1 -2 -6 0 0
3 0 0 0 0 
1 -2 -6 0 0
3 0 0 0 0 
1 -2 -6 0 0
3 0 0 0 0 
1 -2 -6 0 0
3 0 0 0 0 
->
0 -2 -6 0 0
: hits 4, misses 1 
3 0 0 0 0 
1 -2 -6 0 0
3 0 0 0 0 
0 -2 -6 0 0
->
0 0 0 0 0 
: hits 3, misses 1 
0 -2 -6 0 0
0 0 0 0 0 
->
0 -2 -6 0 0
: hits 31, misses 1 
3 0 0 0 0 
1 -2 -6 0 0
3 0 0 0 0 
1 -2 -6 0 0
3 0 0 0 0 
0 -2 -6 0 0
0 0 0 0 0 
0 -2 -6 0 0
->
0 0 -3 0 0 
: hits 4, misses 2 
1 -2 -6 0 0
3 0 0 0 0 
1 -2 -6 0 0
3 0 0 0 0 
1 -2 -6 0 0
3 0 0 0 0 
0 -2 -6 0 0
0 0 0 0 0 
0 -2 -6 0 0
0 0 -3 0 0 
0 -2 -6 0 0
0 0 -3 0 0 
0 -2 -6 0 0
0 0 -3 0 0 
0 -2 -6 0 0
0 0 -3 0 0 
->
0 -2 -6 0 0
: hits 3, misses 0 
0 -2 -6 0 0
0 0 -3 0 0 
0 -2 -6 0 0
0 0 -3 0 0 
0 -2 -6 0 0
0 0 -3 0 0 
0 -2 -6 0 0
0 0 -3 0 0 
0 -2 -6 0 0
0 0 -3 0 0 
0 -2 -6 0 0
0 0 -3 0 0 
0 -2 -6 0 0
0 0 -3 0 0 
0 -2 -6 0 0
0 0 -3 0 0 
->
0 -2 -6 0 0
: hits 28, misses 7 
1 -2 -6 0 0
3 0 0 0 0 
1 -2 -6 0 0
3 0 0 0 0 
1 -2 -6 0 0
3 0 0 0 0 
0 -2 -6 0 0
0 0 0 0 0 
0 -2 -6 0 0
0 0 -3 0 0 
0 -2 -6 0 0
0 0 -3 0 0 
0 -2 -6 0 0
0 0 -3 0 0 
0 -2 -6 0 0
0 0 -3 0 0 
0 -2 -6 0 0
0 0 -3 0 0 
0 -2 -6 0 0
0 0 -3 0 0 
0 -2 -6 0 0
0 0 -3 0 0 
0 -2 -6 0 0
0 0 -3 0 0 
0 -2 -6 0 0
0 0 -3 0 0 
0 -2 -6 0 0
0 0 -3 0 0 
0 -2 -6 0 0
0 0 -3 0 0 
0 -2 -6 0 0
0 0 -3 0 0 
->
0 -2 -5 0 0
: hits 1, misses 0 
0 0 -3 0 0 
0 -2 -5 0 0
0 0 -3 0 0 
0 -2 -5 0 0
0 0 -3 0 0 
0 -2 -5 0 0
0 0 -3 0 0 
0 -2 -5 0 0
->
3 0 0 0 0 
: hits 4, misses 1 
0 -2 -5 0 0
3 0 0 0 0 
->
0 -2 -5 0 0
: hits 25, misses 1 
0 -2 -5 0 0
3 0 0 0 0 
0 -2 -5 0 0
3 0 0 0 0 
->
0 -2 -5 0 0
: hits 19, misses 2 
0 0 -3 0 0 
0 -2 -5 0 0
0 0 -3 0 0 
0 -2 -5 0 0
3 0 0 0 0 
0 -2 -5 0 0
3 0 0 0 0 
0 -2 -5 0 0
->
3 0 0 0 0 
: hits 3, misses 1 
3 0 0 0 0 
0 -2 -5 0 0
3 0 0 0 0 
0 -2 -5 0 0
3 0 0 0 0 
0 -2 -5 0 0
3 0 0 0 0 
0 -2 -5 0 0
->
0 0 -3 0 0 
: hits 5, misses 2 
3 0 0 0 0 
0 -2 -5 0 0
0 0 -3 0 0 
0 -2 -4 0 0
->
3 0 0 0 0 
: hits 1, misses 1 
0 -2 -5 0 0
0 0 -3 0 0 
0 -2 -4 0 0
3 0 0 0 0 
->
0 -2 -5 0 0
: hits 4, misses 2 
3 0 0 0 0 
0 -2 -5 0 0
3 0 0 0 0 
0 -2 -5 0 0
->
0 0 0 0 0 
: hits 5, misses 2 
0 0 0 0 0 
0 -2 -5 0 0
->
3 0 0 0 0 
: hits 16, misses 1 
0 -2 -5 0 0
3 0 0 0 0 
0 -2 -5 0 0
0 0 -3 0 0 
->
0 -2 -5 0 0
: hits 5, misses 1 
3 0 0 0 0 
0 -2 -5 0 0
0 0 0 0 0 
0 -2 -5 0 0
3 0 0 0 0 
0 -2 -5 0 0
0 0 -3 0 0 
0 -2 -5 0 0
->
0 0 -3 0 0 
: hits 3, misses 0 
0 -2 -5 0 0
0 0 0 0 0 
0 -2 -5 0 0
3 0 0 0 0 
0 -2 -5 0 0
0 0 -3 0 0 
0 -2 -5 0 0
0 0 -3 0 0 
->
0 -2 -5 0 0
: hits 3, misses 0 
0 -2 -5 0 0
3 0 0 0 0 
0 -2 -5 0 0
0 0 -3 0 0 
0 -2 -5 0 0
0 0 -3 0 0 
0 -2 -5 0 0
0 0 -3 0 0 
->
0 -2 -5 0 0
: hits 4, misses 0 
0 0 -3 0 0 
0 -2 -5 0 0
0 0 -3 0 0 
0 -2 -5 0 0
0 0 -3 0 0 
0 -2 -5 0 0
0 0 -3 0 0 
0 -2 -5 0 0
->
0 0 -3 0 0 
: hits 62, misses 2 
0 -2 -5 0 0
3 0 0 0 0 
0 -2 -5 0 0
0 0 0 0 0 
0 -2 -5 0 0
3 0 0 0 0 
0 -2 -5 0 0
0 0 -3 0 0 
0 -2 -5 0 0
0 0 -3 0 0 
0 -2 -5 0 0
0 0 -3 0 0 
0 -2 -5 0 0
0 0 -3 0 0 
0 -2 -5 0 0
0 0 -3 0 0 
->
0 -2 -4 0 0
: hits 1, misses 1 
3 0 0 0 0 
0 -2 -5 0 0
3 0 0 0 0 
0 -2 -5 0 0
3 0 0 0 0 
0 -2 -5 0 0
0 0 -3 0 0 
0 -2 -4 0 0
3 0 0 0 0 
0 -2 -5 0 0
3 0 0 0 0 
0 -2 -5 0 0
0 0 0 0 0 
0 -2 -5 0 0
3 0 0 0 0 
0 -2 -5 0 0
0 0 -3 0 0 
0 -2 -5 0 0
0 0 -3 0 0 
0 -2 -5 0 0
0 0 -3 0 0 
0 -2 -5 0 0
0 0 -3 0 0 
0 -2 -5 0 0
0 0 -3 0 0 
0 -2 -4 0 0
0 0 -3 0 0 
0 -2 -4 0 0
0 0 -3 0 0 
0 -2 -4 0 0
0 0 -3 0 0 
0 -2 -4 0 0
->
0 0 -3 0 0 
: hits 1, misses 0 
0 0 -3 0 0 
0 -2 -4 0 0
0 0 -3 0 0 
0 -2 -4 0 0
0 0 -3 0 0 
0 -2 -4 0 0
0 0 -3 0 0 
0 -2 -4 0 0
->
0 0 -3 0 30 
: hits 8, misses 1 
0 -2 -4 0 0
0 0 -3 0 0 
0 -2 -4 0 0
0 0 -3 0 0 
0 -2 -4 0 0
0 0 -3 0 0 
0 -2 -4 0 0
0 0 -3 0 30 
->
0 -2 -4 0 30
: hits 8, misses 1 
0 0 -3 0 0 
0 -2 -4 0 0
0 0 -3 0 0 
0 -2 -4 0 0
0 0 -3 0 0 
0 -2 -4 0 0
0 0 -3 0 30 
0 -2 -4 0 30
->
3 0 0 0 30 
: hits 3, misses 3 
0 -2 -4 0 0
0 0 -3 0 30 
0 -2 -4 0 30
3 0 0 0 30 
0 -2 -4 0 30
0 0 -3 0 30 
0 -2 -4 0 30
0 0 -3 0 30 
->
0 -2 -4 0 30
: hits 1, misses 0 
0 -2 -4 0 30
3 0 0 0 30 
0 -2 -4 0 30
0 0 -3 0 30 
0 -2 -4 0 30
0 0 -3 0 30 
0 -2 -4 0 30
0 0 -3 0 30 
->
0 -1 -4 0 30
: hits 2, misses 1 
0 0 -3 0 30 
0 -2 -4 0 30
0 0 -3 0 30 
0 -1 -4 0 30
->
3 0 0 0 30 
: hits 5, misses 1 
0 -2 -4 0 30
0 0 -3 0 30 
0 -1 -4 0 30
3 0 0 0 30 
->
0 -1 -4 0 30
: hits 4, misses 0 
0 -1 -4 0 30
3 0 0 0 30 
0 -1 -4 0 30
3 0 0 0 30 
->
0 -1 -4 0 30
: hits 5, misses 2 
3 0 0 0 30 
0 -1 -4 0 30
3 0 0 0 30 
0 -1 -4 0 30
->
0 0 0 0 30 
: hits 3, misses 4 
3 0 0 0 30 
0 -1 -4 0 30
0 0 0 0 30 
0 -1 -4 0 30
->
0 0 -3 0 30 
: hits 3, misses 2 
3 0 0 0 30 
0 -1 -4 0 30
0 0 0 0 30 
0 -1 -4 0 30
0 0 -3 0 30 
0 -1 -4 0 30
0 0 -3 0 30 
0 -1 -3 0 30
->
0 0 -3 0 30 
: hits 1, misses 0 
0 0 -3 0 30 
0 -1 -3 0 30
0 0 -3 0 30 
0 -1 -3 0 30
0 0 -3 0 30 
0 -1 -3 0 30
0 0 -3 0 30 
0 -1 -3 0 30
->
0 0 0 0 30 
: hits 3, misses 2 
0 -1 -3 0 30
0 0 -3 0 30 
0 -1 -3 0 30
0 0 -3 0 30 
0 -1 -3 0 30
0 0 -3 0 30 
0 -1 -3 0 30
0 0 0 0 30 
->
0 -1 -3 0 30
: hits 3, misses 1 
0 0 -3 0 30 
0 -1 -3 0 30
0 0 0 0 30 
0 -1 -3 0 30
->
0 0 0 0 30 
: hits 1, misses 1 
0 -1 -3 0 30
0 0 -3 0 30 
0 -1 -3 0 30
0 0 -3 0 30 
0 -1 -3 0 30
0 0 0 0 30 
0 -1 -3 0 30
0 0 0 0 30 
->
0 -1 -3 0 30
: hits 1, misses 1 
0 0 0 0 30 
0 -1 -3 0 30
->
3 0 0 0 0 
: hits 2, misses 1 
0 0 0 0 30 
0 -1 -3 0 30
3 0 0 0 0 
0 -1 -3 0 0
->
3 0 0 0 0 
: hits 9, misses 2 
0 -1 -3 0 30
0 0 0 0 30 
0 -1 -3 0 30
0 0 0 0 30 
0 -1 -3 0 30
3 0 0 0 0 
0 -1 -3 0 0
3 0 0 0 0 
->
0 -1 -3 0 0
: hits 15, misses 1 
3 0 0 0 0 
0 -1 -3 0 0
3 0 0 0 0 
0 -1 -3 0 0
->
0 0 3 0 0 
: hits 2, misses 1 
0 -1 -3 0 0
3 0 0 0 0 
0 -1 -3 0 0
0 0 3 0 0 
->
0 -1 -3 0 0
: hits 76, misses 1 
0 0 3 0 0 
->
0 -1 -3 0 0
: hits 95, misses 0 
0 0 3 0 0 
0 -1 -3 0 0
3 0 0 0 0 
0 -1 -3 0 0
3 0 0 0 0 
->
0 -1 -3 0 0
: hits 23, misses 0 
0 0 3 0 0 
0 -1 -3 0 0
3 0 0 0 0 
0 -1 -3 0 0
3 0 0 0 0 
0 -1 -3 0 0
3 0 0 0 0 
->
0 -1 -3 0 0
: hits 22, misses 1 
0 0 3 0 0 
0 -1 -3 0 0
3 0 0 0 0 
0 -1 -3 0 0
3 0 0 0 0 
0 -1 -3 0 0
3 0 0 0 0 
0 -1 -3 0 0
3 0 0 0 0 
->
3 -2 -5 0 0
: hits 7, misses 1 
0 -1 -3 0 0
3 0 0 0 0 
0 -1 -3 0 0
3 0 0 0 0 
0 -1 -3 0 0
3 0 0 0 0 
3 -2 -5 0 0
3 0 0 0 0 
3 -2 -5 0 0
3 0 0 0 0 
3 -2 -5 0 0
3 0 0 0 0 
2 -2 -5 0 0
3 0 0 0 0 
2 -2 -5 0 0
3 0 0 0 0 
->
2 -2 -5 0 0
: hits 7, misses 0 
0 -1 -3 0 0
3 0 0 0 0 
3 -2 -5 0 0
3 0 0 0 0 
3 -2 -5 0 0
3 0 0 0 0 
3 -2 -5 0 0
3 0 0 0 0 
2 -2 -5 0 0
3 0 0 0 0 
2 -2 -5 0 0
3 0 0 0 0 
2 -2 -5 0 0
3 0 0 0 0 
2 -2 -5 0 0
3 0 0 0 0 
->
2 -2 -6 0 0
: hits 3, misses 2 
0 0 3 0 0 
0 -1 -3 0 0
3 0 0 0 0 
0 -1 -3 0 0
3 0 0 0 0 
0 -1 -3 0 0
3 0 0 0 0 
0 -1 -3 0 0
3 0 0 0 0 
3 -2 -5 0 0
3 0 0 0 0 
3 -2 -5 0 0
3 0 0 0 0 
3 -2 -5 0 0
3 0 0 0 0 
2 -2 -5 0 0
3 0 0 0 0 
2 -2 -5 0 0
3 0 0 0 0 
2 -2 -5 0 0
3 0 0 0 0 
2 -2 -5 0 0
3 0 0 0 0 
2 -2 -6 0 0
3 0 0 0 0 
->
2 -2 -5 0 0
: hits 3, misses 1 
3 0 0 0 0 
2 -2 -6 0 0
3 0 0 0 0 
2 -2 -5 0 0
3 0 0 0 0 
2 -2 -6 0 0
3 0 0 0 0 
1 -2 -6 0 0
->
3 0 0 0 0 
: hits 11, misses 0 
3 0 0 0 0 
1 -2 -6 0 0
3 0 0 0 0 
1 -2 -6 0 0
3 0 0 0 0 
1 -2 -6 0 0
3 0 0 0 0 
1 -2 -6 0 0
->
0 0 -3 0 0 
: hits 4, misses 2 
3 0 0 0 0 
1 -2 -6 0 0
0 0 -3 0 0 
0 -2 -6 0 0
->
0 0 -3 0 0 
: hits 7, misses 0 
2 -2 -6 0 0
3 0 0 0 0 
2 -2 -5 0 0
3 0 0 0 0 
2 -2 -6 0 0
3 0 0 0 0 
1 -2 -6 0 0
3 0 0 0 0 
1 -2 -6 0 0
3 0 0 0 0 
1 -2 -6 0 0
3 0 0 0 0 
1 -2 -6 0 0
3 0 0 0 0 
1 -2 -6 0 0
0 0 -3 0 0 
0 -2 -6 0 0
0 0 -3 0 0 
0 -2 -6 0 0
0 0 -3 0 0 
0 -2 -6 0 0
0 0 -3 0 0 
0 -2 -6 0 0
0 0 -3 0 0 
0 -2 -6 0 0
0 0 -3 0 0 
0 -2 -6 0 0
0 0 -3 0 0 
0 -2 -6 0 0
0 0 -3 0 0 
0 -2 -6 0 0
0 0 -3 0 0 
->
0 -2 -6 0 0
: hits 1, misses 0 
2 -2 -5 0 0
3 0 0 0 0 
2 -2 -6 0 0
3 0 0 0 0 
1 -2 -6 0 0
3 0 0 0 0 
1 -2 -6 0 0
3 0 0 0 0 
1 -2 -6 0 0
3 0 0 0 0 
1 -2 -6 0 0
3 0 0 0 0 
1 -2 -6 0 0
0 0 -3 0 0 
0 -2 -6 0 0
0 0 -3 0 0 
0 -2 -6 0 0
0 0 -3 0 0 
0 -2 -6 0 0
0 0 -3 0 0 
0 -2 -6 0 0
0 0 -3 0 0 
0 -2 -6 0 0
0 0 -3 0 0 
0 -2 -6 0 0
0 0 -3 0 0 
0 -2 -6 0 0
0 0 -3 0 0 
0 -2 -6 0 0
0 0 -3 0 0 
0 -2 -6 0 0
0 0 -3 0 0 
->
0 -2 -5 0 0
: hits 1, misses 0 
0 0 -3 0 0 
0 -2 -6 0 0
0 0 -3 0 0 
0 -2 -5 0 0
0 0 -3 0 0 
0 -2 -5 0 0
0 0 -3 0 0 
0 -2 -5 0 0
0 0 -3 0 0 
0 -2 -5 0 0
0 0 -3 0 0 
0 -2 -5 0 0
0 0 -3 0 0 
0 -2 -5 0 0
0 0 -3 0 0 
0 -2 -5 0 0
->
3 0 0 0 0 
: hits 2, misses 1 
0 -2 -5 0 0
3 0 0 0 0 
0 -2 -5 0 0
3 0 0 0 0 
0 -2 -5 0 0
3 0 0 0 0 
0 -2 -5 0 0
3 0 0 0 0 
->
0 -2 -4 0 0
: hits 3, misses 1 
3 0 0 0 0 
0 -2 -5 0 0
3 0 0 0 0 
0 -2 -5 0 0
3 0 0 0 0 
0 -2 -5 0 0
3 0 0 0 0 
0 -2 -4 0 0
->
3 0 0 0 0 
: hits 6, misses 1 
0 -2 -5 0 0
3 0 0 0 0 
0 -2 -4 0 0
3 0 0 0 0 
0 -2 -4 0 0
3 0 0 0 0 
0 -2 -4 0 0
3 0 0 0 0 
->
0 -2 -4 0 0
: hits 11, misses 0 
3 0 0 0 0 
0 -2 -4 0 0
3 0 0 0 0 
0 -2 -4 0 0
3 0 0 0 0 
0 -2 -4 0 0
3 0 0 0 0 
0 -2 -4 0 0
->
0 0 -3 0 0 
: hits 2, misses 1 
0 -2 -4 0 0
3 0 0 0 0 
0 -2 -4 0 0
3 0 0 0 0 
0 -2 -4 0 0
3 0 0 0 0 
0 -2 -4 0 0
0 0 -3 0 0 
->
0 -2 -4 0 0
: hits 2, misses 1 
0 0 -3 0 0 
0 -2 -4 0 0
->
0 0 0 0 0 
: hits 3, misses 1 
0 -2 -4 0 0
0 0 0 0 0 
->
0 -2 -5 0 0
: hits 3, misses 1 
0 0 0 0 0 
0 -2 -5 0 0
->
0 0 0 0 0 
: hits 8, misses 1 
0 0 0 0 0 
0 -2 -5 0 0
0 0 0 0 0 
0 -2 -5 0 0
->
0 0 -3 0 0 
: hits 1, misses 2 
0 -2 -4 0 0
0 0 -3 0 0 
0 -2 -4 0 0
0 0 0 0 0 
0 -2 -5 0 0
0 0 0 0 0 
0 -2 -5 0 0
0 0 -3 0 0 
->
0 -2 -5 0 0
: hits 1, misses 0 
0 0 0 0 0 
0 -2 -5 0 0
0 0 -3 0 0 
0 -2 -5 0 0
->
0 0 -3 0 0 
: hits 5, misses 0 
0 -2 -4 0 0
0 0 0 0 0 
0 -2 -5 0 0
0 0 0 0 0 
0 -2 -5 0 0
0 0 -3 0 0 
0 -2 -5 0 0
0 0 -3 0 0 
->
0 -2 -5 0 0
: hits 1, misses 0 
0 0 0 0 0 
0 -2 -5 0 0
0 0 0 0 0 
0 -2 -5 0 0
0 0 -3 0 0 
0 -2 -5 0 0
0 0 -3 0 0 
0 -2 -5 0 0
->
3 0 0 0 0 
: hits 1, misses 0 
0 0 -3 0 0 
0 -2 -5 0 0
3 0 0 0 0 
0 -2 -5 0 0
->
0 0 0 0 0 
: hits 2, misses 2 
0 -2 -5 0 0
0 0 -3 0 0 
0 -2 -5 0 0
0 0 -3 0 0 
0 -2 -5 0 0
3 0 0 0 0 
0 -2 -5 0 0
0 0 0 0 0 
->
0 -2 -5 0 0
: hits 2, misses 1 
0 0 -3 0 0 
0 -2 -5 0 0
0 0 -3 0 0 
0 -2 -5 0 0
3 0 0 0 0 
0 -2 -5 0 0
0 0 0 0 0 
0 -2 -5 0 0
->
0 0 0 0 0 
: hits 2, misses 1 
0 -2 -5 0 0
0 0 0 0 0 
->
0 -2 -4 0 0
: hits 6, misses 1 
0 0 0 0 0 
0 -2 -5 0 0
0 0 0 0 0 
0 -2 -4 0 0
->
0 0 0 0 0 
: hits 2, misses 2 
0 -2 -5 0 0
0 0 0 0 0 
0 -2 -4 0 0
0 0 0 0 0 
->
0 -2 -4 0 0
: hits 4, misses 0 
0 0 0 0 0 
0 -2 -4 0 0
0 0 0 0 0 
0 -2 -4 0 0
->
3 0 0 0 0 
: hits 3, misses 1 
0 -2 -4 0 0
0 0 0 0 0 
0 -2 -4 0 0
3 0 0 0 0 
->
0 -2 -4 0 0
: hits 15, misses 1 
0 0 0 0 0 
0 -2 -5 0 0
0 0 0 0 0 
0 -2 -4 0 0
0 0 0 0 0 
0 -2 -4 0 0
3 0 0 0 0 
0 -2 -4 0 0
->
0 0 -3 0 0 
: hits 1, misses 0 
0 -2 -5 0 0
0 0 0 0 0 
0 -2 -5 0 0
0 0 0 0 0 
0 -2 -4 0 0
0 0 0 0 0 
0 -2 -4 0 0
3 0 0 0 0 
0 -2 -4 0 0
0 0 -3 0 0 
0 -2 -4 0 0
0 0 -3 0 0 
0 -2 -4 0 0
0 0 -3 0 0 
0 -2 -4 0 0
0 0 -3 0 0 
->
0 -2 -4 0 0
: hits 1, misses 0 
0 0 -3 0 0 
0 -2 -4 0 0
0 0 -3 0 0 
0 -2 -4 0 0
->
0 0 0 0 0 
: hits 2, misses 1 
0 0 -3 0 0 
0 -2 -4 0 0
0 0 0 0 0 
0 -2 -4 0 0
->
0 0 0 0 0 
: hits 1, misses 1 
0 0 -3 0 0 
0 -2 -4 0 0
0 0 -3 0 0 
0 -2 -4 0 0
0 0 0 0 0 
0 -2 -4 0 0
0 0 0 0 0 
0 -2 -4 0 0
->
0 0 0 0 0 
: hits 1, misses 0 
0 0 0 0 0 
0 -2 -4 0 0
0 0 0 0 0 
0 -2 -4 0 0
->
3 0 0 0 30 
: hits 1, misses 1 
0 -2 -4 0 0
0 0 0 0 0 
0 -2 -4 0 0
3 0 0 0 30 
->
0 -2 -4 0 30
: hits 1, misses 0 
0 0 0 0 0 
0 -2 -4 0 0
3 0 0 0 30 
0 -2 -4 0 30
->
0 0 -3 0 30 
: hits 1, misses 0 
0 -2 -4 0 0
0 0 0 0 0 
0 -2 -4 0 0
3 0 0 0 30 
0 -2 -4 0 30
0 0 -3 0 30 
0 -2 -4 0 30
0 0 -3 0 30 
->
0 -2 -4 0 30
: hits 1, misses 0 
0 -2 -4 0 0
3 0 0 0 30 
0 -2 -4 0 30
0 0 -3 0 30 
0 -2 -4 0 30
0 0 -3 0 30 
0 -2 -4 0 30
0 0 -3 0 30 
->
0 -2 -4 0 30
: hits 2, misses 0 
0 -2 -4 0 30
0 0 -3 0 30 
0 -2 -4 0 30
0 0 -3 0 30 
0 -2 -4 0 30
0 0 -3 0 30 
0 -2 -4 0 30
0 0 -3 0 30 
->
0 -2 -4 0 30
: hits 4, misses 3 
0 -2 -4 0 30
0 0 -3 0 30 
0 -2 -4 0 30
0 0 -3 0 30 
0 -2 -4 0 30
0 0 -3 0 30 
0 -2 -4 0 30
0 0 -3 0 30 
->
0 -1 -4 0 30
: hits 4, misses 2 
0 -2 -4 0 30
0 0 -3 0 30 
0 -1 -4 0 30
0 0 -3 0 30 
0 -1 -4 0 30
0 0 -3 0 30 
0 -1 -4 0 30
0 0 -3 0 30 
->
0 -1 -4 0 30
: hits 4, misses 2 
0 -2 -4 0 30
0 0 -3 0 30 
0 -2 -4 0 30
0 0 -3 0 30 
0 -2 -4 0 30
0 0 -3 0 30 
0 -2 -4 0 30
0 0 -3 0 30 
0 -1 -4 0 30
0 0 -3 0 30 
0 -1 -4 0 30
0 0 -3 0 30 
0 -1 -4 0 30
0 0 -3 0 30 
0 -1 -4 0 30
0 0 -3 0 30 
->
0 -1 -4 0 30
: hits 1, misses 1 
0 -2 -4 0 30
0 0 -3 0 30 
0 -2 -4 0 30
0 0 -3 0 30 
0 -2 -4 0 30
0 0 -3 0 30 
0 -1 -4 0 30
0 0 -3 0 30 
0 -1 -4 0 30
0 0 -3 0 30 
0 -1 -4 0 30
0 0 -3 0 30 
0 -1 -4 0 30
0 0 -3 0 30 
0 -1 -4 0 30
0 0 -3 0 30 
->
0 -1 -3 0 30
: hits 2, misses 0 
0 0 -3 0 30 
0 -1 -4 0 30
0 0 -3 0 30 
0 -1 -4 0 30
0 0 -3 0 30 
0 -1 -3 0 30
0 0 -3 0 30 
0 -1 -3 0 30
->
0 0 -3 0 30 
: hits 16, misses 3 
0 0 -3 0 30 
0 -1 -3 0 30
0 0 -3 0 30 
0 -1 -3 0 30
->
0 0 0 0 0 
: hits 4, misses 1 
0 -1 -4 0 30
0 0 -3 0 30 
0 -1 -4 0 30
0 0 -3 0 30 
0 -1 -4 0 30
0 0 -3 0 30 
0 -1 -4 0 30
0 0 -3 0 30 
0 -1 -3 0 30
0 0 -3 0 30 
0 -1 -3 0 30
0 0 -3 0 30 
0 -1 -3 0 30
0 0 -3 0 30 
0 -1 -3 0 30
0 0 0 0 0 
->
0 -1 -3 0 0
: hits 9, misses 1 
0 0 3 0 0 
->
0 -1 -3 0 0
: hits 81, misses 0 
0 0 3 0 0 
0 -1 -3 0 0
3 0 0 0 0 
0 -1 -3 0 0
3 0 0 0 0 
0 -1 -3 0 0
3 0 0 0 0 
->
0 -1 -3 0 0
: hits 18, misses 1 
0 0 3 0 0 
0 -1 -3 0 0
3 0 0 0 0 
0 -1 -3 0 0
3 0 0 0 0 
0 -1 -3 0 0
3 0 0 0 0 
0 -1 -3 0 0
3 0 0 0 0 
->
3 -2 -5 0 0
: hits 6, misses 1 
0 -1 -3 0 0
3 0 0 0 0 
0 -1 -3 0 0
3 0 0 0 0 
3 -2 -5 0 0
3 0 0 0 0 
3 -2 -5 0 0
3 0 0 0 0 
3 -2 -5 0 0
3 0 0 0 0 
->
3 -2 -5 0 0
: hits 3, misses 2 
0 0 3 0 0 
0 -1 -3 0 0
3 0 0 0 0 
0 -1 -3 0 0
3 0 0 0 0 
0 -1 -3 0 0
3 0 0 0 0 
0 -1 -3 0 0
3 0 0 0 0 
3 -2 -5 0 0
3 0 0 0 0 
3 -2 -5 0 0
3 0 0 0 0 
3 -2 -5 0 0
3 0 0 0 0 
3 -2 -5 0 0
3 0 0 0 0 
2 -2 -5 0 0
3 0 0 0 0 
2 -2 -5 0 0
3 0 0 0 0 
2 -2 -5 0 0
3 0 0 0 0 
2 -2 -6 0 0
3 0 0 0 0 
->
2 -2 -6 0 0
: hits 2, misses 1 
3 -2 -5 0 0
3 0 0 0 0 
3 -2 -5 0 0
3 0 0 0 0 
3 -2 -5 0 0
3 0 0 0 0 
2 -2 -5 0 0
3 0 0 0 0 
2 -2 -5 0 0
3 0 0 0 0 
2 -2 -5 0 0
3 0 0 0 0 
2 -2 -6 0 0
3 0 0 0 0 
2 -2 -6 0 0
3 0 0 0 0 
->
1 -2 -6 0 0
: hits 3, misses 1 
3 0 0 0 0 
2 -2 -6 0 0
3 0 0 0 0 
1 -2 -6 0 0
3 0 0 0 0 
1 -2 -6 0 0
3 0 0 0 0 
1 -2 -6 0 0
->
3 0 0 0 0 
: hits 37, misses 1 
0 -1 -3 0 0
3 0 0 0 0 
0 -1 -3 0 0
3 0 0 0 0 
3 -2 -5 0 0
3 0 0 0 0 
3 -2 -5 0 0
3 0 0 0 0 
3 -2 -5 0 0
3 0 0 0 0 
3 -2 -5 0 0
3 0 0 0 0 
2 -2 -5 0 0
3 0 0 0 0 
2 -2 -5 0 0
3 0 0 0 0 
2 -2 -5 0 0
3 0 0 0 0 
2 -2 -6 0 0
3 0 0 0 0 
2 -2 -6 0 0
3 0 0 0 0 
1 -2 -6 0 0
3 0 0 0 0 
1 -2 -6 0 0
3 0 0 0 0 
1 -2 -6 0 0
3 0 0 0 0 
1 -2 -6 0 0
3 0 0 0 0 
1 -2 -6 0 0
3 0 0 0 0 
->
1 -2 -6 0 0
: hits 1, misses 0 
1 -2 -6 0 0
3 0 0 0 0 
1 -2 -6 0 0
3 0 0 0 0 
1 -2 -6 0 0
3 0 0 0 0 
1 -2 -6 0 0
3 0 0 0 0 
1 -2 -6 0 0
3 0 0 0 0 
1 -2 -6 0 0
3 0 0 0 0 
1 -2 -6 0 0
3 0 0 0 0 
0 -2 -6 0 0
3 0 0 0 0 
->
0 -2 -6 0 0
: hits 8, misses 0 
3 0 0 0 0 
1 -2 -6 0 0
3 0 0 0 0 
1 -2 -6 0 0
3 0 0 0 0 
1 -2 -6 0 0
3 0 0 0 0 
1 -2 -6 0 0
3 0 0 0 0 
1 -2 -6 0 0
3 0 0 0 0 
1 -2 -6 0 0
3 0 0 0 0 
0 -2 -6 0 0
3 0 0 0 0 
0 -2 -6 0 0
->
3 0 0 0 0 
: hits 9, misses 2 
3 0 0 0 0 
1 -2 -6 0 0
3 0 0 0 0 
1 -2 -6 0 0
3 0 0 0 0 
1 -2 -6 0 0
3 0 0 0 0 
1 -2 -6 0 0
3 0 0 0 0 
1 -2 -6 0 0
3 0 0 0 0 
0 -2 -6 0 0
3 0 0 0 0 
0 -2 -6 0 0
3 0 0 0 0 
0 -2 -6 0 0
->
0 0 -3 0 0 
: hits 3, misses 2 
1 -2 -6 0 0
3 0 0 0 0 
0 -2 -6 0 0
3 0 0 0 0 
0 -2 -6 0 0
3 0 0 0 0 
0 -2 -6 0 0
0 0 -3 0 0 
->
0 -2 -6 0 0
: hits 4, misses 1 
0 -2 -6 0 0
3 0 0 0 0 
0 -2 -6 0 0
3 0 0 0 0 
0 -2 -6 0 0
0 0 -3 0 0 
0 -2 -6 0 0
0 0 -3 0 0 
->
0 -2 -6 0 0
: hits 5, misses 0 
1 -2 -6 0 0
3 0 0 0 0 
1 -2 -6 0 0
3 0 0 0 0 
1 -2 -6 0 0
3 0 0 0 0 
1 -2 -6 0 0
3 0 0 0 0 
1 -2 -6 0 0
3 0 0 0 0 
1 -2 -6 0 0
3 0 0 0 0 
0 -2 -6 0 0
3 0 0 0 0 
0 -2 -6 0 0
3 0 0 0 0 
0 -2 -6 0 0
0 0 -3 0 0 
0 -2 -6 0 0
0 0 -3 0 0 
0 -2 -6 0 0
0 0 -3 0 0 
0 -2 -6 0 0
0 0 -3 0 0 
0 -2 -6 0 0
0 0 -3 0 0 
0 -2 -6 0 0
0 0 -3 0 0 
0 -2 -6 0 0
0 0 -3 0 0 
0 -2 -6 0 0
0 0 -3 0 0 
->
0 -2 -6 0 0
: hits 2, misses 0 
1 -2 -6 0 0
3 0 0 0 0 
1 -2 -6 0 0
3 0 0 0 0 
1 -2 -6 0 0
3 0 0 0 0 
1 -2 -6 0 0
3 0 0 0 0 
1 -2 -6 0 0
3 0 0 0 0 
0 -2 -6 0 0
3 0 0 0 0 
0 -2 -6 0 0
3 0 0 0 0 
0 -2 -6 0 0
0 0 -3 0 0 
0 -2 -6 0 0
0 0 -3 0 0 
0 -2 -6 0 0
0 0 -3 0 0 
0 -2 -6 0 0
0 0 -3 0 0 
0 -2 -6 0 0
0 0 -3 0 0 
0 -2 -6 0 0
0 0 -3 0 0 
0 -2 -6 0 0
0 0 -3 0 0 
0 -2 -6 0 0
0 0 -3 0 0 
0 -2 -6 0 0
0 0 -3 0 0 
->
0 -2 -6 0 0
: hits 3, misses 0 
1 -2 -6 0 0
3 0 0 0 0 
0 -2 -6 0 0
3 0 0 0 0 
0 -2 -6 0 0
3 0 0 0 0 
0 -2 -6 0 0
0 0 -3 0 0 
0 -2 -6 0 0
0 0 -3 0 0 
0 -2 -6 0 0
0 0 -3 0 0 
0 -2 -6 0 0
0 0 -3 0 0 
0 -2 -6 0 0
0 0 -3 0 0 
0 -2 -6 0 0
0 0 -3 0 0 
0 -2 -6 0 0
0 0 -3 0 0 
0 -2 -6 0 0
0 0 -3 0 0 
0 -2 -6 0 0
0 0 -3 0 0 
0 -2 -6 0 0
0 0 -3 0 0 
0 -2 -6 0 0
0 0 -3 0 0 
0 -2 -6 0 0
0 0 -3 0 0 
0 -2 -6 0 0
0 0 -3 0 0 
->
0 -2 -5 0 0
: hits 1, misses 0 
0 -2 -6 0 0
3 0 0 0 0 
0 -2 -6 0 0
3 0 0 0 0 
0 -2 -6 0 0
0 0 -3 0 0 
0 -2 -6 0 0
0 0 -3 0 0 
0 -2 -6 0 0
0 0 -3 0 0 
0 -2 -6 0 0
0 0 -3 0 0 
0 -2 -6 0 0
0 0 -3 0 0 
0 -2 -6 0 0
0 0 -3 0 0 
0 -2 -6 0 0
0 0 -3 0 0 
0 -2 -6 0 0
0 0 -3 0 0 
0 -2 -6 0 0
0 0 -3 0 0 
0 -2 -6 0 0
0 0 -3 0 0 
0 -2 -6 0 0
0 0 -3 0 0 
0 -2 -6 0 0
0 0 -3 0 0 
0 -2 -6 0 0
0 0 -3 0 0 
0 -2 -5 0 0
0 0 -3 0 0 
->
0 -2 -5 0 0
: hits 1, misses 0 
0 0 -3 0 0 
0 -2 -6 0 0
0 0 -3 0 0 
0 -2 -6 0 0
0 0 -3 0 0 
0 -2 -6 0 0
0 0 -3 0 0 
0 -2 -5 0 0
0 0 -3 0 0 
0 -2 -5 0 0
0 0 -3 0 0 
0 -2 -5 0 0
0 0 -3 0 0 
0 -2 -5 0 0
0 0 -3 0 0 
0 -2 -5 0 0
->
0 0 -3 0 0 
: hits 15, misses 1 
0 0 -3 0 0 
0 -2 -5 0 0
0 0 -3 0 0 
0 -2 -5 0 0
0 0 -3 0 0 
0 -2 -5 0 0
0 0 -3 0 0 
0 -2 -5 0 0
->
0 0 0 0 0 
: hits 1, misses 1 
0 0 -3 0 0 
0 -2 -5 0 0
0 0 0 0 0 
0 -2 -4 0 0
->
3 0 0 0 0 
: hits 2, misses 0 
0 0 -3 0 0 
0 -2 -5 0 0
0 0 -3 0 0 
0 -2 -5 0 0
0 0 0 0 0 
0 -2 -4 0 0
3 0 0 0 0 
0 -2 -4 0 0
->
3 0 0 0 0 
: hits 2, misses 0 
3 0 0 0 0 
0 -2 -4 0 0
3 0 0 0 0 
0 -2 -4 0 0
3 0 0 0 0 
0 -2 -4 0 0
0 0 -3 0 0 
0 -2 -4 0 0
0 0 -3 0 0 
0 -2 -4 0 0
0 0 -3 0 0 
0 -2 -4 0 0
0 0 -3 0 0 
0 -2 -4 0 0
0 0 -3 0 0 
0 -2 -4 0 0
->
0 0 -3 0 30 
: hits 1, misses 0 
0 -2 -4 0 0
3 0 0 0 0 
0 -2 -4 0 0
3 0 0 0 0 
0 -2 -4 0 0
0 0 -3 0 0 
0 -2 -4 0 0
0 0 -3 0 0 
0 -2 -4 0 0
0 0 -3 0 0 
0 -2 -4 0 0
0 0 -3 0 0 
0 -2 -4 0 0
0 0 -3 0 0 
0 -2 -4 0 0
0 0 -3 0 30 
->
0 -2 -4 0 30
: hits 1, misses 0 
3 0 0 0 0 
0 -2 -4 0 0
3 0 0 0 0 
0 -2 -4 0 0
0 0 -3 0 0 
0 -2 -4 0 0
0 0 -3 0 0 
0 -2 -4 0 0
0 0 -3 0 0 
0 -2 -4 0 0
0 0 -3 0 0 
0 -2 -4 0 0
0 0 -3 0 0 
0 -2 -4 0 0
0 0 -3 0 30 
0 -2 -4 0 30
->
0 0 -3 0 30 
: hits 1, misses 0 
0 -2 -4 0 0
0 0 -3 0 0 
0 -2 -4 0 0
0 0 -3 0 30 
0 -2 -4 0 30
0 0 -3 0 30 
0 -2 -4 0 30
3 0 0 0 30 
->
0 -1 -4 0 30
: hits 1, misses 1 
0 0 -3 0 30 
0 -2 -4 0 30
3 0 0 0 30 
0 -1 -4 0 30
->
0 0 0 0 30 
: hits 1, misses 2 
0 -2 -4 0 30
3 0 0 0 30 
0 -1 -4 0 30
0 0 0 0 30 
->
0 -1 -4 0 30
: hits 1, misses 0 
0 0 -3 0 30 
0 -2 -4 0 30
0 0 -3 0 30 
0 -2 -4 0 30
3 0 0 0 30 
0 -1 -4 0 30
0 0 0 0 30 
0 -1 -4 0 30
->
0 0 0 0 30 
: hits 1, misses 0 
0 -1 -4 0 30
0 0 0 0 30 
0 -1 -4 0 30
0 0 0 0 30 
->
0 -1 -4 0 30
: hits 2, misses 0 
0 0 0 0 30 
0 -1 -4 0 30
0 0 0 0 30 
0 -1 -4 0 30
->
3 0 0 0 30 
: hits 1, misses 1 
3 0 0 0 30 
0 -1 -4 0 30
0 0 0 0 30 
0 -1 -4 0 30
0 0 0 0 30 
0 -1 -4 0 30
3 0 0 0 30 
0 -1 -4 0 30
->
0 0 0 0 30 
: hits 1, misses 0 
0 -1 -4 0 30
3 0 0 0 30 
0 -1 -4 0 30
0 0 0 0 30 
->
0 -1 -3 0 30
: hits 2, misses 1 
0 0 0 0 30 
0 -1 -4 0 30
0 0 0 0 30 
0 -1 -4 0 30
3 0 0 0 30 
0 -1 -4 0 30
0 0 0 0 30 
0 -1 -3 0 30
->
0 0 -3 0 30 
: hits 1, misses 0 
0 -1 -4 0 30
0 0 0 0 30 
0 -1 -3 0 30
0 0 -3 0 30 
->
0 -1 -3 0 30
: hits 1, misses 0 
0 0 0 0 30 
0 -1 -3 0 30
0 0 -3 0 30 
0 -1 -3 0 30
->
3 0 0 0 30 
: hits 1, misses 1 
0 -1 -3 0 30
0 0 -3 0 30 
0 -1 -3 0 30
3 0 0 0 30 
->
0 -1 -3 0 30
: hits 3, misses 1 
0 0 -3 0 30 
0 -1 -3 0 30
3 0 0 0 30 
0 -1 -3 0 30
->
3 0 0 0 30 
: hits 4, misses 1 
0 -1 -3 0 30
3 0 0 0 30 
0 -1 -3 0 30
3 0 0 0 30 
->
0 -1 -3 0 30
: hits 5, misses 2 
0 -1 -3 0 30
->
0 3 0 0 30 
: hits 3, misses 0 
0 0 0 0 30 
0 -1 -3 0 30
->
0 3 0 0 30 
: hits 2, misses 1 
0 -1 -3 0 30
3 0 0 0 30 
0 -1 -3 0 30
0 3 0 0 30 
0 -1 -3 0 30
0 0 0 0 30 
0 -1 -3 0 30
0 3 0 0 30 
->
0 -1 -3 0 30
: hits 1, misses 0 
0 3 0 0 30 
0 -1 -3 0 30
0 3 0 0 30 
0 -1 -3 0 30
->
0 0 -3 0 30 
: hits 1, misses 0 
0 -1 -3 0 30
0 3 0 0 30 
0 -1 -3 0 30
0 0 -3 0 30 
->
0 -1 -3 0 30
: hits 2, misses 0 
0 0 0 0 30 
0 -1 -3 0 30
0 3 0 0 30 
0 -1 -3 0 30
0 3 0 0 30 
0 -1 -3 0 30
0 0 -3 0 30 
0 -1 -3 0 30
->
0 0 -3 0 30 
: hits 1, misses 0 
0 3 0 0 30 
0 -1 -3 0 30
0 3 0 0 30 
0 -1 -3 0 30
0 0 -3 0 30 
0 -1 -3 0 30
0 0 -3 0 30 
0 -1 -3 0 30
->
0 0 -3 0 30 
: hits 1, misses 0 
0 -1 -3 0 30
0 0 -3 0 30 
0 -1 -3 0 30
0 0 -3 0 30 
->
0 -1 -4 0 30
: hits 9, misses 2 
0 0 -3 0 30 
0 -1 -3 0 30
0 0 -3 0 30 
0 -1 -3 0 30
0 0 -3 0 30 
0 -1 -4 0 30
0 0 -3 0 30 
0 -1 -4 0 30
->
0 0 -3 0 30 
: hits 7, misses 2 
0 -1 -3 0 30
0 0 -3 0 30 
0 -1 -3 0 30
0 0 -3 0 30 
0 -1 -4 0 30
0 0 -3 0 30 
0 -1 -4 0 30
0 0 -3 0 30 
->
0 -1 -3 0 30
: hits 6, misses 1 
0 0 -3 0 30 
0 -1 -3 0 30
0 0 -3 0 30 
0 -1 -3 0 30
0 0 -3 0 30 
0 -1 -3 0 30
0 0 -3 0 30 
0 -1 -3 0 30
->
0 0 0 0 0 
: hits 3, misses 1 
0 0 3 0 0 
->
0 -1 -3 0 0
: hits 66, misses 0 
0 -1 -3 0 0
3 0 0 0 0 
0 -1 -3 0 0
3 0 0 0 0 
->
0 -1 -2 0 0
: hits 2, misses 1 
0 0 3 0 0 
0 -1 -3 0 0
3 0 0 0 0 
0 -1 -3 0 0
3 0 0 0 0 
0 -1 -3 0 0
3 0 0 0 0 
0 -1 -2 0 0
->
3 0 0 0 0 
: hits 7, misses 0 
0 -1 -3 0 0
3 0 0 0 0 
0 -1 -2 0 0
3 0 0 0 0 
3 -2 -5 0 0
3 0 0 0 0 
3 -2 -5 0 0
3 0 0 0 0 
->
2 -2 -5 0 0
: hits 2, misses 1 
0 0 3 0 0 
0 -1 -3 0 0
3 0 0 0 0 
0 -1 -3 0 0
3 0 0 0 0 
0 -1 -3 0 0
3 0 0 0 0 
0 -1 -2 0 0
3 0 0 0 0 
3 -2 -5 0 0
3 0 0 0 0 
3 -2 -5 0 0
3 0 0 0 0 
2 -2 -5 0 0
3 0 0 0 0 
->
2 -2 -5 0 0
: hits 2, misses 1 
0 0 3 0 0 
0 -1 -3 0 0
3 0 0 0 0 
0 -1 -3 0 0
3 0 0 0 0 
0 -1 -3 0 0
3 0 0 0 0 
0 -1 -2 0 0
3 0 0 0 0 
3 -2 -5 0 0
3 0 0 0 0 
3 -2 -5 0 0
3 0 0 0 0 
2 -2 -5 0 0
3 0 0 0 0 
2 -2 -5 0 0
3 0 0 0 0 
2 -2 -5 0 0
3 0 0 0 0 
2 -2 -5 0 0
3 0 0 0 0 
2 -2 -5 0 0
3 0 0 0 0 
2 -2 -6 0 0
3 0 0 0 0 
->
2 -2 -5 0 0
: hits 1, misses 0 
3 -2 -5 0 0
3 0 0 0 0 
2 -2 -5 0 0
3 0 0 0 0 
2 -2 -5 0 0
3 0 0 0 0 
2 -2 -5 0 0
3 0 0 0 0 
2 -2 -5 0 0
3 0 0 0 0 
2 -2 -5 0 0
3 0 0 0 0 
2 -2 -6 0 0
3 0 0 0 0 
2 -2 -5 0 0
3 0 0 0 0 
->
1 -2 -6 0 0
: hits 4, misses 2 
2 -2 -6 0 0
3 0 0 0 0 
2 -2 -5 0 0
3 0 0 0 0 
1 -2 -6 0 0
3 0 0 0 0 
1 -2 -6 0 0
3 0 0 0 0 
1 -2 -6 0 0
3 0 0 0 0 
1 -2 -6 0 0
3 0 0 0 0 
1 -2 -6 0 0
3 0 0 0 0 
1 -2 -6 0 0
3 0 0 0 0 
->
1 -2 -6 0 0
: hits 3, misses 1 
3 0 0 0 0 
2 -2 -5 0 0
3 0 0 0 0 
1 -2 -6 0 0
3 0 0 0 0 
1 -2 -6 0 0
3 0 0 0 0 
1 -2 -6 0 0
3 0 0 0 0 
1 -2 -6 0 0
3 0 0 0 0 
1 -2 -6 0 0
3 0 0 0 0 
1 -2 -6 0 0
3 0 0 0 0 
1 -2 -6 0 0
->
0 0 -3 0 0 
: hits 1, misses 2 
2 -2 -5 0 0
3 0 0 0 0 
1 -2 -6 0 0
3 0 0 0 0 
1 -2 -6 0 0
3 0 0 0 0 
1 -2 -6 0 0
3 0 0 0 0 
1 -2 -6 0 0
3 0 0 0 0 
1 -2 -6 0 0
3 0 0 0 0 
1 -2 -6 0 0
3 0 0 0 0 
1 -2 -6 0 0
0 0 -3 0 0 
0 -2 -6 0 0
0 0 -3 0 0 
0 -2 -6 0 0
0 0 -3 0 0 
0 -2 -6 0 0
0 0 -3 0 0 
0 -2 -6 0 0
0 0 -3 0 0 
0 -2 -6 0 0
0 0 -3 0 0 
0 -2 -6 0 0
0 0 -3 0 0 
0 -2 -6 0 0
0 0 -3 0 0 
0 -2 -6 0 0
0 0 -3 0 0 
->
0 -2 -6 0 0
: hits 1, misses 0 
1 -2 -6 0 0
3 0 0 0 0 
1 -2 -6 0 0
3 0 0 0 0 
1 -2 -6 0 0
3 0 0 0 0 
1 -2 -6 0 0
3 0 0 0 0 
1 -2 -6 0 0
3 0 0 0 0 
1 -2 -6 0 0
3 0 0 0 0 
1 -2 -6 0 0
0 0 -3 0 0 
0 -2 -6 0 0
0 0 -3 0 0 
0 -2 -6 0 0
0 0 -3 0 0 
0 -2 -6 0 0
0 0 -3 0 0 
0 -2 -6 0 0
0 0 -3 0 0 
0 -2 -6 0 0
0 0 -3 0 0 
0 -2 -6 0 0
0 0 -3 0 0 
0 -2 -6 0 0
0 0 -3 0 0 
0 -2 -6 0 0
0 0 -3 0 0 
0 -2 -6 0 0
0 0 -3 0 0 
->
0 -2 -6 0 0
: hits 2, misses 0 
1 -2 -6 0 0
3 0 0 0 0 
1 -2 -6 0 0
3 0 0 0 0 
1 -2 -6 0 0
3 0 0 0 0 
1 -2 -6 0 0
3 0 0 0 0 
1 -2 -6 0 0
3 0 0 0 0 
1 -2 -6 0 0
0 0 -3 0 0 
0 -2 -6 0 0
0 0 -3 0 0 
0 -2 -6 0 0
0 0 -3 0 0 
0 -2 -6 0 0
0 0 -3 0 0 
0 -2 -6 0 0
0 0 -3 0 0 
0 -2 -6 0 0
0 0 -3 0 0 
0 -2 -6 0 0
0 0 -3 0 0 
0 -2 -6 0 0
0 0 -3 0 0 
0 -2 -6 0 0
0 0 -3 0 0 
0 -2 -6 0 0
0 0 -3 0 0 
0 -2 -6 0 0
0 0 -3 0 0 
->
0 -2 -5 0 0
: hits 2, misses 0 
0 0 -3 0 0 
0 -2 -6 0 0
0 0 -3 0 0 
0 -2 -6 0 0
0 0 -3 0 0 
0 -2 -6 0 0
0 0 -3 0 0 
0 -2 -6 0 0
0 0 -3 0 0 
0 -2 -6 0 0
0 0 -3 0 0 
0 -2 -6 0 0
0 0 -3 0 0 
0 -2 -5 0 0
0 0 -3 0 0 
0 -2 -5 0 0
->
0 0 -3 0 0 
: hits 17, misses 1 
0 -2 -5 0 0
0 0 -3 0 0 
0 -2 -5 0 0
0 0 -3 0 0 
0 -2 -5 0 0
0 0 -3 0 0 
0 -2 -5 0 0
0 0 -3 0 0 
0 -2 -5 0 0
0 0 -3 0 0 
0 -2 -5 0 0
0 0 -3 0 0 
0 -2 -5 0 0
0 0 -3 0 0 
0 -2 -5 0 0
0 0 -3 0 0 
->
0 -2 -4 0 0
: hits 10, misses 3 
0 0 -3 0 0 
0 -2 -5 0 0
0 0 -3 0 0 
0 -2 -5 0 0
0 0 -3 0 0 
0 -2 -5 0 0
0 0 -3 0 0 
0 -2 -5 0 0
0 0 -3 0 0 
0 -2 -5 0 0
0 0 -3 0 0 
0 -2 -5 0 0
0 0 -3 0 0 
0 -2 -4 0 0
0 0 -3 0 0 
0 -2 -4 0 0
->
3 0 0 0 0 
: hits 1, misses 1 
0 0 -3 0 0 
0 -2 -4 0 0
3 0 0 0 0 
0 -2 -4 0 0
->
3 0 0 0 0 
: hits 3, misses 0 
3 0 0 0 0 
0 -2 -4 0 0
3 0 0 0 0 
0 -2 -4 0 0
3 0 0 0 0 
0 -2 -4 0 0
3 0 0 0 0 
0 -2 -4 0 0
->
3 0 0 0 0 
: hits 7, misses 1 
3 0 0 0 0 
0 -2 -4 0 0
->
0 0 -3 0 30 
: hits 2, misses 0 
0 -2 -4 0 0
3 0 0 0 0 
0 -2 -4 0 0
0 0 -3 0 30 
->
0 -2 -4 0 30
: hits 1, misses 0 
0 -2 -4 0 0
3 0 0 0 0 
0 -2 -4 0 0
3 0 0 0 0 
0 -2 -4 0 0
0 0 -3 0 30 
0 -2 -4 0 30
0 0 -3 0 30 
->
0 -2 -4 0 30
: hits 1, misses 0 
0 -2 -4 0 0
3 0 0 0 0 
0 -2 -4 0 0
3 0 0 0 0 
0 -2 -4 0 0
3 0 0 0 0 
0 -2 -4 0 0
3 0 0 0 0 
0 -2 -4 0 0
0 0 -3 0 30 
0 -2 -4 0 30
0 0 -3 0 30 
0 -2 -4 0 30
0 0 -3 0 30 
0 -2 -4 0 30
0 0 -3 0 30 
->
0 -2 -4 0 30
: hits 1, misses 0 
0 0 -3 0 30 
->
-1 -2 -4 0 30
: hits 6, misses 0 
-1 -2 -4 0 30
0 0 -3 0 30 
->
-1 -2 -4 0 30
: hits 5, misses 1 
-1 -2 -4 0 30
0 0 -3 0 30 
-1 -2 -4 0 30
0 0 -3 0 30 
->
-1 -1 -4 0 30
: hits 9, misses 2 
-1 -2 -4 0 30
0 0 -3 0 30 
-1 -1 -4 0 30
0 0 -3 0 30 
->
0 -1 -4 0 30
: hits 1, misses 2 
-1 -1 -4 0 30
0 0 -3 0 30 
0 -1 -4 0 30
0 0 -3 0 30 
->
0 -1 -4 0 30
: hits 8, misses 2 
-1 -2 -4 0 30
0 0 -3 0 30 
-1 -2 -4 0 30
0 0 -3 0 30 
-1 -1 -4 0 30
0 0 -3 0 30 
0 -1 -4 0 30
0 0 -3 0 30 
0 -1 -4 0 30
0 0 -3 0 30 
0 -1 -4 0 30
0 0 -3 0 30 
0 -1 -4 0 30
0 0 -3 0 30 
0 -1 -4 0 30
0 0 -3 0 30 
->
0 -1 -3 0 30
: hits 1, misses 0 
0 0 -3 0 30 
-1 -1 -4 0 30
0 0 -3 0 30 
0 -1 -4 0 30
0 0 -3 0 30 
0 -1 -4 0 30
0 0 -3 0 30 
0 -1 -4 0 30
0 0 -3 0 30 
0 -1 -4 0 30
0 0 -3 0 30 
0 -1 -4 0 30
0 0 -3 0 30 
0 -1 -3 0 30
0 0 -3 0 30 
0 -1 -3 0 30
->
0 0 -3 0 30 
: hits 1, misses 0 
0 0 -3 0 30 
0 -1 -4 0 30
0 0 -3 0 30 
0 -1 -4 0 30
0 0 -3 0 30 
0 -1 -4 0 30
0 0 -3 0 30 
0 -1 -4 0 30
0 0 -3 0 30 
0 -1 -4 0 30
0 0 -3 0 30 
0 -1 -3 0 30
0 0 -3 0 30 
0 -1 -3 0 30
0 0 -3 0 30 
0 -1 -3 0 30
->
0 0 0 0 30 
: hits 1, misses 1 
0 -1 -4 0 30
0 0 -3 0 30 
0 -1 -4 0 30
0 0 -3 0 30 
0 -1 -4 0 30
0 0 -3 0 30 
0 -1 -4 0 30
0 0 -3 0 30 
0 -1 -4 0 30
0 0 -3 0 30 
0 -1 -3 0 30
0 0 -3 0 30 
0 -1 -3 0 30
0 0 -3 0 30 
0 -1 -3 0 30
0 0 0 0 30 
->
0 -1 -3 0 30
: hits 1, misses 0 
0 0 -3 0 30 
0 -1 -3 0 30
0 0 0 0 30 
0 -1 -3 0 30
->
0 0 0 0 0 
: hits 3, misses 0 
0 -1 -3 0 30
0 0 -3 0 30 
0 -1 -3 0 30
0 0 -3 0 30 
0 -1 -3 0 30
0 0 0 0 30 
0 -1 -3 0 30
0 0 0 0 0 
->
0 -1 -3 0 0
: hits 7, misses 0 
0 0 0 0 30 
0 -1 -3 0 30
0 0 0 0 0 
0 -1 -3 0 0
->
0 0 3 0 0 
: hits 3, misses 1 
0 -1 -4 0 30
0 0 -3 0 30 
0 -1 -3 0 30
0 0 -3 0 30 
0 -1 -3 0 30
0 0 -3 0 30 
0 -1 -3 0 30
0 0 0 0 30 
0 -1 -3 0 30
0 0 0 0 0 
0 -1 -3 0 0
0 0 3 0 0 
0 -1 -3 0 0
0 0 3 0 0 
0 -1 -3 0 0
0 0 3 0 0 
->
0 -1 -2 0 0
: hits 1, misses 0 
0 0 3 0 0 
->
0 -1 -3 0 0
: hits 53, misses 0 
0 0 3 0 0 
0 -1 -3 0 0
3 0 0 0 0 
0 -1 -3 0 0
3 0 0 0 0 
0 -1 -3 0 0
3 0 0 0 0 
0 -1 -3 0 0
3 0 0 0 0 
3 -2 -5 0 0
3 0 0 0 0 
3 -2 -5 0 0
3 0 0 0 0 
->
3 -2 -5 0 0
: hits 3, misses 1 
0 0 3 0 0 
0 -1 -3 0 0
3 0 0 0 0 
0 -1 -3 0 0
3 0 0 0 0 
0 -1 -3 0 0
3 0 0 0 0 
0 -1 -3 0 0
3 0 0 0 0 
3 -2 -5 0 0
3 0 0 0 0 
3 -2 -5 0 0
3 0 0 0 0 
3 -2 -5 0 0
3 0 0 0 0 
2 -2 -5 0 0
3 0 0 0 0 
2 -2 -5 0 0
3 0 0 0 0 
2 -2 -5 0 0
3 0 0 0 0 
2 -2 -5 0 0
3 0 0 0 0 
->
2 -2 -5 0 0
: hits 2, misses 0 
3 0 0 0 0 
2 -2 -5 0 0
3 0 0 0 0 
2 -2 -6 0 0
3 0 0 0 0 
2 -2 -6 0 0
3 0 0 0 0 
1 -2 -6 0 0
3 0 0 0 0 
1 -2 -6 0 0
3 0 0 0 0 
1 -2 -6 0 0
3 0 0 0 0 
1 -2 -6 0 0
3 0 0 0 0 
1 -2 -6 0 0
->
3 0 0 0 0 
: hits 7, misses 0 
3 -2 -5 0 0
3 0 0 0 0 
3 -2 -5 0 0
3 0 0 0 0 
3 -2 -5 0 0
3 0 0 0 0 
2 -2 -5 0 0
3 0 0 0 0 
2 -2 -5 0 0
3 0 0 0 0 
2 -2 -5 0 0
3 0 0 0 0 
2 -2 -5 0 0
3 0 0 0 0 
2 -2 -5 0 0
3 0 0 0 0 
2 -2 -6 0 0
3 0 0 0 0 
2 -2 -6 0 0
3 0 0 0 0 
1 -2 -6 0 0
3 0 0 0 0 
1 -2 -6 0 0
3 0 0 0 0 
1 -2 -6 0 0
3 0 0 0 0 
1 -2 -6 0 0
3 0 0 0 0 
1 -2 -6 0 0
3 0 0 0 0 
1 -2 -6 0 0
3 0 0 0 0 
->
0 -2 -6 0 0
: hits 4, misses 0 
3 0 0 0 0 
3 -2 -5 0 0
3 0 0 0 0 
2 -2 -5 0 0
3 0 0 0 0 
2 -2 -5 0 0
3 0 0 0 0 
2 -2 -5 0 0
3 0 0 0 0 
2 -2 -5 0 0
3 0 0 0 0 
2 -2 -5 0 0
3 0 0 0 0 
2 -2 -6 0 0
3 0 0 0 0 
2 -2 -6 0 0
3 0 0 0 0 
1 -2 -6 0 0
3 0 0 0 0 
1 -2 -6 0 0
3 0 0 0 0 
1 -2 -6 0 0
3 0 0 0 0 
1 -2 -6 0 0
3 0 0 0 0 
1 -2 -6 0 0
3 0 0 0 0 
1 -2 -6 0 0
3 0 0 0 0 
0 -2 -6 0 0
3 0 0 0 0 
0 -2 -6 0 0
->
3 0 0 0 0 
: hits 1, misses 2 
3 0 0 0 0 
0 -2 -6 0 0
3 0 0 0 0 
0 -2 -6 0 0
3 0 0 0 0 
0 -2 -6 0 0
3 0 0 0 0 
0 -2 -6 0 0
->
0 0 0 0 0 
: hits 2, misses 1 
0 -2 -6 0 0
3 0 0 0 0 
0 -2 -6 0 0
0 0 0 0 0 
->
0 -2 -6 0 0
: hits 17, misses 1 
3 0 0 0 0 
1 -2 -6 0 0
3 0 0 0 0 
1 -2 -6 0 0
3 0 0 0 0 
0 -2 -6 0 0
3 0 0 0 0 
0 -2 -6 0 0
3 0 0 0 0 
0 -2 -6 0 0
3 0 0 0 0 
0 -2 -6 0 0
3 0 0 0 0 
0 -2 -6 0 0
0 0 0 0 0 
0 -2 -6 0 0
->
0 0 -3 0 0 
: hits 1, misses 1 
0 -2 -6 0 0
0 0 0 0 0 
0 -2 -6 0 0
0 0 -3 0 0 
0 -2 -6 0 0
0 0 -3 0 0 
0 -2 -6 0 0
0 0 -3 0 0 
->
0 -2 -7 0 0
: hits 1, misses 1 
0 -2 -6 0 0
0 0 -3 0 0 
0 -2 -6 0 0
0 0 -3 0 0 
0 -2 -6 0 0
0 0 -3 0 0 
0 -2 -7 0 0
0 0 -3 0 0 
->
0 -2 -6 0 0
: hits 29, misses 1 
0 -2 -6 0 0
3 0 0 0 0 
0 -2 -6 0 0
3 0 0 0 0 
0 -2 -6 0 0
3 0 0 0 0 
0 -2 -6 0 0
0 0 0 0 0 
0 -2 -6 0 0
0 0 -3 0 0 
0 -2 -6 0 0
0 0 -3 0 0 
0 -2 -6 0 0
0 0 -3 0 0 
0 -2 -7 0 0
0 0 -3 0 0 
0 -2 -6 0 0
0 0 -3 0 0 
0 -2 -6 0 0
0 0 -3 0 0 
0 -2 -6 0 0
0 0 -3 0 0 
0 -2 -6 0 0
0 0 -3 0 0 
0 -2 -6 0 0
0 0 -3 0 0 
0 -2 -6 0 0
0 0 -3 0 0 
0 -2 -6 0 0
0 0 -3 0 0 
0 -2 -6 0 0
0 0 -3 0 0 
->
0 -2 -6 0 0
: hits 1, misses 0 
0 -2 -6 0 0
3 0 0 0 0 
0 -2 -6 0 0
3 0 0 0 0 
0 -2 -6 0 0
0 0 0 0 0 
0 -2 -6 0 0
0 0 -3 0 0 
0 -2 -6 0 0
0 0 -3 0 0 
0 -2 -6 0 0
0 0 -3 0 0 
0 -2 -7 0 0
0 0 -3 0 0 
0 -2 -6 0 0
0 0 -3 0 0 
0 -2 -6 0 0
0 0 -3 0 0 
0 -2 -6 0 0
0 0 -3 0 0 
0 -2 -6 0 0
0 0 -3 0 0 
0 -2 -6 0 0
0 0 -3 0 0 
0 -2 -6 0 0
0 0 -3 0 0 
0 -2 -6 0 0
0 0 -3 0 0 
0 -2 -6 0 0
0 0 -3 0 0 
0 -2 -6 0 0
0 0 -3 0 0 
->
0 -2 -5 0 0
: hits 1, misses 0 
0 -2 -6 0 0
0 0 -3 0 0 
0 -2 -6 0 0
0 0 -3 0 0 
0 -2 -5 0 0
0 0 -3 0 0 
0 -2 -5 0 0
0 0 -3 0 0 
0 -2 -5 0 0
0 0 -3 0 0 
0 -2 -5 0 0
0 0 -3 0 0 
0 -2 -5 0 0
0 0 -3 0 0 
0 -2 -5 0 0
0 0 -3 0 0 
->
0 -2 -5 0 0
: hits 12, misses 3 
0 0 -3 0 0 
0 -2 -6 0 0
0 0 -3 0 0 
0 -2 -6 0 0
0 0 -3 0 0 
0 -2 -6 0 0
0 0 -3 0 0 
0 -2 -6 0 0
0 0 -3 0 0 
0 -2 -6 0 0
0 0 -3 0 0 
0 -2 -6 0 0
0 0 -3 0 0 
0 -2 -6 0 0
0 0 -3 0 0 
0 -2 -6 0 0
0 0 -3 0 0 
0 -2 -5 0 0
0 0 -3 0 0 
0 -2 -5 0 0
0 0 -3 0 0 
0 -2 -5 0 0
0 0 -3 0 0 
0 -2 -5 0 0
0 0 -3 0 0 
0 -2 -5 0 0
0 0 -3 0 0 
0 -2 -5 0 0
0 0 -3 0 0 
0 -2 -5 0 0
0 0 -3 0 0 
0 -2 -5 0 0
->
0 0 -3 0 0 
: hits 2, misses 0 
0 -2 -6 0 0
0 0 -3 0 0 
0 -2 -6 0 0
0 0 -3 0 0 
0 -2 -6 0 0
0 0 -3 0 0 
0 -2 -6 0 0
0 0 -3 0 0 
0 -2 -6 0 0
0 0 -3 0 0 
0 -2 -6 0 0
0 0 -3 0 0 
0 -2 -6 0 0
0 0 -3 0 0 
0 -2 -5 0 0
0 0 -3 0 0 
0 -2 -5 0 0
0 0 -3 0 0 
0 -2 -5 0 0
0 0 -3 0 0 
0 -2 -5 0 0
0 0 -3 0 0 
0 -2 -5 0 0
0 0 -3 0 0 
0 -2 -5 0 0
0 0 -3 0 0 
0 -2 -5 0 0
0 0 -3 0 0 
0 -2 -5 0 0
0 0 -3 0 0 
0 -2 -5 0 0
0 0 -3 0 0 
->
0 -2 -4 0 0
: hits 2, misses 0 
0 0 -3 0 0 
0 -2 -5 0 0
0 0 -3 0 0 
0 -2 -5 0 0
0 0 -3 0 0 
0 -2 -5 0 0
0 0 -3 0 0 
0 -2 -5 0 0
0 0 -3 0 0 
0 -2 -4 0 0
0 0 -3 0 0 
0 -2 -4 0 0
0 0 -3 0 0 
0 -2 -4 0 0
0 0 -3 0 0 
0 -2 -4 0 0
->
0 0 -3 0 30 
: hits 4, misses 1 
0 -2 -5 0 0
0 0 -3 0 0 
0 -2 -5 0 0
0 0 -3 0 0 
0 -2 -5 0 0
0 0 -3 0 0 
0 -2 -5 0 0
0 0 -3 0 0 
0 -2 -4 0 0
0 0 -3 0 0 
0 -2 -4 0 0
0 0 -3 0 0 
0 -2 -4 0 0
0 0 -3 0 0 
0 -2 -4 0 0
0 0 -3 0 30 
->
0 -2 -4 0 30
: hits 4, misses 0 
0 0 -3 0 0 
0 -2 -4 0 0
0 0 -3 0 0 
0 -2 -4 0 0
0 0 -3 0 30 
0 -2 -4 0 30
0 0 -3 0 30 
0 -2 -4 0 30
->
0 0 -3 0 30 
: hits 4, misses 1 
0 -2 -4 0 0
0 0 -3 0 0 
0 -2 -4 0 0
0 0 -3 0 0 
0 -2 -4 0 0
0 0 -3 0 0 
0 -2 -4 0 0
0 0 -3 0 30 
0 -2 -4 0 30
0 0 -3 0 30 
0 -2 -4 0 30
0 0 -3 0 30 
0 -2 -4 0 30
0 0 -3 0 30 
0 -2 -4 0 30
0 0 -3 0 30 
->
0 -1 -4 0 30
: hits 1, misses 0 
0 0 -3 0 30 
0 -2 -4 0 30
0 0 -3 0 30 
0 -2 -4 0 30
0 0 -3 0 30 
0 -2 -4 0 30
0 0 -3 0 30 
0 -1 -4 0 30
->
3 0 0 0 30 
: hits 1, misses 0 
0 0 -3 0 30 
0 -2 -4 0 30
0 0 -3 0 30 
0 -2 -4 0 30
0 0 -3 0 30 
0 -1 -4 0 30
3 0 0 0 30 
0 -1 -4 0 30
->
3 0 0 0 30 
: hits 2, misses 0 
3 0 0 0 30 
0 -1 -4 0 30
3 0 0 0 30 
0 -1 -3 0 30
->
3 0 0 0 30 
: hits 2, misses 1 
0 0 -3 0 30 
0 -1 -4 0 30
3 0 0 0 30 
0 -1 -4 0 30
3 0 0 0 30 
0 -1 -3 0 30
3 0 0 0 30 
0 -1 -3 0 30
->
0 0 -3 0 30 
: hits 2, misses 0 
0 -1 -3 0 30
3 0 0 0 30 
0 -1 -3 0 30
0 0 -3 0 30 
0 -1 -3 0 30
0 0 -3 0 30 
0 -1 -3 0 30
0 0 -3 0 30 
->
0 -2 -3 0 30
: hits 1, misses 1 
0 0 -3 0 30 
0 -1 -3 0 30
0 0 -3 0 30 
0 -2 -3 0 30
->
3 0 0 0 30 
: hits 1, misses 1 
0 -1 -3 0 30
0 0 -3 0 30 
0 -2 -3 0 30
3 0 0 0 30 
->
0 -2 -3 0 30
: hits 1, misses 0 
0 -1 -3 0 30
0 0 -3 0 30 
0 -1 -3 0 30
0 0 -3 0 30 
0 -2 -3 0 30
3 0 0 0 30 
0 -2 -3 0 30
3 0 0 0 30 
->
0 -2 -3 0 30
: hits 1, misses 0 
0 0 -3 0 30 
0 -1 -3 0 30
0 0 -3 0 30 
0 -2 -3 0 30
3 0 0 0 30 
0 -2 -3 0 30
3 0 0 0 30 
0 -2 -3 0 30
->
0 0 -3 0 30 
: hits 1, misses 0 
0 -2 -3 0 30
3 0 0 0 30 
0 -2 -3 0 30
0 0 -3 0 30 
->
0 -1 -3 0 30
: hits 1, misses 1 
3 0 0 0 30 
0 -2 -3 0 30
3 0 0 0 30 
0 -2 -3 0 30
0 0 -3 0 30 
0 -1 -3 0 30
0 0 -3 0 30 
0 -1 -3 0 30
->
0 0 -3 0 30 
: hits 1, misses 0 
0 -2 -3 0 30
3 0 0 0 30 
0 -2 -3 0 30
0 0 -3 0 30 
0 -1 -3 0 30
0 0 -3 0 30 
0 -1 -3 0 30
0 0 -3 0 30 
->
0 -1 -3 0 30
: hits 1, misses 0 
0 0 -3 0 30 
0 -1 -3 0 30
0 0 -3 0 30 
0 -2 -3 0 30
3 0 0 0 30 
0 -2 -3 0 30
3 0 0 0 30 
0 -2 -3 0 30
0 0 -3 0 30 
0 -1 -3 0 30
0 0 -3 0 30 
0 -1 -3 0 30
0 0 -3 0 30 
0 -1 -3 0 30
0 0 -3 0 30 
0 -1 -3 0 30
->
0 0 0 0 0 
: hits 1, misses 0 
0 -1 -3 0 30
0 0 0 0 0 
0 -1 -3 0 0
0 0 3 0 0 
->
0 -2 -3 0 0
: hits 1, misses 1 
0 -1 -3 0 30
0 0 -3 0 30 
0 -1 -3 0 30
0 0 0 0 0 
0 -1 -3 0 0
0 0 3 0 0 
0 -2 -3 0 0
0 0 3 0 0 
->
0 -1 -2 0 0
: hits 1, misses 0 
0 -2 -3 0 0
0 0 3 0 0 
0 -1 -2 0 0
0 0 3 0 0 
0 -1 -3 0 0
0 0 3 0 0 
0 -1 -2 0 0
0 0 3 0 0 
->
0 -1 -2 0 0
: hits 2, misses 1 
0 -1 -2 0 0
0 0 3 0 0 
0 -1 -2 0 0
0 0 3 0 0 
0 -1 -2 0 0
0 0 3 0 0 
0 -1 -2 0 0
0 0 3 0 0 
->
0 -1 -3 0 0
: hits 6, misses 0 
0 0 0 0 0 
->
0 -1 -3 0 0
: hits 43, misses 0 
0 0 0 0 0 
0 -1 -3 0 0
->
3 0 0 0 0 
: hits 11, misses 1 
0 0 0 0 0 
0 -1 -3 0 0
3 0 0 0 0 
0 -1 -3 0 0
3 0 0 0 0 
->
0 -1 -2 0 0
: hits 1, misses 0 
0 0 0 0 0 
0 -1 -3 0 0
3 0 0 0 0 
0 -1 -3 0 0
3 0 0 0 0 
0 -1 -2 0 0
3 0 0 0 0 
->
0 -1 -3 0 0
: hits 5, misses 0 
0 0 0 0 0 
0 -1 -3 0 0
3 0 0 0 0 
0 -1 -3 0 0
3 0 0 0 0 
0 -1 -2 0 0
3 0 0 0 0 
0 -1 -3 0 0
3 0 0 0 0 
3 -2 -5 0 0
3 0 0 0 0 
3 -2 -5 0 0
3 0 0 0 0 
3 -2 -5 0 0
3 0 0 0 0 
2 -2 -5 0 0
3 0 0 0 0 
2 -2 -5 0 0
3 0 0 0 0 
2 -2 -5 0 0
3 0 0 0 0 
2 -2 -5 0 0
3 0 0 0 0 
->
2 -2 -5 0 0
: hits 1, misses 0 
0 0 0 0 0 
0 -1 -3 0 0
3 0 0 0 0 
0 -1 -3 0 0
3 0 0 0 0 
0 -1 -2 0 0
3 0 0 0 0 
0 -1 -3 0 0
3 0 0 0 0 
3 -2 -5 0 0
3 0 0 0 0 
3 -2 -5 0 0
3 0 0 0 0 
3 -2 -5 0 0
3 0 0 0 0 
2 -2 -5 0 0
3 0 0 0 0 
2 -2 -5 0 0
3 0 0 0 0 
2 -2 -5 0 0
3 0 0 0 0 
2 -2 -5 0 0
3 0 0 0 0 
2 -2 -5 0 0
3 0 0 0 0 
->
2 -2 -5 0 0
: hits 1, misses 0 
0 0 0 0 0 
0 -1 -3 0 0
3 0 0 0 0 
0 -1 -3 0 0
3 0 0 0 0 
0 -1 -2 0 0
3 0 0 0 0 
0 -1 -3 0 0
3 0 0 0 0 
3 -2 -5 0 0
3 0 0 0 0 
3 -2 -5 0 0
3 0 0 0 0 
3 -2 -5 0 0
3 0 0 0 0 
2 -2 -5 0 0
3 0 0 0 0 
2 -2 -5 0 0
3 0 0 0 0 
2 -2 -5 0 0
3 0 0 0 0 
2 -2 -5 0 0
3 0 0 0 0 
2 -2 -5 0 0
3 0 0 0 0 
2 -2 -5 0 0
3 0 0 0 0 
->
2 -2 -5 0 0
: hits 1, misses 0 
3 -2 -5 0 0
3 0 0 0 0 
2 -2 -5 0 0
3 0 0 0 0 
2 -2 -5 0 0
3 0 0 0 0 
2 -2 -5 0 0
3 0 0 0 0 
2 -2 -5 0 0
3 0 0 0 0 
2 -2 -5 0 0
3 0 0 0 0 
2 -2 -5 0 0
3 0 0 0 0 
2 -2 -5 0 0
3 0 0 0 0 
->
2 -2 -5 0 0
: hits 2, misses 2 
2 -2 -5 0 0
3 0 0 0 0 
2 -2 -5 0 0
3 0 0 0 0 
2 -2 -5 0 0
3 0 0 0 0 
2 -2 -5 0 0
3 0 0 0 0 
->
1 -2 -5 0 0
: hits 3, misses 1 
2 -2 -5 0 0
3 0 0 0 0 
2 -2 -5 0 0
3 0 0 0 0 
2 -2 -5 0 0
3 0 0 0 0 
2 -2 -5 0 0
3 0 0 0 0 
2 -2 -5 0 0
3 0 0 0 0 
2 -2 -5 0 0
3 0 0 0 0 
2 -2 -5 0 0
3 0 0 0 0 
1 -2 -5 0 0
3 0 0 0 0 
->
1 -2 -6 0 0
: hits 4, misses 1 
2 -2 -5 0 0
3 0 0 0 0 
2 -2 -5 0 0
3 0 0 0 0 
2 -2 -5 0 0
3 0 0 0 0 
1 -2 -5 0 0
3 0 0 0 0 
1 -2 -6 0 0
3 0 0 0 0 
1 -2 -6 0 0
3 0 0 0 0 
1 -2 -6 0 0
3 0 0 0 0 
1 -2 -6 0 0
3 0 0 0 0 
->
0 -2 -6 0 0
: hits 1, misses 1 
2 -2 -5 0 0
3 0 0 0 0 
2 -2 -5 0 0
3 0 0 0 0 
1 -2 -5 0 0
3 0 0 0 0 
1 -2 -6 0 0
3 0 0 0 0 
1 -2 -6 0 0
3 0 0 0 0 
1 -2 -6 0 0
3 0 0 0 0 
1 -2 -6 0 0
3 0 0 0 0 
0 -2 -6 0 0
3 0 0 0 0 
->
0 -2 -6 0 0
: hits 2, misses 1 
3 0 0 0 0 
1 -2 -6 0 0
3 0 0 0 0 
1 -2 -6 0 0
3 0 0 0 0 
0 -2 -6 0 0
3 0 0 0 0 
0 -2 -6 0 0
3 0 0 0 0 
0 -2 -6 0 0
3 0 0 0 0 
0 -2 -6 0 0
3 0 0 0 0 
0 -2 -6 0 0
3 0 0 0 0 
0 -2 -6 0 0
->
3 0 0 0 0 
: hits 7, misses 1 
3 0 0 0 0 
2 -2 -5 0 0
3 0 0 0 0 
2 -2 -5 0 0
3 0 0 0 0 
2 -2 -5 0 0
3 0 0 0 0 
1 -2 -5 0 0
3 0 0 0 0 
1 -2 -6 0 0
3 0 0 0 0 
1 -2 -6 0 0
3 0 0 0 0 
1 -2 -6 0 0
3 0 0 0 0 
1 -2 -6 0 0
3 0 0 0 0 
0 -2 -6 0 0
3 0 0 0 0 
0 -2 -6 0 0
3 0 0 0 0 
0 -2 -6 0 0
3 0 0 0 0 
0 -2 -6 0 0
3 0 0 0 0 
0 -2 -6 0 0
3 0 0 0 0 
0 -2 -6 0 0
3 0 0 0 0 
0 -2 -6 0 0
3 0 0 0 0 
0 -2 -6 0 0
->
3 0 0 0 0 
: hits 1, misses 0 
3 0 0 0 0 
1 -2 -6 0 0
3 0 0 0 0 
1 -2 -6 0 0
3 0 0 0 0 
1 -2 -6 0 0
3 0 0 0 0 
1 -2 -6 0 0
3 0 0 0 0 
0 -2 -6 0 0
3 0 0 0 0 
0 -2 -6 0 0
3 0 0 0 0 
0 -2 -6 0 0
3 0 0 0 0 
0 -2 -6 0 0
3 0 0 0 0 
0 -2 -6 0 0
3 0 0 0 0 
0 -2 -6 0 0
3 0 0 0 0 
0 -2 -6 0 0
3 0 0 0 0 
0 -2 -6 0 0
3 0 0 0 0 
0 -2 -6 0 0
3 0 0 0 0 
0 -2 -6 0 0
3 0 0 0 0 
0 -2 -6 0 0
3 0 0 0 0 
0 -2 -6 0 0
->
0 0 -3 0 0 
: hits 1, misses 0 
0 -2 -6 0 0
3 0 0 0 0 
0 -2 -6 0 0
3 0 0 0 0 
0 -2 -6 0 0
3 0 0 0 0 
0 -2 -6 0 0
0 0 -3 0 0 
->
0 -2 -7 0 0
: hits 1, misses 2 
0 -2 -6 0 0
0 0 -3 0 0 
0 -2 -7 0 0
0 0 -3 0 0 
->
-1 -2 -7 0 0
: hits 1, misses 0 
0 -2 -7 0 0
0 0 -3 0 0 
-1 -2 -7 0 0
0 0 -3 0 0 
->
-1 -1 -7 0 0
: hits 1, misses 0 
0 -2 -6 0 0
0 0 -3 0 0 
0 -2 -7 0 0
0 0 -3 0 0 
-1 -2 -7 0 0
0 0 -3 0 0 
-1 -1 -7 0 0
0 0 -3 0 0 
->
-1 -1 -7 0 0
: hits 1, misses 0 
-1 -1 -7 0 0
0 0 -3 0 0 
-1 -1 -7 0 0
0 0 -3 0 0 
-1 -1 -7 0 0
0 0 -3 0 0 
-1 -1 -7 0 0
0 0 -3 0 0 
->
-1 -1 -6 0 0
: hits 3, misses 0 
-1 -1 -6 0 0
0 0 -3 0 0 
->
0 -1 -5 0 0
: hits 1, misses 0 
-1 -1 -6 0 0
0 0 -3 0 0 
0 -1 -5 0 0
0 0 -3 0 0 
->
0 -1 -5 0 0
: hits 1, misses 0 
0 -1 -5 0 0
0 0 -3 0 0 
0 -1 -5 0 0
0 0 -3 0 0 
->
0 -2 -5 0 0
: hits 33, misses 0 
0 0 -3 0 0 
0 -2 -5 0 0
->
3 0 0 0 30 
: hits 2, misses 0 
3 0 0 0 30 
->
0 -1 -5 0 30
: hits 1, misses 0 
0 0 -3 0 0 
0 -2 -5 0 0
3 0 0 0 30 
0 -1 -5 0 30
->
0 0 -3 0 30 
: hits 2, misses 0 
0 0 -3 0 30 
->
0 -1 -5 0 30
: hits 1, misses 0 
3 0 0 0 30 
0 -1 -5 0 30
0 0 -3 0 30 
0 -1 -5 0 30
->
0 0 -3 0 30 
: hits 3, misses 0 
0 -1 -5 0 30
0 0 -3 0 30 
->
0 -2 -4 0 30
: hits 3, misses 1 
0 -1 -5 0 30
0 0 -3 0 30 
0 -2 -4 0 30
0 0 -3 0 30 
->
0 -1 -4 0 30
: hits 5, misses 1 
0 -2 -4 0 30
0 0 -3 0 30 
0 -1 -4 0 30
0 0 -3 0 30 
->
-1 -1 -4 0 30
: hits 1, misses 1 
0 -1 -4 0 30
0 0 -3 0 30 
-1 -1 -4 0 30
0 0 -3 0 30 
->
-1 -1 -4 0 30
: hits 7, misses 2 
0 -2 -4 0 30
0 0 -3 0 30 
0 -1 -4 0 30
0 0 -3 0 30 
-1 -1 -4 0 30
0 0 -3 0 30 
-1 -1 -4 0 30
0 0 -3 0 30 
->
-1 -1 -4 0 30
: hits 1, misses 0 
0 -1 -4 0 30
0 0 -3 0 30 
-1 -1 -4 0 30
0 0 -3 0 30 
-1 -1 -4 0 30
0 0 -3 0 30 
-1 -1 -4 0 30
0 0 -3 0 30 
->
-1 -1 -4 0 30
: hits 2, misses 1 
-1 -1 -4 0 30
->
-3 0 0 0 30 
: hits 4, misses 1 
-3 0 0 0 30 
->
-1 -1 -4 0 30
: hits 1, misses 0 
-3 0 0 0 30 
-1 -1 -4 0 30
->
0 0 -3 0 30 
: hits 1, misses 1 
-1 -1 -4 0 30
-3 0 0 0 30 
-1 -1 -4 0 30
0 0 -3 0 30 
->
-1 -1 -4 0 30
: hits 1, misses 0 
0 0 -3 0 30 
->
-1 -1 -3 0 30
: hits 4, misses 0 
-1 -1 -3 0 30
0 0 -3 0 30 
->
-1 -1 -3 0 30
: hits 3, misses 0 
0 0 -3 0 30 
-1 -1 -3 0 30
->
-3 0 0 0 30 
: hits 2, misses 1 
-3 0 0 0 30 
->
-1 -1 -3 0 30
: hits 4, misses 0 
-1 -1 -3 0 30
->
0 -3 0 0 30 
: hits 1, misses 0 
-1 -1 -3 0 30
-3 0 0 0 30 
->
-1 -1 -3 0 30
: hits 2, misses 0 
-3 0 0 0 30 
-1 -1 -3 0 30
->
-3 0 0 0 30 
: hits 1, misses 1 
-3 0 0 0 30 
-1 -1 -3 0 30
->
0 0 0 0 0 
: hits 1, misses 0 
0 0 0 0 0 
->
-1 -1 -3 0 0
: hits 3, misses 0 
0 0 0 0 0 
-1 -1 -3 0 0
->
0 0 3 0 0 
: hits 5, misses 0 
-1 -1 -3 0 0
0 0 3 0 0 
->
-1 -1 -3 0 0
: hits 2, misses 1 
-1 -1 -3 0 0
0 0 3 0 0 
->
0 -2 -2 0 0
: hits 1, misses 1 
0 0 3 0 0 
-1 -1 -3 0 0
0 0 3 0 0 
0 -2 -2 0 0
->
0 0 3 0 0 
: hits 2, misses 0 
-1 -1 -3 0 0
0 0 3 0 0 
0 -2 -2 0 0
0 0 3 0 0 
->
0 -2 -2 0 0
: hits 1, misses 1 
0 -2 -2 0 0
0 0 3 0 0 
0 -2 -2 0 0
0 0 3 0 0 
->
0 -2 -2 0 0
: hits 12, misses 1 
0 -2 -2 0 0
0 0 3 0 0 
0 -2 -2 0 0
0 0 3 0 0 
->
0 -2 -3 0 0
: hits 12, misses 1 
0 -2 -2 0 0
0 0 3 0 0 
0 -2 -2 0 0
0 0 3 0 0 
0 -2 -2 0 0
0 0 3 0 0 
0 -2 -3 0 0
0 0 3 0 0 
->
0 -2 -2 0 0
: hits 9, misses 4 
0 0 3 0 0 
0 -2 -2 0 0
0 0 3 0 0 
0 -2 -2 0 0
0 0 3 0 0 
0 -2 -3 0 0
0 0 3 0 0 
0 -2 -2 0 0
->
0 0 3 0 0 
: hits 16, misses 0 
0 -2 -2 0 0
0 0 3 0 0 
0 -2 -2 0 0
0 0 3 0 0 
0 -2 -3 0 0
0 0 3 0 0 
0 -2 -2 0 0
0 0 3 0 0 
->
0 -2 -3 0 0
: hits 8, misses 3 
0 -2 -2 0 0
0 0 3 0 0 
0 -2 -3 0 0
0 0 3 0 0 
0 -2 -2 0 0
0 0 3 0 0 
0 -2 -3 0 0
0 0 3 0 0 
->
0 -2 -3 0 0
: hits 6, misses 2 
0 -2 -2 0 0
0 0 3 0 0 
0 -2 -2 0 0
0 0 3 0 0 
0 -2 -2 0 0
0 0 3 0 0 
0 -2 -3 0 0
0 0 3 0 0 
0 -2 -2 0 0
0 0 3 0 0 
0 -2 -3 0 0
0 0 3 0 0 
0 -2 -3 0 0
0 0 3 0 0 
0 -2 -3 0 0
0 0 3 0 0 
->
0 -2 -2 0 0
: hits 3, misses 1 
0 -2 -3 0 0
0 0 3 0 0 
0 -2 -3 0 0
0 0 3 0 0 
0 -2 -3 0 0
0 0 3 0 0 
0 -2 -2 0 0
0 0 3 0 0 
->
0 -2 -2 0 0
: hits 6, misses 3 
0 -2 -2 0 0
0 0 3 0 0 
0 -2 -3 0 0
0 0 3 0 0 
0 -2 -2 0 0
0 0 3 0 0 
0 -2 -3 0 0
0 0 3 0 0 
0 -2 -3 0 0
0 0 3 0 0 
0 -2 -3 0 0
0 0 3 0 0 
0 -2 -2 0 0
0 0 3 0 0 
0 -2 -2 0 0
0 0 3 0 0 
->
0 -2 -2 0 0
: hits 1, misses 0 
0 -2 -3 0 0
0 0 3 0 0 
0 -2 -2 0 0
0 0 3 0 0 
0 -2 -3 0 0
0 0 3 0 0 
0 -2 -3 0 0
0 0 3 0 0 
0 -2 -3 0 0
0 0 3 0 0 
0 -2 -2 0 0
0 0 3 0 0 
0 -2 -2 0 0
0 0 3 0 0 
0 -2 -2 0 0
0 0 3 0 0 
->
0 -2 -3 0 0
: hits 1, misses 0 
0 -2 -2 0 0
0 0 3 0 0 
0 -2 -3 0 0
0 0 3 0 0 
0 -2 -3 0 0
0 0 3 0 0 
0 -2 -3 0 0
0 0 3 0 0 
0 -2 -2 0 0
0 0 3 0 0 
0 -2 -2 0 0
0 0 3 0 0 
0 -2 -2 0 0
0 0 3 0 0 
0 -2 -3 0 0
0 0 3 0 0 
->
0 -2 -2 0 0
: hits 1, misses 0 
0 -2 -3 0 0
0 0 3 0 0 
0 -2 -3 0 0
0 0 3 0 0 
0 -2 -2 0 0
0 0 3 0 0 
0 -2 -2 0 0
0 0 3 0 0 
0 -2 -2 0 0
0 0 3 0 0 
0 -2 -3 0 0
0 0 3 0 0 
0 -2 -2 0 0
0 0 3 0 0 
0 -2 -2 0 0
0 0 3 0 0 
->
0 -2 -3 0 0
: hits 1, misses 0 
0 -2 -2 0 0
0 0 3 0 0 
0 -2 -2 0 0
0 0 3 0 0 
0 -2 -3 0 0
0 0 3 0 0 
0 -2 -2 0 0
0 0 3 0 0 
0 -2 -2 0 0
0 0 3 0 0 
0 -2 -3 0 0
0 0 3 0 0 
0 -2 -2 0 0
0 0 3 0 0 
0 -2 -2 0 0
0 0 3 0 0 
->
0 -2 -3 0 0
: hits 3, misses 0 
0 -2 -2 0 0
0 0 3 0 0 
0 -2 -3 0 0
0 0 3 0 0 
0 -2 -2 0 0
0 0 3 0 0 
0 -2 -2 0 0
0 0 3 0 0 
0 -2 -3 0 0
0 0 3 0 0 
0 -2 -2 0 0
0 0 3 0 0 
0 -2 -2 0 0
0 0 3 0 0 
0 -2 -3 0 0
0 0 3 0 0 
->
0 -2 -2 0 0
: hits 2, misses 1 
0 -2 -3 0 0
0 0 3 0 0 
0 -2 -2 0 0
0 0 3 0 0 
0 -2 -2 0 0
0 0 3 0 0 
0 -2 -3 0 0
0 0 3 0 0 
0 -2 -2 0 0
0 0 3 0 0 
0 -2 -2 0 0
0 0 3 0 0 
0 -2 -3 0 0
0 0 3 0 0 
0 -2 -2 0 0
0 0 3 0 0 
->
0 -2 -3 0 0
: hits 2, misses 0 
0 -2 -3 0 0
0 0 3 0 0 
0 -2 -3 0 0
0 0 3 0 0 
0 -2 -2 0 0
0 0 3 0 0 
0 -2 -2 0 0
0 0 3 0 0 
0 -2 -2 0 0
0 0 3 0 0 
0 -2 -3 0 0
0 0 3 0 0 
0 -2 -2 0 0
0 0 3 0 0 
0 -2 -2 0 0
0 0 3 0 0 
0 -2 -3 0 0
0 0 3 0 0 
0 -2 -2 0 0
0 0 3 0 0 
0 -2 -2 0 0
0 0 3 0 0 
0 -2 -3 0 0
0 0 3 0 0 
0 -2 -2 0 0
0 0 3 0 0 
0 -2 -3 0 0
0 0 3 0 0 
0 -2 -3 0 0
0 0 3 0 0 
0 -2 -2 0 0
0 0 3 0 0 
->
0 -2 -3 0 0
: hits 1, misses 0 
0 -2 -2 0 0
0 0 3 0 0 
0 -2 -3 0 0
0 0 3 0 0 
0 -2 -2 0 0
0 0 3 0 0 
0 -2 -3 0 0
0 0 3 0 0 
0 -2 -3 0 0
0 0 3 0 0 
0 -2 -2 0 0
0 0 3 0 0 
0 -2 -3 0 0
0 0 3 0 0 
0 -2 -3 0 0
0 0 3 0 0 
->
0 -2 -3 0 0
: hits 1, misses 0 
0 0 3 0 0 
->
-1 -2 -3 0 0
: hits 2, misses 0 
-1 -2 -3 0 0
0 0 3 0 0 
->
0 -2 -3 0 0
: hits 1, misses 1 
0 -2 -3 0 0
0 0 3 0 0 
->
-1 -2 -3 0 0
: hits 1, misses 0 
0 0 3 0 0 
-1 -2 -3 0 0
->
0 0 3 0 0 
: hits 1, misses 0 
0 0 3 0 0 
->
-1 -2 -2 0 0
: hits 1, misses 0 
0 0 0 0 0 
3 -2 -5 0 0
->
0 0 0 0 0 
: hits 2, misses 1 
0 0 0 0 0 
3 -2 -5 0 0
0 0 0 0 0 
->
3 -2 -5 0 0
: hits 3, misses 0 
0 0 0 0 0 
3 -2 -5 0 0
0 0 0 0 0 
3 -2 -5 0 0
->
3 0 0 0 0 
: hits 2, misses 0 
3 -2 -5 0 0
0 0 0 0 0 
3 -2 -5 0 0
0 0 0 0 0 
3 -2 -5 0 0
3 0 0 0 0 
3 -2 -5 0 0
3 0 0 0 0 
3 -2 -5 0 0
3 0 0 0 0 
3 -2 -5 0 0
3 0 0 0 0 
3 -2 -5 0 0
3 0 0 0 0 
3 -2 -5 0 0
3 0 0 0 0 
->
2 -2 -5 0 0
: hits 1, misses 0 
0 0 0 0 0 
3 -2 -5 0 0
0 0 0 0 0 
3 -2 -5 0 0
0 0 0 0 0 
3 -2 -5 0 0
3 0 0 0 0 
3 -2 -5 0 0
3 0 0 0 0 
3 -2 -5 0 0
3 0 0 0 0 
3 -2 -5 0 0
3 0 0 0 0 
3 -2 -5 0 0
3 0 0 0 0 
3 -2 -5 0 0
3 0 0 0 0 
2 -2 -5 0 0
3 0 0 0 0 
2 -2 -5 0 0
3 0 0 0 0 
->
2 -2 -5 0 0
: hits 1, misses 0 
0 0 0 0 0 
3 -2 -5 0 0
0 0 0 0 0 
3 -2 -5 0 0
0 0 0 0 0 
3 -2 -5 0 0
3 0 0 0 0 
3 -2 -5 0 0
3 0 0 0 0 
3 -2 -5 0 0
3 0 0 0 0 
3 -2 -5 0 0
3 0 0 0 0 
3 -2 -5 0 0
3 0 0 0 0 
3 -2 -5 0 0
3 0 0 0 0 
2 -2 -5 0 0
3 0 0 0 0 
2 -2 -5 0 0
3 0 0 0 0 
2 -2 -5 0 0
3 0 0 0 0 
2 -2 -5 0 0
3 0 0 0 0 
2 -2 -5 0 0
3 0 0 0 0 
->
2 -2 -5 0 0
: hits 1, misses 0 
0 0 0 0 0 
3 -2 -5 0 0
0 0 0 0 0 
3 -2 -5 0 0
0 0 0 0 0 
3 -2 -5 0 0
3 0 0 0 0 
3 -2 -5 0 0
3 0 0 0 0 
3 -2 -5 0 0
3 0 0 0 0 
3 -2 -5 0 0
3 0 0 0 0 
3 -2 -5 0 0
3 0 0 0 0 
3 -2 -5 0 0
3 0 0 0 0 
2 -2 -5 0 0
3 0 0 0 0 
2 -2 -5 0 0
3 0 0 0 0 
2 -2 -5 0 0
3 0 0 0 0 
2 -2 -5 0 0
3 0 0 0 0 
2 -2 -5 0 0
3 0 0 0 0 
2 -2 -5 0 0
3 0 0 0 0 
->
1 -2 -6 0 0
: hits 1, misses 0 
3 -2 -5 0 0
3 0 0 0 0 
3 -2 -5 0 0
3 0 0 0 0 
3 -2 -5 0 0
3 0 0 0 0 
3 -2 -5 0 0
3 0 0 0 0 
3 -2 -5 0 0
3 0 0 0 0 
3 -2 -5 0 0
3 0 0 0 0 
2 -2 -5 0 0
3 0 0 0 0 
2 -2 -5 0 0
3 0 0 0 0 
2 -2 -5 0 0
3 0 0 0 0 
2 -2 -5 0 0
3 0 0 0 0 
2 -2 -5 0 0
3 0 0 0 0 
2 -2 -5 0 0
3 0 0 0 0 
1 -2 -6 0 0
3 0 0 0 0 
1 -2 -6 0 0
3 0 0 0 0 
1 -2 -6 0 0
3 0 0 0 0 
1 -2 -6 0 0
3 0 0 0 0 
->
1 -2 -6 0 0
: hits 1, misses 0 
3 -2 -5 0 0
3 0 0 0 0 
3 -2 -5 0 0
3 0 0 0 0 
3 -2 -5 0 0
3 0 0 0 0 
3 -2 -5 0 0
3 0 0 0 0 
3 -2 -5 0 0
3 0 0 0 0 
2 -2 -5 0 0
3 0 0 0 0 
2 -2 -5 0 0
3 0 0 0 0 
2 -2 -5 0 0
3 0 0 0 0 
2 -2 -5 0 0
3 0 0 0 0 
2 -2 -5 0 0
3 0 0 0 0 
2 -2 -5 0 0
3 0 0 0 0 
1 -2 -6 0 0
3 0 0 0 0 
1 -2 -6 0 0
3 0 0 0 0 
1 -2 -6 0 0
3 0 0 0 0 
1 -2 -6 0 0
3 0 0 0 0 
1 -2 -6 0 0
3 0 0 0 0 
->
1 -2 -6 0 0
: hits 1, misses 0 
3 -2 -5 0 0
3 0 0 0 0 
3 -2 -5 0 0
3 0 0 0 0 
3 -2 -5 0 0
3 0 0 0 0 
3 -2 -5 0 0
3 0 0 0 0 
2 -2 -5 0 0
3 0 0 0 0 
2 -2 -5 0 0
3 0 0 0 0 
2 -2 -5 0 0
3 0 0 0 0 
2 -2 -5 0 0
3 0 0 0 0 
2 -2 -5 0 0
3 0 0 0 0 
2 -2 -5 0 0
3 0 0 0 0 
1 -2 -6 0 0
3 0 0 0 0 
1 -2 -6 0 0
3 0 0 0 0 
1 -2 -6 0 0
3 0 0 0 0 
1 -2 -6 0 0
3 0 0 0 0 
1 -2 -6 0 0
3 0 0 0 0 
1 -2 -6 0 0
3 0 0 0 0 
->
1 -2 -6 0 0
: hits 1, misses 0 
3 0 0 0 0 
1 -2 -6 0 0
3 0 0 0 0 
1 -2 -6 0 0
3 0 0 0 0 
1 -2 -6 0 0
3 0 0 0 0 
1 -2 -6 0 0
3 0 0 0 0 
1 -2 -6 0 0
3 0 0 0 0 
1 -2 -6 0 0
3 0 0 0 0 
0 -2 -6 0 0
3 0 0 0 0 
0 -2 -6 0 0
->
0 0 0 0 0 
: hits 1, misses 1 
3 0 0 0 0 
1 -2 -6 0 0
3 0 0 0 0 
0 -2 -6 0 0
3 0 0 0 0 
0 -2 -6 0 0
0 0 0 0 0 
0 -2 -6 0 0
->
3 0 0 0 0 
: hits 1, misses 0 
3 0 0 0 0 
0 -2 -6 0 0
3 0 0 0 0 
0 -2 -6 0 0
0 0 0 0 0 
0 -2 -6 0 0
3 0 0 0 0 
0 -2 -6 0 0
->
3 0 0 0 0 
: hits 1, misses 1 
3 0 0 0 0 
0 -2 -6 0 0
0 0 0 0 0 
0 -2 -6 0 0
3 0 0 0 0 
0 -2 -6 0 0
3 0 0 0 0 
0 -2 -6 0 0
->
3 0 0 0 0 
: hits 1, misses 0 
3 0 0 0 0 
1 -2 -6 0 0
3 0 0 0 0 
0 -2 -6 0 0
3 0 0 0 0 
0 -2 -6 0 0
0 0 0 0 0 
0 -2 -6 0 0
3 0 0 0 0 
0 -2 -6 0 0
3 0 0 0 0 
0 -2 -6 0 0
3 0 0 0 0 
0 -2 -6 0 0
3 0 0 0 0 
0 -2 -6 0 0
->
0 0 -3 0 0 
: hits 1, misses 0 
1 -2 -6 0 0
3 0 0 0 0 
0 -2 -6 0 0
3 0 0 0 0 
0 -2 -6 0 0
0 0 0 0 0 
0 -2 -6 0 0
3 0 0 0 0 
0 -2 -6 0 0
3 0 0 0 0 
0 -2 -6 0 0
3 0 0 0 0 
0 -2 -6 0 0
3 0 0 0 0 
0 -2 -6 0 0
0 0 -3 0 0 
->
0 -2 -6 0 0
: hits 1, misses 0 
0 -2 -6 0 0
3 0 0 0 0 
0 -2 -6 0 0
0 0 -3 0 0 
0 -2 -6 0 0
0 0 -3 0 0 
0 -2 -6 0 0
0 0 -3 0 0 
->
0 -2 -6 0 0
: hits 3, misses 0 
0 -2 -6 0 0
0 0 -3 0 0 
0 -2 -6 0 0
0 0 -3 0 0 
0 -2 -6 0 0
0 0 -3 0 0 
0 -2 -6 0 0
0 0 -3 0 0 
->
0 -2 -7 0 0
: hits 1, misses 1 
0 -2 -6 0 0
3 0 0 0 0 
0 -2 -6 0 0
3 0 0 0 0 
0 -2 -6 0 0
0 0 -3 0 0 
0 -2 -6 0 0
0 0 -3 0 0 
0 -2 -6 0 0
0 0 -3 0 0 
0 -2 -6 0 0
0 0 -3 0 0 
0 -2 -6 0 0
0 0 -3 0 0 
0 -2 -7 0 0
0 0 -3 0 0 
->
0 -2 -6 0 0
: hits 3, misses 0 
0 0 -3 0 0 
0 -2 -6 0 0
0 0 -3 0 0 
0 -2 -6 0 0
0 0 -3 0 0 
0 -2 -6 0 0
0 0 -3 0 0 
0 -2 -6 0 0
->
3 0 0 0 0 
: hits 2, misses 1 
0 0 -3 0 0 
0 -2 -6 0 0
3 0 0 0 0 
0 -2 -6 0 0
->
3 0 0 0 0 
: hits 3, misses 0 
0 -2 -6 0 0
0 0 -3 0 0 
0 -2 -6 0 0
3 0 0 0 0 
0 -2 -6 0 0
3 0 0 0 0 
0 -2 -6 0 0
3 0 0 0 0 
->
0 -2 -5 0 0
: hits 2, misses 0 
0 -2 -6 0 0
3 0 0 0 0 
0 -2 -6 0 0
3 0 0 0 0 
0 -2 -6 0 0
3 0 0 0 0 
0 -2 -5 0 0
3 0 0 0 0 
->
0 -2 -5 0 0
: hits 4, misses 0 
0 -2 -6 0 0
3 0 0 0 0 
0 -2 -6 0 0
3 0 0 0 0 
0 -2 -5 0 0
3 0 0 0 0 
0 -2 -5 0 0
0 0 -3 0 0 
->
0 -2 -5 0 0
: hits 3, misses 0 
3 0 0 0 0 
0 -2 -5 0 0
3 0 0 0 0 
0 -2 -5 0 0
0 0 -3 0 0 
0 -2 -5 0 0
0 0 -3 0 0 
0 -2 -5 0 0
->
0 0 -3 0 0 
: hits 3, misses 0 
0 -2 -6 0 0
0 0 -3 0 0 
0 -2 -6 0 0
0 0 -3 0 0 
0 -2 -6 0 0
0 0 -3 0 0 
0 -2 -6 0 0
0 0 -3 0 0 
0 -2 -6 0 0
3 0 0 0 0 
0 -2 -6 0 0
3 0 0 0 0 
0 -2 -6 0 0
3 0 0 0 0 
0 -2 -5 0 0
3 0 0 0 0 
0 -2 -5 0 0
0 0 -3 0 0 
0 -2 -5 0 0
0 0 -3 0 0 
0 -2 -5 0 0
0 0 -3 0 0 
0 -2 -5 0 0
0 0 -3 0 0 
0 -2 -5 0 0
0 0 -3 0 0 
0 -2 -5 0 0
0 0 -3 0 0 
0 -2 -5 0 0
0 0 -3 0 0 
0 -2 -5 0 0
0 0 -3 0 0 
->
0 -2 -5 0 0
: hits 1, misses 0 
0 0 -3 0 0 
0 -2 -5 0 0
0 0 -3 0 0 
0 -2 -5 0 0
->
3 0 0 0 30 
: hits 1, misses 1 
3 0 0 0 30 
->
0 -2 -5 0 30
: hits 1, misses 0 
0 0 -3 0 30 
->
0 -2 -5 0 30
: hits 3, misses 0 
0 -2 -5 0 30
0 0 -3 0 30 
->
0 -2 -5 0 30
: hits 2, misses 1 
0 -2 -5 0 30
0 0 -3 0 30 
0 -2 -5 0 30
0 0 -3 0 30 
->
0 -2 -5 0 30
: hits 1, misses 1 
0 0 -3 0 30 
->
-1 -2 -5 0 30
: hits 3, misses 0 
-1 -2 -5 0 30
0 0 -3 0 30 
->
-1 -2 -5 0 30
: hits 2, misses 0 
-1 -2 -5 0 30
0 0 -3 0 30 
-1 -2 -5 0 30
0 0 -3 0 30 
->
-1 -2 -5 0 30
: hits 1, misses 1 
-1 -2 -5 0 30
0 0 -3 0 30 
-1 -2 -5 0 30
0 0 -3 0 30 
->
-1 -2 -4 0 30
: hits 4, misses 1 
0 0 -3 0 30 
-1 -2 -5 0 30
0 0 -3 0 30 
-1 -2 -4 0 30
->
0 0 -3 0 30 
: hits 5, misses 0 
-1 -2 -4 0 30
0 0 -3 0 30 
-1 -2 -4 0 30
0 0 -3 0 30 
-1 -2 -4 0 30
0 0 -3 0 30 
-1 -2 -4 0 30
0 0 -3 0 30 
->
-1 -1 -4 0 30
: hits 3, misses 0 
-1 -1 -4 0 30
0 0 -3 0 30 
->
0 -1 -3 0 30
: hits 2, misses 0 
-1 -1 -4 0 30
0 0 -3 0 30 
0 -1 -3 0 30
0 0 -3 0 30 
->
0 -1 -3 0 30
: hits 2, misses 0 
0 0 -3 0 30 
-1 -1 -4 0 30
0 0 -3 0 30 
0 -1 -3 0 30
0 0 -3 0 30 
0 -1 -3 0 30
0 0 -3 0 30 
0 -1 -3 0 30
->
0 0 3 0 0 
: hits 1, misses 1 
0 -1 -3 0 30
0 0 -3 0 30 
0 -1 -3 0 30
0 0 -3 0 30 
0 -1 -3 0 30
0 0 3 0 0 
0 -1 -3 0 0
0 0 3 0 0 
->
0 -1 -3 0 0
: hits 4, misses 0 
0 0 3 0 0 
->
0 -1 -3 0 0
: hits 29, misses 0 
0 0 3 0 0 
0 -1 -3 0 0
3 0 0 0 0 
0 -1 -3 0 0
3 0 0 0 0 
0 -1 -3 0 0
3 0 0 0 0 
0 -1 -3 0 0
3 0 0 0 0 
3 -2 -5 0 0
3 0 0 0 0 
3 -2 -5 0 0
3 0 0 0 0 
3 -2 -5 0 0
3 0 0 0 0 
->
3 -2 -5 0 0
: hits 1, misses 0 
0 0 3 0 0 
0 -1 -3 0 0
3 0 0 0 0 
0 -1 -3 0 0
3 0 0 0 0 
0 -1 -3 0 0
3 0 0 0 0 
0 -1 -3 0 0
3 0 0 0 0 
3 -2 -5 0 0
3 0 0 0 0 
3 -2 -5 0 0
3 0 0 0 0 
3 -2 -5 0 0
3 0 0 0 0 
3 -2 -5 0 0
3 0 0 0 0 
2 -2 -5 0 0
3 0 0 0 0 
2 -2 -5 0 0
3 0 0 0 0 
2 -2 -5 0 0
3 0 0 0 0 
2 -2 -5 0 0
3 0 0 0 0 
->
2 -2 -5 0 0
: hits 1, misses 0 
0 0 3 0 0 
0 -1 -3 0 0
3 0 0 0 0 
0 -1 -3 0 0
3 0 0 0 0 
0 -1 -3 0 0
3 0 0 0 0 
0 -1 -3 0 0
3 0 0 0 0 
3 -2 -5 0 0
3 0 0 0 0 
3 -2 -5 0 0
3 0 0 0 0 
3 -2 -5 0 0
3 0 0 0 0 
3 -2 -5 0 0
3 0 0 0 0 
2 -2 -5 0 0
3 0 0 0 0 
2 -2 -5 0 0
3 0 0 0 0 
2 -2 -5 0 0
3 0 0 0 0 
2 -2 -5 0 0
3 0 0 0 0 
2 -2 -5 0 0
3 0 0 0 0 
->
2 -2 -6 0 0
: hits 1, misses 0 
0 0 3 0 0 
0 -1 -3 0 0
3 0 0 0 0 
0 -1 -3 0 0
3 0 0 0 0 
0 -1 -3 0 0
3 0 0 0 0 
0 -1 -3 0 0
3 0 0 0 0 
3 -2 -5 0 0
3 0 0 0 0 
3 -2 -5 0 0
3 0 0 0 0 
3 -2 -5 0 0
3 0 0 0 0 
3 -2 -5 0 0
3 0 0 0 0 
2 -2 -5 0 0
3 0 0 0 0 
2 -2 -5 0 0
3 0 0 0 0 
2 -2 -5 0 0
3 0 0 0 0 
2 -2 -5 0 0
3 0 0 0 0 
2 -2 -5 0 0
3 0 0 0 0 
2 -2 -6 0 0
3 0 0 0 0 
->
1 -2 -6 0 0
: hits 1, misses 0 
3 0 0 0 0 
3 -2 -5 0 0
3 0 0 0 0 
3 -2 -5 0 0
3 0 0 0 0 
3 -2 -5 0 0
3 0 0 0 0 
2 -2 -5 0 0
3 0 0 0 0 
2 -2 -5 0 0
3 0 0 0 0 
2 -2 -5 0 0
3 0 0 0 0 
2 -2 -5 0 0
3 0 0 0 0 
2 -2 -5 0 0
3 0 0 0 0 
2 -2 -6 0 0
3 0 0 0 0 
1 -2 -6 0 0
3 0 0 0 0 
1 -2 -6 0 0
3 0 0 0 0 
1 -2 -6 0 0
3 0 0 0 0 
1 -2 -6 0 0
3 0 0 0 0 
1 -2 -6 0 0
3 0 0 0 0 
1 -2 -6 0 0
3 0 0 0 0 
0 -2 -6 0 0
->
3 0 0 0 0 
: hits 1, misses 0 
3 0 0 0 0 
3 -2 -5 0 0
3 0 0 0 0 
3 -2 -5 0 0
3 0 0 0 0 
2 -2 -5 0 0
3 0 0 0 0 
2 -2 -5 0 0
3 0 0 0 0 
2 -2 -5 0 0
3 0 0 0 0 
2 -2 -5 0 0
3 0 0 0 0 
2 -2 -5 0 0
3 0 0 0 0 
2 -2 -6 0 0
3 0 0 0 0 
1 -2 -6 0 0
3 0 0 0 0 
1 -2 -6 0 0
3 0 0 0 0 
1 -2 -6 0 0
3 0 0 0 0 
1 -2 -6 0 0
3 0 0 0 0 
1 -2 -6 0 0
3 0 0 0 0 
1 -2 -6 0 0
3 0 0 0 0 
0 -2 -6 0 0
3 0 0 0 0 
0 -2 -6 0 0
->
0 0 -3 0 0 
: hits 1, misses 0 
3 0 0 0 0 
0 -2 -6 0 0
3 0 0 0 0 
0 -2 -6 0 0
0 0 -3 0 0 
0 -2 -6 0 0
0 0 -3 0 0 
0 -2 -6 0 0
->
0 0 -3 0 0 
: hits 2, misses 0 
0 0 -3 0 0 
0 -2 -6 0 0
0 0 -3 0 0 
0 -2 -6 0 0
0 0 -3 0 0 
0 -2 -6 0 0
0 0 -3 0 0 
0 -2 -6 0 0
->
0 0 -3 0 0 
: hits 14, misses 0 
1 -2 -6 0 0
3 0 0 0 0 
1 -2 -6 0 0
3 0 0 0 0 
1 -2 -6 0 0
3 0 0 0 0 
0 -2 -6 0 0
3 0 0 0 0 
0 -2 -6 0 0
0 0 -3 0 0 
0 -2 -6 0 0
0 0 -3 0 0 
0 -2 -6 0 0
0 0 -3 0 0 
0 -2 -6 0 0
0 0 -3 0 0 
0 -2 -6 0 0
0 0 -3 0 0 
0 -2 -6 0 0
0 0 -3 0 0 
0 -2 -6 0 0
0 0 -3 0 0 
0 -2 -6 0 0
0 0 -3 0 0 
0 -2 -6 0 0
0 0 -3 0 0 
0 -2 -6 0 0
0 0 -3 0 0 
0 -2 -6 0 0
0 0 -3 0 0 
0 -2 -5 0 0
0 0 -3 0 0 
->
0 -2 -5 0 0
: hits 1, misses 0 
3 0 0 0 0 
0 -2 -6 0 0
0 0 -3 0 0 
0 -2 -6 0 0
0 0 -3 0 0 
0 -2 -6 0 0
0 0 -3 0 0 
0 -2 -6 0 0
0 0 -3 0 0 
0 -2 -6 0 0
0 0 -3 0 0 
0 -2 -6 0 0
0 0 -3 0 0 
0 -2 -6 0 0
0 0 -3 0 0 
0 -2 -6 0 0
0 0 -3 0 0 
0 -2 -6 0 0
0 0 -3 0 0 
0 -2 -6 0 0
0 0 -3 0 0 
0 -2 -6 0 0
0 0 -3 0 0 
0 -2 -5 0 0
0 0 -3 0 0 
0 -2 -5 0 0
0 0 -3 0 0 
0 -2 -5 0 0
0 0 -3 0 0 
0 -2 -5 0 0
0 0 -3 0 0 
0 -2 -5 0 0
->
3 0 0 0 0 
: hits 1, misses 0 
0 0 -3 0 0 
0 -2 -6 0 0
0 0 -3 0 0 
0 -2 -5 0 0
0 0 -3 0 0 
0 -2 -5 0 0
0 0 -3 0 0 
0 -2 -5 0 0
0 0 -3 0 0 
0 -2 -5 0 0
0 0 -3 0 0 
0 -2 -5 0 0
3 0 0 0 0 
0 -2 -5 0 0
3 0 0 0 0 
0 -2 -5 0 0
->
3 0 0 0 0 
: hits 1, misses 0 
0 -2 -5 0 0
0 0 -3 0 0 
0 -2 -5 0 0
3 0 0 0 0 
0 -2 -5 0 0
3 0 0 0 0 
0 -2 -5 0 0
3 0 0 0 0 
->
0 -2 -5 0 0
: hits 1, misses 0 
0 -2 -5 0 0
3 0 0 0 0 
0 -2 -5 0 0
3 0 0 0 0 
0 -2 -5 0 0
3 0 0 0 0 
0 -2 -5 0 0
3 0 0 0 0 
->
0 -2 -5 0 0
: hits 4, misses 0 
0 0 -3 0 0 
0 -2 -5 0 0
0 0 -3 0 0 
0 -2 -5 0 0
0 0 -3 0 0 
0 -2 -5 0 0
3 0 0 0 0 
0 -2 -5 0 0
3 0 0 0 0 
0 -2 -5 0 0
3 0 0 0 0 
0 -2 -5 0 0
3 0 0 0 0 
0 -2 -5 0 0
3 0 0 0 0 
0 -2 -5 0 0
->
0 0 -3 0 0 
: hits 1, misses 0 
0 -2 -5 0 0
3 0 0 0 0 
0 -2 -5 0 0
3 0 0 0 0 
0 -2 -5 0 0
3 0 0 0 0 
0 -2 -5 0 0
0 0 -3 0 0 
0 -2 -5 0 0
0 0 -3 0 0 
0 -2 -5 0 0
0 0 -3 0 0 
0 -2 -5 0 0
0 0 -3 0 0 
0 -2 -5 0 0
0 0 -3 0 0 
->
0 -2 -5 0 0
: hits 2, misses 0 
0 -2 -5 0 0
0 0 -3 0 0 
0 -2 -5 0 0
0 0 -3 0 0 
0 -2 -5 0 0
0 0 -3 0 0 
0 -2 -5 0 0
3 0 0 0 0 
0 -2 -5 0 0
3 0 0 0 0 
0 -2 -5 0 0
3 0 0 0 0 
0 -2 -5 0 0
3 0 0 0 0 
0 -2 -5 0 0
3 0 0 0 0 
0 -2 -5 0 0
0 0 -3 0 0 
0 -2 -5 0 0
0 0 -3 0 0 
0 -2 -5 0 0
0 0 -3 0 0 
0 -2 -5 0 0
0 0 -3 0 0 
0 -2 -5 0 0
0 0 -3 0 0 
0 -2 -5 0 0
0 0 -3 0 0 
0 -2 -5 0 0
0 0 -3 0 0 
0 -2 -5 0 0
0 0 -3 0 0 
->
0 -2 -4 0 0
: hits 1, misses 0 
0 0 -3 0 0 
0 -2 -5 0 0
0 0 -3 0 0 
0 -2 -4 0 0
0 0 -3 0 0 
0 -2 -4 0 0
0 0 -3 0 30 
0 -2 -4 0 30
->
0 0 -3 0 30 
: hits 3, misses 0 
0 -2 -5 0 0
0 0 -3 0 0 
0 -2 -4 0 0
0 0 -3 0 0 
0 -2 -4 0 0
0 0 -3 0 30 
0 -2 -4 0 30
0 0 -3 0 30 
->
0 -1 -4 0 30
: hits 1, misses 0 
0 0 -3 0 0 
0 -2 -4 0 0
0 0 -3 0 30 
0 -2 -4 0 30
0 0 -3 0 30 
0 -1 -4 0 30
0 0 -3 0 30 
0 -1 -4 0 30
->
3 0 0 0 30 
: hits 1, misses 0 
0 -2 -4 0 30
0 0 -3 0 30 
0 -1 -4 0 30
0 0 -3 0 30 
0 -1 -4 0 30
3 0 0 0 30 
0 -1 -4 0 30
3 0 0 0 30 
->
0 -1 -4 0 30
: hits 1, misses 0 
0 0 -3 0 30 
0 -1 -4 0 30
0 0 -3 0 30 
0 -1 -4 0 30
3 0 0 0 30 
0 -1 -4 0 30
3 0 0 0 30 
0 -1 -4 0 30
->
3 0 0 0 30 
: hits 1, misses 0 
0 -1 -4 0 30
0 0 -3 0 30 
0 -1 -4 0 30
3 0 0 0 30 
0 -1 -4 0 30
3 0 0 0 30 
0 -1 -4 0 30
3 0 0 0 30 
->
0 -1 -4 0 30
: hits 1, misses 0 
0 -1 -4 0 30
3 0 0 0 30 
0 -1 -4 0 30
0 0 -3 0 30 
->
0 -1 -4 0 30
: hits 2, misses 0 
0 -1 -4 0 30
3 0 0 0 30 
0 -1 -4 0 30
3 0 0 0 30 
0 -1 -4 0 30
0 0 -3 0 30 
0 -1 -4 0 30
0 0 -3 0 30 
->
0 -1 -4 0 30
: hits 1, misses 0 
0 -1 -4 0 30
0 0 -3 0 30 
0 -1 -4 0 30
3 0 0 0 30 
0 -1 -4 0 30
3 0 0 0 30 
0 -1 -4 0 30
3 0 0 0 30 
0 -1 -4 0 30
0 0 -3 0 30 
0 -1 -4 0 30
0 0 -3 0 30 
0 -1 -4 0 30
0 0 -3 0 30 
0 -1 -4 0 30
0 0 -3 0 30 
->
0 -1 -4 0 30
: hits 1, misses 0 
3 0 0 0 30 
0 -1 -4 0 30
0 0 -3 0 30 
0 -1 -4 0 30
0 0 -3 0 30 
0 -1 -4 0 30
0 0 -3 0 30 
0 -1 -4 0 30
0 0 -3 0 30 
0 -1 -4 0 30
0 0 -3 0 30 
0 -1 -3 0 30
0 0 -3 0 30 
0 -1 -3 0 30
0 0 -3 0 30 
0 -1 -3 0 30
->
0 0 -3 0 30 
: hits 1, misses 0 
0 0 -3 0 30 
0 -1 -4 0 30
0 0 -3 0 30 
0 -1 -4 0 30
0 0 -3 0 30 
0 -1 -4 0 30
0 0 -3 0 30 
0 -1 -4 0 30
0 0 -3 0 30 
0 -1 -3 0 30
0 0 -3 0 30 
0 -1 -3 0 30
0 0 -3 0 30 
0 -1 -3 0 30
0 0 -3 0 30 
0 -1 -3 0 30
->
0 0 -3 0 30 
: hits 3, misses 1 
0 0 -3 0 30 
0 -1 -4 0 30
0 0 -3 0 30 
0 -1 -4 0 30
0 0 -3 0 30 
0 -1 -3 0 30
0 0 -3 0 30 
0 -1 -3 0 30
0 0 -3 0 30 
0 -1 -3 0 30
0 0 -3 0 30 
0 -1 -3 0 30
0 0 -3 0 30 
0 -1 -3 0 30
0 0 -3 0 30 
0 -1 -3 0 30
->
0 0 0 0 0 
: hits 1, misses 0 
0 0 -3 0 30 
0 -1 -3 0 30
0 0 -3 0 30 
0 -1 -3 0 30
0 0 -3 0 30 
0 -1 -3 0 30
0 0 0 0 0 
0 -1 -3 0 0
->
0 0 0 0 0 
: hits 2, misses 0 
0 0 0 0 0 
0 -1 -3 0 0
0 0 0 0 0 
0 -1 -3 0 0
->
0 0 0 0 0 
: hits 4, misses 1 
0 -1 -3 0 0
0 0 0 0 0 
0 -1 -3 0 0
0 0 0 0 0 
->
0 -1 -3 0 0
: hits 5, misses 2 
0 0 -3 0 30 
0 -1 -3 0 30
0 0 0 0 0 
0 -1 -3 0 0
0 0 0 0 0 
0 -1 -3 0 0
0 0 0 0 0 
0 -1 -3 0 0
->
0 0 0 0 0 
: hits 1, misses 1 
0 0 0 0 0 
0 -1 -3 0 0
0 0 0 0 0 
0 -1 -3 0 0
0 0 0 0 0 
0 -1 -3 0 0
0 0 0 0 0 
0 -1 -3 0 0
->
0 0 3 0 0 
: hits 1, misses 0 
0 -1 -3 0 0
0 0 0 0 0 
0 -1 -3 0 0
0 0 3 0 0 
->
0 -1 -2 0 0
: hits 2, misses 1 
0 -1 -3 0 0
->
0 -3 0 0 0 
: hits 1, misses 0 
0 -1 -3 0 0
0 -3 0 0 0 
->
0 -1 -3 0 0
: hits 12, misses 0 
0 -1 -3 0 0
0 -3 0 0 0 
0 -1 -3 0 0
0 0 3 0 0 
->
0 -1 -2 0 0
: hits 2, misses 0 
0 -1 -3 0 0
->
-3 0 0 0 0 
: hits 1, misses 0 
3 0 0 0 0 
->
0 -1 -3 0 0
: hits 16, misses 0 
3 0 0 0 0 
0 -1 -3 0 0
3 0 0 0 0 
0 -1 -3 0 0
3 0 0 0 0 
0 -1 -3 0 0
3 0 0 0 0 
0 -1 -3 0 0
3 0 0 0 0 
3 -2 -5 0 0
3 0 0 0 0 
3 -2 -5 0 0
3 0 0 0 0 
->
2 -2 -5 0 0
: hits 1, misses 0 
3 0 0 0 0 
0 -1 -3 0 0
3 0 0 0 0 
0 -1 -3 0 0
3 0 0 0 0 
0 -1 -3 0 0
3 0 0 0 0 
0 -1 -3 0 0
3 0 0 0 0 
3 -2 -5 0 0
3 0 0 0 0 
3 -2 -5 0 0
3 0 0 0 0 
2 -2 -5 0 0
3 0 0 0 0 
->
2 -2 -5 0 0
: hits 1, misses 0 
0 -1 -3 0 0
3 0 0 0 0 
0 -1 -3 0 0
3 0 0 0 0 
0 -1 -3 0 0
3 0 0 0 0 
0 -1 -3 0 0
3 0 0 0 0 
3 -2 -5 0 0
3 0 0 0 0 
3 -2 -5 0 0
3 0 0 0 0 
2 -2 -5 0 0
3 0 0 0 0 
2 -2 -5 0 0
3 0 0 0 0 
->
2 -2 -5 0 0
: hits 1, misses 0 
3 -2 -5 0 0
3 0 0 0 0 
3 -2 -5 0 0
3 0 0 0 0 
2 -2 -5 0 0
3 0 0 0 0 
2 -2 -5 0 0
3 0 0 0 0 
2 -2 -5 0 0
3 0 0 0 0 
2 -2 -5 0 0
3 0 0 0 0 
2 -2 -5 0 0
3 0 0 0 0 
2 -2 -5 0 0
3 0 0 0 0 
->
1 -2 -5 0 0
: hits 2, misses 0 
3 0 0 0 0 
0 -1 -3 0 0
3 0 0 0 0 
0 -1 -3 0 0
3 0 0 0 0 
0 -1 -3 0 0
3 0 0 0 0 
0 -1 -3 0 0
3 0 0 0 0 
3 -2 -5 0 0
3 0 0 0 0 
3 -2 -5 0 0
3 0 0 0 0 
2 -2 -5 0 0
3 0 0 0 0 
2 -2 -5 0 0
3 0 0 0 0 
2 -2 -5 0 0
3 0 0 0 0 
2 -2 -5 0 0
3 0 0 0 0 
2 -2 -5 0 0
3 0 0 0 0 
2 -2 -5 0 0
3 0 0 0 0 
1 -2 -5 0 0
3 0 0 0 0 
->
1 -2 -5 0 0
: hits 1, misses 0 
3 0 0 0 0 
1 -2 -5 0 0
3 0 0 0 0 
1 -2 -5 0 0
->
3 0 0 0 0 
: hits 8, misses 0 
3 0 0 0 0 
1 -2 -5 0 0
3 0 0 0 0 
1 -2 -5 0 0
3 0 0 0 0 
1 -2 -6 0 0
3 0 0 0 0 
1 -2 -6 0 0
->
3 0 0 0 0 
: hits 4, misses 0 
3 0 0 0 0 
2 -2 -5 0 0
3 0 0 0 0 
1 -2 -5 0 0
3 0 0 0 0 
1 -2 -5 0 0
3 0 0 0 0 
1 -2 -6 0 0
3 0 0 0 0 
1 -2 -6 0 0
3 0 0 0 0 
1 -2 -6 0 0
3 0 0 0 0 
1 -2 -6 0 0
3 0 0 0 0 
1 -2 -6 0 0
->
3 0 0 0 0 
: hits 1, misses 0 
3 0 0 0 0 
3 -2 -5 0 0
3 0 0 0 0 
2 -2 -5 0 0
3 0 0 0 0 
2 -2 -5 0 0
3 0 0 0 0 
2 -2 -5 0 0
3 0 0 0 0 
2 -2 -5 0 0
3 0 0 0 0 
2 -2 -5 0 0
3 0 0 0 0 
2 -2 -5 0 0
3 0 0 0 0 
1 -2 -5 0 0
3 0 0 0 0 
1 -2 -5 0 0
3 0 0 0 0 
1 -2 -6 0 0
3 0 0 0 0 
1 -2 -6 0 0
3 0 0 0 0 
1 -2 -6 0 0
3 0 0 0 0 
1 -2 -6 0 0
3 0 0 0 0 
1 -2 -6 0 0
3 0 0 0 0 
0 -2 -6 0 0
3 0 0 0 0 
0 -2 -6 0 0
->
0 0 -3 0 0 
: hits 1, misses 0 
1 -2 -5 0 0
3 0 0 0 0 
1 -2 -5 0 0
3 0 0 0 0 
1 -2 -6 0 0
3 0 0 0 0 
1 -2 -6 0 0
3 0 0 0 0 
1 -2 -6 0 0
3 0 0 0 0 
1 -2 -6 0 0
3 0 0 0 0 
1 -2 -6 0 0
3 0 0 0 0 
0 -2 -6 0 0
3 0 0 0 0 
0 -2 -6 0 0
0 0 -3 0 0 
0 -2 -6 0 0
0 0 -3 0 0 
0 -2 -6 0 0
0 0 -3 0 0 
0 -2 -6 0 0
0 0 -3 0 0 
0 -2 -6 0 0
0 0 -3 0 0 
0 -2 -6 0 0
0 0 -3 0 0 
0 -2 -6 0 0
0 0 -3 0 0 
0 -2 -6 0 0
0 0 -3 0 0 
->
0 -2 -6 0 0
: hits 1, misses 0 
0 0 -3 0 0 
0 -2 -6 0 0
0 0 -3 0 0 
0 -2 -6 0 0
0 0 -3 0 0 
0 -2 -6 0 0
0 0 -3 0 0 
0 -2 -6 0 0
0 0 -3 0 0 
0 -2 -6 0 0
0 0 -3 0 0 
0 -2 -6 0 0
0 0 -3 0 0 
0 -2 -6 0 0
0 0 -3 0 0 
0 -2 -6 0 0
->
3 0 0 0 0 
: hits 1, misses 0 
3 0 0 0 0 
0 -2 -6 0 0
3 0 0 0 0 
0 -2 -6 0 0
3 0 0 0 0 
0 -2 -5 0 0
3 0 0 0 0 
0 -2 -5 0 0
->
3 0 0 0 0 
: hits 2, misses 1 
0 0 -3 0 0 
0 -2 -6 0 0
0 0 -3 0 0 
0 -2 -6 0 0
3 0 0 0 0 
0 -2 -6 0 0
3 0 0 0 0 
0 -2 -6 0 0
3 0 0 0 0 
0 -2 -5 0 0
3 0 0 0 0 
0 -2 -5 0 0
3 0 0 0 0 
0 -2 -5 0 0
3 0 0 0 0 
0 -2 -5 0 0
->
0 0 -3 0 0 
: hits 1, misses 0 
0 -2 -6 0 0
0 0 -3 0 0 
0 -2 -6 0 0
0 0 -3 0 0 
0 -2 -6 0 0
3 0 0 0 0 
0 -2 -6 0 0
3 0 0 0 0 
0 -2 -6 0 0
3 0 0 0 0 
0 -2 -5 0 0
3 0 0 0 0 
0 -2 -5 0 0
3 0 0 0 0 
0 -2 -5 0 0
3 0 0 0 0 
0 -2 -5 0 0
0 0 -3 0 0 
0 -2 -5 0 0
0 0 -3 0 0 
0 -2 -5 0 0
0 0 -3 0 0 
0 -2 -5 0 0
0 0 -3 0 0 
0 -2 -5 0 0
0 0 -3 0 0 
0 -2 -5 0 0
0 0 -3 0 0 
0 -2 -5 0 0
0 0 -3 0 0 
0 -2 -5 0 0
0 0 -3 0 0 
->
0 -2 -5 0 0
: hits 1, misses 0 
0 -2 -5 0 0
3 0 0 0 0 
0 -2 -5 0 0
3 0 0 0 0 
0 -2 -5 0 0
0 0 -3 0 0 
0 -2 -5 0 0
0 0 -3 0 0 
0 -2 -5 0 0
0 0 -3 0 0 
0 -2 -5 0 0
0 0 -3 0 0 
0 -2 -5 0 0
0 0 -3 0 0 
0 -2 -5 0 0
0 0 -3 0 0 
0 -2 -5 0 0
0 0 -3 0 0 
0 -2 -5 0 0
0 0 -3 0 0 
0 -2 -5 0 0
0 0 -3 0 0 
0 -2 -5 0 0
0 0 -3 0 0 
0 -2 -5 0 0
0 0 -3 0 0 
0 -2 -5 0 0
0 0 -3 0 0 
0 -2 -5 0 0
0 0 -3 0 0 
0 -2 -5 0 0
0 0 -3 0 0 
->
0 -2 -4 0 0
: hits 1, misses 0 
3 0 0 0 0 
0 -2 -5 0 0
0 0 -3 0 0 
0 -2 -5 0 0
0 0 -3 0 0 
0 -2 -5 0 0
0 0 -3 0 0 
0 -2 -5 0 0
0 0 -3 0 0 
0 -2 -5 0 0
0 0 -3 0 0 
0 -2 -5 0 0
0 0 -3 0 0 
0 -2 -5 0 0
0 0 -3 0 0 
0 -2 -5 0 0
0 0 -3 0 0 
0 -2 -5 0 0
0 0 -3 0 0 
0 -2 -5 0 0
0 0 -3 0 0 
0 -2 -5 0 0
0 0 -3 0 0 
0 -2 -5 0 0
0 0 -3 0 0 
0 -2 -5 0 0
0 0 -3 0 0 
0 -2 -5 0 0
0 0 -3 0 0 
0 -2 -4 0 0
0 0 -3 0 0 
0 -2 -4 0 0
->
0 0 -3 0 0 
: hits 1, misses 0 
0 0 -3 0 0 
0 -2 -5 0 0
0 0 -3 0 0 
0 -2 -5 0 0
0 0 -3 0 0 
0 -2 -5 0 0
0 0 -3 0 0 
0 -2 -5 0 0
0 0 -3 0 0 
0 -2 -5 0 0
0 0 -3 0 0 
0 -2 -5 0 0
0 0 -3 0 0 
0 -2 -5 0 0
0 0 -3 0 0 
0 -2 -5 0 0
0 0 -3 0 0 
0 -2 -5 0 0
0 0 -3 0 0 
0 -2 -5 0 0
0 0 -3 0 0 
0 -2 -5 0 0
0 0 -3 0 0 
0 -2 -5 0 0
0 0 -3 0 0 
0 -2 -5 0 0
0 0 -3 0 0 
0 -2 -4 0 0
0 0 -3 0 0 
0 -2 -4 0 0
0 0 -3 0 0 
0 -2 -4 0 0
->
0 0 -3 0 30 
: hits 1, misses 0 
0 0 -3 0 0 
0 -2 -5 0 0
0 0 -3 0 0 
0 -2 -5 0 0
0 0 -3 0 0 
0 -2 -5 0 0
0 0 -3 0 0 
0 -2 -4 0 0
0 0 -3 0 0 
0 -2 -4 0 0
0 0 -3 0 0 
0 -2 -4 0 0
0 0 -3 0 30 
0 -2 -4 0 30
0 0 -3 0 30 
0 -2 -4 0 30
->
3 0 0 0 30 
: hits 1, misses 0 
0 -2 -4 0 0
0 0 -3 0 0 
0 -2 -4 0 0
0 0 -3 0 30 
0 -2 -4 0 30
0 0 -3 0 30 
0 -2 -4 0 30
3 0 0 0 30 
->
0 -2 -4 0 30
: hits 1, misses 0 
0 0 -3 0 30 
0 -2 -4 0 30
3 0 0 0 30 
0 -2 -4 0 30
->
3 0 0 0 30 
: hits 1, misses 0 
0 -2 -4 0 0
0 0 -3 0 30 
0 -2 -4 0 30
0 0 -3 0 30 
0 -2 -4 0 30
3 0 0 0 30 
0 -2 -4 0 30
3 0 0 0 30 
->
0 -2 -4 0 30
: hits 1, misses 0 
0 -2 -4 0 30
0 0 -3 0 30 
0 -2 -4 0 30
3 0 0 0 30 
0 -2 -4 0 30
3 0 0 0 30 
0 -2 -4 0 30
0 0 -3 0 30 
->
0 -1 -4 0 30
: hits 1, misses 0 
0 -2 -4 0 30
0 0 -3 0 30 
0 -1 -4 0 30
0 0 -3 0 30 
0 -1 -4 0 30
0 0 -3 0 30 
0 -1 -4 0 30
0 0 -3 0 30 
->
0 -2 -4 0 30
: hits 1, misses 1 
0 -1 -4 0 30
0 0 -3 0 30 
0 -1 -4 0 30
0 0 -3 0 30 
0 -1 -4 0 30
0 0 -3 0 30 
0 -2 -4 0 30
0 0 -3 0 30 
->
0 -2 -3 0 30
: hits 1, misses 1 
0 -2 -4 0 30
3 0 0 0 30 
0 -2 -4 0 30
3 0 0 0 30 
0 -2 -4 0 30
0 0 -3 0 30 
0 -1 -4 0 30
0 0 -3 0 30 
0 -1 -4 0 30
0 0 -3 0 30 
0 -1 -4 0 30
0 0 -3 0 30 
0 -2 -4 0 30
0 0 -3 0 30 
0 -2 -3 0 30
0 0 -3 0 30 
->
0 -1 -3 0 30
: hits 1, misses 0 
0 -2 -4 0 30
0 0 -3 0 30 
0 -2 -3 0 30
0 0 -3 0 30 
0 -1 -3 0 30
0 0 -3 0 30 
0 -1 -3 0 30
0 0 -3 0 30 
->
0 -1 -3 0 30
: hits 2, misses 0 
0 0 -3 0 30 
0 -1 -4 0 30
0 0 -3 0 30 
0 -1 -4 0 30
0 0 -3 0 30 
0 -2 -4 0 30
0 0 -3 0 30 
0 -2 -3 0 30
0 0 -3 0 30 
0 -1 -3 0 30
0 0 -3 0 30 
0 -1 -3 0 30
0 0 -3 0 30 
0 -1 -3 0 30
0 0 -3 0 30 
0 -1 -3 0 30
->
0 0 0 0 30 
: hits 1, misses 0 
0 -1 -4 0 30
0 0 -3 0 30 
0 -1 -4 0 30
0 0 -3 0 30 
0 -2 -4 0 30
0 0 -3 0 30 
0 -2 -3 0 30
0 0 -3 0 30 
0 -1 -3 0 30
0 0 -3 0 30 
0 -1 -3 0 30
0 0 -3 0 30 
0 -1 -3 0 30
0 0 -3 0 30 
0 -1 -3 0 30
0 0 0 0 30 
->
0 -1 -3 0 30
: hits 1, misses 0 
0 0 -3 0 30 
0 -1 -3 0 30
0 0 -3 0 30 
0 -1 -3 0 30
0 0 0 0 30 
0 -1 -3 0 30
0 0 0 0 0 
0 -1 -3 0 0
->
0 0 0 0 0 
: hits 1, misses 0 
0 0 -3 0 30 
0 -1 -3 0 30
0 0 0 0 30 
0 -1 -3 0 30
0 0 0 0 0 
0 -1 -3 0 0
0 0 0 0 0 
0 -1 -3 0 0
->
0 0 3 0 0 
: hits 1, misses 0 
0 -1 -3 0 30
0 0 0 0 30 
0 -1 -3 0 30
0 0 0 0 0 
0 -1 -3 0 0
0 0 0 0 0 
0 -1 -3 0 0
0 0 3 0 0 
->
0 -1 -3 0 0
: hits 1, misses 0 
0 0 0 0 30 
0 -1 -3 0 30
0 0 0 0 0 
0 -1 -3 0 0
0 0 0 0 0 
0 -1 -3 0 0
0 0 3 0 0 
0 -1 -3 0 0
->
0 0 0 0 0 
: hits 1, misses 0 
0 -1 -3 0 0
0 0 3 0 0 
0 -1 -3 0 0
0 0 0 0 0 
->
0 -1 -2 0 0
: hits 2, misses 0 
0 -1 -3 0 30
0 0 0 0 0 
0 -1 -3 0 0
0 0 0 0 0 
0 -1 -3 0 0
0 0 3 0 0 
0 -1 -3 0 0
0 0 0 0 0 
0 -1 -2 0 0
0 0 3 0 0 
0 -1 -3 0 0
0 0 3 0 0 
0 -1 -3 0 0
0 0 3 0 0 
0 -1 -3 0 0
0 0 3 0 0 
->
0 -1 -2 0 0
: hits 1, misses 0 
0 -1 -3 0 0
0 0 0 0 0 
0 -1 -3 0 0
0 0 3 0 0 
0 -1 -3 0 0
0 0 0 0 0 
0 -1 -2 0 0
0 0 3 0 0 
0 -1 -3 0 0
0 0 3 0 0 
0 -1 -3 0 0
0 0 3 0 0 
0 -1 -3 0 0
0 0 3 0 0 
0 -1 -2 0 0
0 0 3 0 0 
->
0 -1 -3 0 0
: hits 1, misses 0 
0 -1 -3 0 0
->
0 3 0 0 0 
: hits 1, misses 0 
