3 0 0 0 0 
->
3 -2 -5 0 0
: hits 53, misses 2 
3 -2 -5 0 0
->
3 0 0 0 0 
: hits 135, misses 2 
3 0 0 0 0 
->
2 -2 -5 0 0
: hits 80, misses 1 
3 0 0 0 0 
->
2 -2 -6 0 0
: hits 19, misses 1 
2 -2 -6 0 0
->
3 0 0 0 0 
: hits 171, misses 1 
3 0 0 0 0 
->
1 -2 -6 0 0
: hits 81, misses 1 
3 0 0 0 0 
->
0 -2 -6 0 0
: hits 62, misses 1 
0 -2 -6 0 0
->
3 0 0 0 0 
: hits 149, misses 1 
0 -2 -6 0 0
->
0 0 -3 0 0 
: hits 277, misses 1 
0 0 -3 0 0 
->
0 -2 -6 0 0
: hits 127, misses 2 
0 0 -3 0 0 
->
0 -2 -5 0 0
: hits 126, misses 1 
0 0 -3 0 0 
->
0 -2 -4 0 0
: hits 50, misses 1 
0 -2 -4 0 0
->
0 0 -3 0 0 
: hits 165, misses 1 
0 -2 -4 0 0
->
0 0 0 0 30 
: hits 4, misses 2 
0 0 0 0 30 
->
0 -2 -4 0 30
: hits 4, misses 1 
0 -2 -4 0 30
->
3 0 0 0 30 
: hits 29, misses 1 
3 0 0 0 30 
->
0 -2 -4 0 30
: hits 11, misses 1 
3 0 0 0 30 
0 -2 -4 0 30
->
0 0 0 0 30 
: hits 5, misses 2 
0 0 0 0 30 
0 -2 -4 0 30
->
3 0 0 0 30 
: hits 4, misses 1 
3 0 0 0 30 
0 -2 -4 0 30
->
3 0 0 0 30 
: hits 14, misses 5 
3 0 0 0 30 
->
0 -1 -4 0 30
: hits 10, misses 1 
0 -1 -4 0 30
->
0 0 -3 0 30 
: hits 130, misses 2 
0 0 -3 0 30 
->
0 -2 -4 0 30
: hits 40, misses 1 
0 0 -3 0 30 
->
0 -1 -4 0 30
: hits 36, misses 1 
0 0 -3 0 30 
0 -1 -4 0 30
->
3 0 0 0 30 
: hits 9, misses 3 
3 0 0 0 30 
->
0 -1 -3 0 30
: hits 7, misses 1 
0 -1 -3 0 30
->
3 0 0 0 30 
: hits 19, misses 1 
3 0 0 0 30 
0 -1 -3 0 30
->
0 0 -3 0 30 
: hits 5, misses 2 
0 0 -3 0 30 
->
0 -1 -3 0 30
: hits 61, misses 1 
0 0 -3 0 30 
0 -1 -3 0 30
->
0 0 -3 0 30 
: hits 86, misses 6 
0 -1 -3 0 30
->
3 0 0 0 0 
: hits 42, misses 1 
3 0 0 0 0 
->
0 -1 -3 0 0
: hits 35, misses 1 
0 -1 -3 0 0
->
0 0 0 0 0 
: hits 21, misses 1 
0 0 0 0 0 
->
0 -1 -3 0 0
: hits 13, misses 1 
0 -1 -3 0 0
->
0 0 3 0 0 
: hits 160, misses 3 
0 0 3 0 0 
->
0 -1 -3 0 0
: hits 139, misses 1 
0 0 -3 0 0 
->
0 -1 -3 0 0
: hits 126, misses 1 
0 0 -3 0 0 
0 -1 -3 0 0
->
3 0 0 0 0 
: hits 9, misses 1 
3 0 0 0 0 
0 -1 -3 0 0
->
3 0 0 0 0 
: hits 35, misses 1 
0 -1 -3 0 0
3 0 0 0 0 
->
3 -2 -5 0 0
: hits 11, misses 3 
3 -2 -5 0 0
3 0 0 0 0 
->
2 -2 -5 0 0
: hits 72, misses 4 
3 0 0 0 0 
->
1 -2 -5 0 0
: hits 6, misses 1 
1 -2 -5 0 0
->
3 0 0 0 0 
: hits 173, misses 1 
1 -2 -5 0 0
3 0 0 0 0 
->
1 -2 -6 0 0
: hits 67, misses 5 
1 -2 -6 0 0
->
0 0 0 0 0 
: hits 4, misses 1 
0 0 0 0 0 
->
1 -2 -6 0 0
: hits 1, misses 1 
0 0 -3 0 0 
->
1 -2 -6 0 0
: hits 2, misses 1 
1 -2 -6 0 0
0 0 -3 0 0 
->
0 -2 -6 0 0
: hits 114, misses 3 
0 -2 -6 0 0
0 0 -3 0 0 
->
0 -2 -5 0 0
: hits 114, misses 7 
0 0 -3 0 0 
->
1 -2 -5 0 0
: hits 6, misses 1 
1 -2 -5 0 0
->
0 0 -3 0 0 
: hits 119, misses 1 
1 -2 -5 0 0
0 0 -3 0 0 
->
1 -2 -5 0 0
: hits 5, misses 2 
0 0 -3 0 0 
1 -2 -5 0 0
->
0 0 -3 0 0 
: hits 109, misses 2 
0 0 -3 0 0 
->
1 -2 -4 0 0
: hits 3, misses 1 
1 -2 -4 0 0
0 0 -3 0 0 
->
1 -2 -4 0 0
: hits 2, misses 1 
0 0 -3 0 0 
1 -2 -4 0 0
->
3 0 0 0 0 
: hits 5, misses 1 
3 0 0 0 0 
->
1 -2 -4 0 0
: hits 5, misses 1 
3 0 0 0 0 
1 -2 -4 0 0
->
3 0 0 0 0 
: hits 30, misses 1 
1 -2 -4 0 0
3 0 0 0 0 
->
1 -2 -4 0 0
: hits 4, misses 2 
3 0 0 0 0 
->
0 -2 -4 0 0
: hits 29, misses 1 
0 -2 -4 0 0
3 0 0 0 0 
->
0 -2 -4 0 0
: hits 28, misses 2 
3 0 0 0 0 
0 -2 -4 0 0
->
0 0 -3 0 0 
: hits 10, misses 1 
0 -2 -4 0 0
0 0 -3 0 0 
->
0 -2 -4 0 0
: hits 48, misses 5 
0 0 -3 0 0 
0 -2 -4 0 0
->
0 0 -3 0 0 
: hits 146, misses 3 
0 -2 -4 0 0
->
0 0 -3 0 30 
: hits 44, misses 1 
0 -2 -4 0 0
0 0 -3 0 30 
->
0 -2 -4 0 30
: hits 33, misses 2 
0 -2 -4 0 30
3 0 0 0 30 
->
0 -2 -4 0 30
: hits 9, misses 3 
3 0 0 0 30 
->
0 -2 -3 0 30
: hits 6, misses 1 
3 0 0 0 30 
0 -2 -4 0 30
3 0 0 0 30 
0 -2 -3 0 30
->
3 0 0 0 30 
: hits 1, misses 2 
3 0 0 0 30 
0 -2 -4 0 30
->
0 0 -3 0 30 
: hits 8, misses 2 
0 0 -3 0 30 
->
0 -2 -3 0 30
: hits 12, misses 1 
0 -2 -3 0 30
0 0 -3 0 30 
->
0 -2 -3 0 30
: hits 11, misses 3 
0 -2 -3 0 30
0 0 -3 0 30 
->
0 -1 -3 0 30
: hits 49, misses 2 
0 -1 -3 0 30
->
0 0 0 0 30 
: hits 16, misses 1 
0 0 0 0 30 
->
0 -1 -3 0 30
: hits 12, misses 1 
0 0 0 0 30 
0 -1 -3 0 30
->
0 0 -3 0 30 
: hits 4, misses 3 
0 0 -3 0 30 
0 -1 -3 0 30
->
0 0 3 0 0 
: hits 3, misses 1 
0 -1 -3 0 30
0 0 3 0 0 
->
0 -1 -3 0 0
: hits 108, misses 4 
0 0 3 0 0 
0 -1 -3 0 0
->
0 0 3 0 0 
: hits 133, misses 5 
0 0 3 0 0 
->
0 -2 -2 0 0
: hits 17, misses 1 
0 -2 -2 0 0
->
0 0 3 0 0 
: hits 53, misses 1 
0 0 3 0 0 
->
0 -2 -3 0 0
: hits 21, misses 1 
0 -2 -2 0 0
0 0 3 0 0 
->
0 -2 -3 0 0
: hits 16, misses 2 
0 -2 -3 0 0
->
3 0 0 0 0 
: hits 68, misses 1 
3 0 0 0 0 
->
0 -2 -2 0 0
: hits 2, misses 1 
3 0 0 0 0 
0 -2 -2 0 0
->
3 0 0 0 0 
: hits 6, misses 1 
3 0 0 0 0 
->
0 -2 -3 0 0
: hits 2, misses 1 
0 -2 -3 0 0
3 0 0 0 0 
->
0 -2 -2 0 0
: hits 1, misses 1 
0 -2 -2 0 0
3 0 0 0 0 
->
3 -2 -5 0 0
: hits 3, misses 1 
3 -2 -5 0 0
3 0 0 0 0 
->
3 -2 -5 0 0
: hits 34, misses 1 
3 -2 -5 0 0
3 0 0 0 0 
3 -2 -5 0 0
3 0 0 0 0 
->
2 -2 -5 0 0
: hits 26, misses 2 
2 -2 -5 0 0
3 0 0 0 0 
->
2 -2 -6 0 0
: hits 18, misses 1 
2 -2 -6 0 0
3 0 0 0 0 
->
1 -2 -6 0 0
: hits 71, misses 2 
3 0 0 0 0 
1 -2 -6 0 0
->
3 0 0 0 0 
: hits 138, misses 2 
1 -2 -6 0 0
3 0 0 0 0 
->
0 -2 -6 0 0
: hits 57, misses 4 
3 0 0 0 0 
0 -2 -6 0 0
->
0 0 -3 0 0 
: hits 17, misses 1 
0 -2 -6 0 0
3 0 0 0 0 
0 -2 -6 0 0
0 0 -3 0 0 
->
0 -2 -6 0 0
: hits 6, misses 3 
0 -2 -6 0 0
0 0 -3 0 0 
0 -2 -6 0 0
0 0 -3 0 0 
->
0 -2 -5 0 0
: hits 18, misses 1 
0 -2 -5 0 0
0 0 -3 0 0 
0 -2 -5 0 0
0 0 -3 0 0 
->
0 -2 -5 0 0
: hits 95, misses 2 
0 0 -3 0 0 
0 -2 -5 0 0
->
3 0 0 0 0 
: hits 11, misses 3 
3 0 0 0 0 
->
0 -2 -5 0 0
: hits 23, misses 1 
3 0 0 0 0 
0 -2 -5 0 0
->
3 0 0 0 0 
: hits 86, misses 3 
0 -2 -5 0 0
3 0 0 0 0 
0 -2 -5 0 0
3 0 0 0 0 
->
0 -2 -4 0 0
: hits 4, misses 1 
3 0 0 0 0 
0 -2 -4 0 0
3 0 0 0 0 
0 -2 -4 0 0
->
0 0 -3 0 0 
: hits 3, misses 2 
3 0 0 0 0 
0 -2 -4 0 0
0 0 -3 0 0 
0 -2 -4 0 0
->
0 0 -3 0 0 
: hits 3, misses 2 
0 0 -3 0 0 
0 -2 -4 0 0
0 0 -3 0 0 
0 -2 -4 0 0
->
3 0 0 0 0 
: hits 3, misses 1 
0 -2 -4 0 0
->
0 0 0 0 0 
: hits 11, misses 0 
0 0 0 0 0 
->
0 -2 -4 0 0
: hits 7, misses 1 
0 0 0 0 0 
0 -2 -4 0 0
->
0 0 -3 0 0 
: hits 2, misses 2 
0 0 -3 0 0 
0 -2 -4 0 0
0 0 -3 0 0 
0 -2 -4 0 0
->
0 0 -3 0 0 
: hits 24, misses 1 
0 -2 -4 0 0
0 0 -3 0 0 
->
0 -2 -3 0 0
: hits 2, misses 1 
0 0 -3 0 0 
0 -2 -3 0 0
0 0 -3 0 0 
0 -2 -3 0 0
->
3 0 0 0 0 
: hits 1, misses 0 
0 -2 -3 0 0
3 0 0 0 0 
->
0 -2 -3 0 0
: hits 1, misses 1 
0 -2 -3 0 0
3 0 0 0 0 
->
0 -1 -3 0 0
: hits 28, misses 2 
3 0 0 0 0 
0 -1 -3 0 0
->
3 0 0 0 30 
: hits 1, misses 1 
0 -1 -3 0 0
3 0 0 0 30 
->
0 -1 -3 0 30
: hits 4, misses 1 
3 0 0 0 30 
0 -1 -3 0 30
0 0 -3 0 30 
0 -1 -3 0 30
->
0 0 -3 0 30 
: hits 3, misses 0 
0 -1 -3 0 30
0 0 -3 0 30 
0 -1 -3 0 30
0 0 -3 0 30 
->
0 -2 -3 0 30
: hits 3, misses 2 
0 -2 -3 0 30
0 0 -3 0 30 
0 -2 -3 0 30
0 0 -3 0 30 
->
0 -1 -3 0 30
: hits 7, misses 0 
0 -1 -3 0 30
0 0 -3 0 30 
0 -2 -3 0 30
0 0 -3 0 30 
0 -2 -3 0 30
0 0 -3 0 30 
0 -1 -3 0 30
0 0 -3 0 30 
->
0 -1 -3 0 30
: hits 1, misses 0 
0 -1 -3 0 30
0 0 -3 0 30 
0 -1 -3 0 30
0 0 -3 0 30 
->
0 -1 -3 0 30
: hits 37, misses 3 
0 0 -3 0 30 
0 -1 -3 0 30
->
0 0 0 0 30 
: hits 5, misses 1 
0 -1 -3 0 30
0 0 0 0 30 
->
0 -1 -3 0 30
: hits 11, misses 6 
0 0 0 0 30 
0 -1 -3 0 30
->
0 0 0 0 30 
: hits 4, misses 2 
0 0 0 0 30 
0 -1 -3 0 30
->
0 0 0 0 0 
: hits 3, misses 1 
0 0 0 0 0 
->
0 -1 -2 0 0
: hits 8, misses 2 
0 0 0 0 0 
0 -1 -2 0 0
->
0 0 0 0 0 
: hits 9, misses 3 
0 -1 -2 0 0
->
3 0 0 0 0 
: hits 38, misses 1 
3 0 0 0 0 
->
0 -1 -2 0 0
: hits 3, misses 0 
3 0 0 0 0 
0 -1 -2 0 0
->
0 0 0 0 0 
: hits 1, misses 1 
0 0 0 0 0 
->
-1 -1 -2 0 0
: hits 7, misses 1 
-1 -1 -2 0 0
->
0 0 0 0 0 
: hits 6, misses 2 
-1 -1 -2 0 0
->
3 0 0 0 0 
: hits 1, misses 1 
3 0 0 0 0 
->
-1 -1 -2 0 0
: hits 1, misses 0 
3 0 0 0 0 
-1 -1 -2 0 0
->
0 0 0 0 0 
: hits 1, misses 0 
-1 -1 -2 0 0
->
0 0 3 0 0 
: hits 4, misses 0 
-1 -1 -2 0 0
0 0 3 0 0 
->
0 -1 -3 0 0
: hits 8, misses 3 
0 0 3 0 0 
->
0 -1 -2 0 0
: hits 18, misses 1 
0 -1 -2 0 0
0 0 3 0 0 
->
0 -1 -3 0 0
: hits 113, misses 4 
0 -1 -3 0 0
0 0 3 0 0 
->
0 -1 -2 0 0
: hits 17, misses 1 
0 -1 -3 0 0
0 0 3 0 0 
0 -1 -2 0 0
0 0 3 0 0 
->
0 -1 -3 0 0
: hits 93, misses 6 
0 0 3 0 0 
0 -1 -3 0 0
->
0 0 0 0 0 
: hits 2, misses 1 
0 -1 -3 0 0
0 0 0 0 0 
->
0 -1 -2 0 0
: hits 3, misses 1 
0 0 0 0 0 
0 -1 -2 0 0
->
0 0 3 0 0 
: hits 9, misses 2 
0 -1 -2 0 0
0 0 0 0 0 
0 -1 -2 0 0
0 0 3 0 0 
->
0 -1 -3 0 0
: hits 9, misses 0 
0 0 0 0 0 
0 -1 -2 0 0
0 0 3 0 0 
0 -1 -3 0 0
->
0 0 3 0 0 
: hits 6, misses 2 
0 -1 -2 0 0
0 0 3 0 0 
0 -1 -3 0 0
0 0 3 0 0 
->
0 -1 -2 0 0
: hits 11, misses 2 
0 0 3 0 0 
->
0 -1 -3 0 0
: hits 117, misses 0 
0 0 3 0 0 
0 -1 -3 0 0
->
3 0 0 0 0 
: hits 7, misses 1 
0 0 3 0 0 
0 -1 -3 0 0
3 0 0 0 0 
0 -1 -3 0 0
->
3 0 0 0 0 
: hits 8, misses 1 
3 0 0 0 0 
0 -1 -3 0 0
3 0 0 0 0 
0 -1 -3 0 0
->
3 0 0 0 0 
: hits 20, misses 1 
0 -1 -3 0 0
3 0 0 0 0 
0 -1 -3 0 0
3 0 0 0 0 
->
3 -2 -5 0 0
: hits 10, misses 3 
0 -1 -3 0 0
3 0 0 0 0 
3 -2 -5 0 0
3 0 0 0 0 
->
3 -2 -5 0 0
: hits 11, misses 0 
3 -2 -5 0 0
3 0 0 0 0 
3 -2 -5 0 0
3 0 0 0 0 
->
3 -2 -5 0 0
: hits 21, misses 1 
0 -1 -3 0 0
3 0 0 0 0 
3 -2 -5 0 0
3 0 0 0 0 
3 -2 -5 0 0
3 0 0 0 0 
3 -2 -5 0 0
3 0 0 0 0 
->
2 -2 -5 0 0
: hits 7, misses 2 
2 -2 -5 0 0
3 0 0 0 0 
2 -2 -5 0 0
3 0 0 0 0 
->
2 -2 -5 0 0
: hits 49, misses 2 
2 -2 -5 0 0
3 0 0 0 0 
2 -2 -5 0 0
3 0 0 0 0 
->
2 -2 -6 0 0
: hits 13, misses 1 
2 -2 -5 0 0
3 0 0 0 0 
2 -2 -6 0 0
3 0 0 0 0 
->
1 -2 -6 0 0
: hits 10, misses 1 
3 0 0 0 0 
2 -2 -6 0 0
3 0 0 0 0 
1 -2 -6 0 0
->
3 0 0 0 0 
: hits 69, misses 2 
2 -2 -6 0 0
3 0 0 0 0 
1 -2 -6 0 0
3 0 0 0 0 
->
1 -2 -6 0 0
: hits 57, misses 3 
1 -2 -6 0 0
3 0 0 0 0 
1 -2 -6 0 0
3 0 0 0 0 
->
0 -2 -6 0 0
: hits 19, misses 2 
3 0 0 0 0 
0 -2 -6 0 0
3 0 0 0 0 
0 -2 -6 0 0
->
0 0 -3 0 0 
: hits 7, misses 3 
0 0 -3 0 0 
0 -2 -6 0 0
->
0 0 -3 0 0 
: hits 205, misses 2 
0 -2 -6 0 0
0 0 -3 0 0 
0 -2 -6 0 0
0 0 -3 0 0 
->
0 -2 -6 0 0
: hits 89, misses 2 
0 -2 -6 0 0
0 0 -3 0 0 
0 -2 -6 0 0
0 0 -3 0 0 
0 -2 -6 0 0
0 0 -3 0 0 
0 -2 -6 0 0
0 0 -3 0 0 
->
0 -2 -5 0 0
: hits 16, misses 2 
0 -2 -5 0 0
0 0 -3 0 0 
0 -2 -5 0 0
0 0 -3 0 0 
->
0 -2 -4 0 0
: hits 12, misses 1 
0 -2 -4 0 0
0 0 -3 0 0 
0 -2 -4 0 0
0 0 -3 0 0 
->
0 -2 -4 0 0
: hits 21, misses 3 
0 0 -3 0 0 
0 -2 -4 0 0
0 0 -3 0 0 
0 -2 -4 0 0
0 0 -3 0 0 
0 -2 -4 0 0
0 0 -3 0 0 
0 -2 -4 0 0
->
3 0 0 0 0 
: hits 1, misses 2 
3 0 0 0 0 
0 -2 -4 0 0
3 0 0 0 0 
0 -2 -4 0 0
->
3 0 0 0 0 
: hits 15, misses 3 
3 0 0 0 0 
0 -2 -4 0 0
->
0 0 0 0 30 
: hits 1, misses 1 
0 -2 -4 0 0
0 0 0 0 30 
->
0 -2 -4 0 30
: hits 2, misses 1 
0 -2 -4 0 30
3 0 0 0 30 
->
0 -2 -3 0 30
: hits 5, misses 2 
0 0 0 0 30 
0 -2 -4 0 30
3 0 0 0 30 
0 -2 -3 0 30
->
3 0 0 0 30 
: hits 2, misses 0 
3 0 0 0 30 
0 -2 -3 0 30
3 0 0 0 30 
0 -2 -3 0 30
->
0 0 0 0 30 
: hits 1, misses 1 
0 0 0 0 30 
->
0 -2 -3 0 30
: hits 1, misses 1 
0 -2 -3 0 30
3 0 0 0 30 
0 -2 -3 0 30
3 0 0 0 30 
->
0 -2 -4 0 30
: hits 2, misses 1 
3 0 0 0 30 
0 -2 -3 0 30
3 0 0 0 30 
0 -2 -4 0 30
->
3 0 0 0 30 
: hits 1, misses 1 
3 0 0 0 30 
0 -2 -4 0 30
3 0 0 0 30 
0 -2 -4 0 30
->
0 0 -3 0 30 
: hits 2, misses 0 
0 -2 -4 0 30
3 0 0 0 30 
0 -2 -4 0 30
0 0 -3 0 30 
->
0 -2 -4 0 30
: hits 3, misses 1 
0 0 -3 0 30 
0 -2 -4 0 30
->
0 0 -3 0 30 
: hits 65, misses 2 
0 -2 -4 0 30
0 0 -3 0 30 
0 -2 -4 0 30
0 0 -3 0 30 
->
0 -2 -4 0 30
: hits 20, misses 6 
0 0 -3 0 30 
0 -2 -4 0 30
->
0 0 0 0 30 
: hits 1, misses 1 
0 0 0 0 30 
0 -2 -4 0 30
->
0 0 -3 0 30 
: hits 2, misses 1 
0 0 0 0 30 
0 -2 -4 0 30
0 0 -3 0 30 
0 -2 -4 0 30
->
0 0 -3 0 30 
: hits 1, misses 0 
0 -2 -4 0 30
0 0 -3 0 30 
0 -2 -4 0 30
0 0 -3 0 30 
->
0 -2 -3 0 30
: hits 2, misses 1 
0 0 -3 0 30 
0 -2 -4 0 30
0 0 -3 0 30 
0 -2 -3 0 30
->
0 0 -3 0 30 
: hits 16, misses 1 
0 0 -3 0 30 
0 -1 -3 0 30
0 0 -3 0 30 
0 -1 -3 0 30
->
0 0 3 0 0 
: hits 2, misses 2 
0 0 -3 0 30 
0 -1 -3 0 30
0 0 3 0 0 
0 -1 -3 0 0
->
0 0 3 0 0 
: hits 2, misses 1 
0 0 3 0 0 
0 -1 -3 0 0
->
3 0 0 0 0 
: hits 6, misses 1 
0 0 3 0 0 
0 -1 -3 0 0
3 0 0 0 0 
->
0 -1 -3 0 0
: hits 9, misses 0 
0 -1 -3 0 0
3 0 0 0 0 
0 -1 -3 0 0
3 0 0 0 0 
->
0 -1 -3 0 0
: hits 17, misses 3 
0 -1 -3 0 0
3 0 0 0 0 
0 -1 -3 0 0
3 0 0 0 0 
0 -1 -3 0 0
3 0 0 0 0 
0 -1 -3 0 0
3 0 0 0 0 
->
3 -2 -5 0 0
: hits 9, misses 2 
0 -1 -3 0 0
3 0 0 0 0 
0 -1 -3 0 0
3 0 0 0 0 
3 -2 -5 0 0
3 0 0 0 0 
3 -2 -5 0 0
3 0 0 0 0 
->
3 -2 -5 0 0
: hits 9, misses 2 
3 -2 -5 0 0
3 0 0 0 0 
3 -2 -5 0 0
3 0 0 0 0 
2 -2 -5 0 0
3 0 0 0 0 
2 -2 -5 0 0
3 0 0 0 0 
->
2 -2 -5 0 0
: hits 28, misses 2 
2 -2 -5 0 0
3 0 0 0 0 
2 -2 -5 0 0
3 0 0 0 0 
2 -2 -5 0 0
3 0 0 0 0 
2 -2 -5 0 0
3 0 0 0 0 
->
2 -2 -6 0 0
: hits 12, misses 4 
2 -2 -6 0 0
3 0 0 0 0 
2 -2 -6 0 0
3 0 0 0 0 
->
2 -2 -6 0 0
: hits 7, misses 1 
2 -2 -5 0 0
3 0 0 0 0 
2 -2 -6 0 0
3 0 0 0 0 
2 -2 -6 0 0
3 0 0 0 0 
2 -2 -6 0 0
3 0 0 0 0 
->
1 -2 -6 0 0
: hits 7, misses 1 
3 0 0 0 0 
2 -2 -6 0 0
3 0 0 0 0 
1 -2 -6 0 0
->
0 0 -3 0 0 
: hits 3, misses 1 
1 -2 -6 0 0
0 0 -3 0 0 
->
1 -2 -6 0 0
: hits 1, misses 1 
0 0 -3 0 0 
1 -2 -6 0 0
->
3 0 0 0 0 
: hits 3, misses 1 
1 -2 -6 0 0
0 0 -3 0 0 
1 -2 -6 0 0
3 0 0 0 0 
->
1 -2 -6 0 0
: hits 1, misses 0 
2 -2 -6 0 0
3 0 0 0 0 
1 -2 -6 0 0
0 0 -3 0 0 
1 -2 -6 0 0
3 0 0 0 0 
1 -2 -6 0 0
3 0 0 0 0 
->
1 -2 -6 0 0
: hits 1, misses 0 
3 0 0 0 0 
1 -2 -6 0 0
0 0 -3 0 0 
1 -2 -6 0 0
3 0 0 0 0 
1 -2 -6 0 0
3 0 0 0 0 
1 -2 -6 0 0
->
3 0 0 0 0 
: hits 1, misses 0 
1 -2 -6 0 0
3 0 0 0 0 
1 -2 -6 0 0
3 0 0 0 0 
1 -2 -6 0 0
3 0 0 0 0 
1 -2 -6 0 0
3 0 0 0 0 
->
0 -2 -6 0 0
: hits 17, misses 3 
3 0 0 0 0 
1 -2 -6 0 0
3 0 0 0 0 
0 -2 -6 0 0
->
3 0 0 0 0 
: hits 86, misses 2 
3 0 0 0 0 
->
0 -2 -7 0 0
: hits 3, misses 0 
0 0 -3 0 0 
->
0 -2 -7 0 0
: hits 8, misses 1 
0 -2 -7 0 0
0 0 -3 0 0 
->
0 -2 -7 0 0
: hits 7, misses 1 
0 0 -3 0 0 
->
-1 -2 -7 0 0
: hits 4, misses 1 
-1 -2 -7 0 0
->
0 0 -3 0 0 
: hits 15, misses 0 
-1 -2 -7 0 0
0 0 -3 0 0 
->
-1 -2 -7 0 0
: hits 2, misses 2 
0 0 -3 0 0 
->
-1 -2 -6 0 0
: hits 1, misses 0 
0 0 -3 0 0 
-1 -2 -6 0 0
->
0 0 -3 0 0 
: hits 15, misses 0 
-1 -2 -7 0 0
0 0 -3 0 0 
-1 -2 -6 0 0
0 0 -3 0 0 
->
0 -2 -6 0 0
: hits 1, misses 0 
0 -2 -6 0 0
0 0 -3 0 0 
0 -2 -6 0 0
0 0 -3 0 0 
0 -2 -6 0 0
0 0 -3 0 0 
0 -2 -6 0 0
0 0 -3 0 0 
->
0 -2 -6 0 0
: hits 61, misses 3 
-1 -2 -7 0 0
0 0 -3 0 0 
-1 -2 -6 0 0
0 0 -3 0 0 
0 -2 -6 0 0
0 0 -3 0 0 
0 -2 -6 0 0
0 0 -3 0 0 
0 -2 -6 0 0
0 0 -3 0 0 
0 -2 -6 0 0
0 0 -3 0 0 
0 -2 -6 0 0
0 0 -3 0 0 
0 -2 -6 0 0
0 0 -3 0 0 
->
0 -2 -5 0 0
: hits 1, misses 0 
0 -2 -6 0 0
0 0 -3 0 0 
0 -2 -6 0 0
0 0 -3 0 0 
0 -2 -5 0 0
0 0 -3 0 0 
0 -2 -5 0 0
0 0 -3 0 0 
->
0 -2 -5 0 0
: hits 20, misses 0 
0 0 -3 0 0 
0 -2 -5 0 0
->
0 0 -3 0 30 
: hits 6, misses 1 
0 -2 -5 0 0
0 0 -3 0 0 
0 -2 -5 0 0
0 0 -3 0 30 
->
0 -2 -4 0 30
: hits 1, misses 1 
0 -2 -5 0 0
0 0 -3 0 0 
0 -2 -5 0 0
0 0 -3 0 30 
0 -2 -4 0 30
0 0 -3 0 30 
0 -2 -4 0 30
0 0 -3 0 30 
->
0 -2 -4 0 30
: hits 1, misses 0 
0 -2 -4 0 30
0 0 -3 0 30 
->
0 -1 -4 0 30
: hits 29, misses 3 
0 -2 -4 0 30
0 0 -3 0 30 
0 -1 -4 0 30
0 0 -3 0 30 
->
0 -1 -4 0 30
: hits 20, misses 4 
0 -1 -4 0 30
0 0 -3 0 30 
->
0 -1 -3 0 30
: hits 45, misses 3 
0 0 -3 0 30 
0 -1 -4 0 30
0 0 -3 0 30 
0 -1 -3 0 30
->
0 0 -3 0 30 
: hits 48, misses 3 
0 0 -3 0 30 
0 -1 -3 0 30
0 0 -3 0 30 
0 -1 -3 0 30
->
0 0 0 0 30 
: hits 4, misses 2 
0 0 0 0 30 
0 -1 -3 0 30
->
0 0 3 0 0 
: hits 1, misses 1 
0 0 0 0 30 
0 -1 -3 0 30
0 0 3 0 0 
0 -1 -3 0 0
->
0 0 3 0 0 
: hits 1, misses 1 
0 -1 -3 0 30
0 0 3 0 0 
0 -1 -3 0 0
0 0 3 0 0 
0 -1 -3 0 0
0 0 3 0 0 
0 -1 -3 0 0
0 0 3 0 0 
->
0 -1 -2 0 0
: hits 1, misses 1 
0 -1 -3 0 0
0 0 3 0 0 
0 -1 -2 0 0
0 0 3 0 0 
->
0 -1 -2 0 0
: hits 10, misses 1 
3 0 0 0 0 
->
3 -2 -5 0 0
: hits 35, misses 0 
3 0 0 0 0 
3 -2 -5 0 0
3 0 0 0 0 
3 -2 -5 0 0
3 0 0 0 0 
->
3 -2 -5 0 0
: hits 15, misses 1 
3 0 0 0 0 
3 -2 -5 0 0
3 0 0 0 0 
3 -2 -5 0 0
3 0 0 0 0 
3 -2 -5 0 0
3 0 0 0 0 
->
2 -2 -5 0 0
: hits 18, misses 3 
2 -2 -5 0 0
3 0 0 0 0 
2 -2 -5 0 0
3 0 0 0 0 
2 -2 -5 0 0
3 0 0 0 0 
2 -2 -5 0 0
3 0 0 0 0 
->
2 -2 -5 0 0
: hits 21, misses 4 
2 -2 -5 0 0
3 0 0 0 0 
->
1 -2 -5 0 0
: hits 4, misses 1 
2 -2 -5 0 0
3 0 0 0 0 
1 -2 -5 0 0
3 0 0 0 0 
->
1 -2 -6 0 0
: hits 6, misses 0 
1 -2 -5 0 0
3 0 0 0 0 
1 -2 -6 0 0
3 0 0 0 0 
->
1 -2 -6 0 0
: hits 44, misses 0 
1 -2 -5 0 0
3 0 0 0 0 
1 -2 -6 0 0
3 0 0 0 0 
1 -2 -6 0 0
3 0 0 0 0 
1 -2 -6 0 0
3 0 0 0 0 
->
1 -2 -6 0 0
: hits 24, misses 1 
2 -2 -5 0 0
3 0 0 0 0 
1 -2 -5 0 0
3 0 0 0 0 
1 -2 -6 0 0
3 0 0 0 0 
1 -2 -6 0 0
3 0 0 0 0 
1 -2 -6 0 0
3 0 0 0 0 
1 -2 -6 0 0
3 0 0 0 0 
1 -2 -6 0 0
3 0 0 0 0 
1 -2 -6 0 0
3 0 0 0 0 
->
0 -2 -6 0 0
: hits 3, misses 1 
0 -2 -6 0 0
3 0 0 0 0 
->
0 -2 -7 0 0
: hits 2, misses 1 
3 0 0 0 0 
0 -2 -7 0 0
->
3 0 0 0 0 
: hits 28, misses 1 
3 0 0 0 0 
0 -2 -7 0 0
3 0 0 0 0 
0 -2 -7 0 0
->
0 0 -3 0 0 
: hits 1, misses 0 
0 -2 -7 0 0
3 0 0 0 0 
0 -2 -7 0 0
0 0 -3 0 0 
->
0 -2 -7 0 0
: hits 1, misses 0 
0 -2 -7 0 0
0 0 -3 0 0 
0 -2 -7 0 0
0 0 -3 0 0 
->
0 -2 -7 0 0
: hits 1, misses 1 
0 0 -3 0 0 
->
-1 -1 -7 0 0
: hits 10, misses 0 
-1 -1 -7 0 0
0 0 -3 0 0 
->
-1 -1 -7 0 0
: hits 9, misses 3 
0 0 -3 0 0 
->
-1 -1 -6 0 0
: hits 13, misses 0 
-1 -1 -6 0 0
0 0 -3 0 0 
->
-1 -1 -6 0 0
: hits 12, misses 2 
0 0 -3 0 0 
->
0 -1 -6 0 0
: hits 4, misses 0 
0 -1 -6 0 0
0 0 -3 0 0 
->
0 -1 -6 0 0
: hits 3, misses 2 
0 0 -3 0 0 
->
0 -1 -5 0 0
: hits 11, misses 0 
0 -1 -5 0 0
->
0 0 -3 0 0 
: hits 101, misses 1 
0 -1 -5 0 0
0 0 -3 0 0 
->
0 -1 -5 0 0
: hits 9, misses 2 
0 0 -3 0 0 
0 -1 -5 0 0
->
0 0 -3 0 0 
: hits 94, misses 1 
0 0 -3 0 0 
->
0 -1 -4 0 0
: hits 7, misses 0 
0 -1 -4 0 0
0 0 -3 0 0 
->
0 -1 -4 0 0
: hits 6, misses 2 
0 -1 -4 0 0
0 0 -3 0 0 
->
0 -1 -3 0 0
: hits 10, misses 2 
0 -1 -3 0 0
->
0 0 -3 0 0 
: hits 4, misses 1 
0 0 -3 0 0 
0 -1 -3 0 0
->
0 0 -3 0 0 
: hits 3, misses 1 
0 0 -3 0 0 
0 -1 -3 0 0
0 0 -3 0 0 
0 -1 -3 0 0
->
0 0 3 0 0 
: hits 2, misses 1 
0 -1 -3 0 0
0 0 -3 0 0 
0 -1 -3 0 0
0 0 -3 0 0 
0 -1 -3 0 0
0 0 3 0 0 
0 -1 -3 0 0
0 0 3 0 0 
->
0 -1 -3 0 0
: hits 7, misses 0 
0 -1 -3 0 0
0 0 3 0 0 
0 -1 -3 0 0
0 0 3 0 0 
0 -1 -3 0 0
0 0 3 0 0 
0 -1 -3 0 0
0 0 3 0 0 
->
0 -1 -3 0 0
: hits 67, misses 1 
0 0 3 0 0 
0 -1 -3 0 0
->
0 0 0 0 30 
: hits 1, misses 1 
0 -1 -3 0 0
0 0 3 0 0 
0 -1 -3 0 0
0 0 0 0 30 
->
0 -1 -3 0 30
: hits 1, misses 2 
0 0 3 0 0 
0 -1 -3 0 0
0 0 0 0 30 
0 -1 -3 0 30
->
0 0 -3 0 30 
: hits 1, misses 0 
0 -1 -3 0 30
0 0 -3 0 30 
->
0 -1 -4 0 30
: hits 21, misses 1 
0 -1 -3 0 30
0 0 -3 0 30 
0 -1 -4 0 30
0 0 -3 0 30 
->
0 -1 -4 0 30
: hits 14, misses 2 
0 0 -3 0 30 
->
-1 -1 -4 0 30
: hits 18, misses 0 
-1 -1 -4 0 30
->
0 0 -3 0 30 
: hits 26, misses 2 
-1 -1 -4 0 30
0 0 -3 0 30 
->
-1 -1 -4 0 30
: hits 16, misses 1 
-1 -1 -4 0 30
0 0 -3 0 30 
->
0 -1 -4 0 30
: hits 2, misses 1 
-1 -1 -4 0 30
0 0 -3 0 30 
0 -1 -4 0 30
0 0 -3 0 30 
->
0 -1 -3 0 30
: hits 2, misses 1 
0 0 -3 0 30 
-1 -1 -4 0 30
0 0 -3 0 30 
-1 -1 -4 0 30
0 0 -3 0 30 
0 -1 -4 0 30
0 0 -3 0 30 
0 -1 -3 0 30
->
0 0 -3 0 30 
: hits 2, misses 0 
0 0 -3 0 30 
0 -1 -3 0 30
->
0 0 0 0 0 
: hits 5, misses 1 
0 -1 -3 0 30
0 0 0 0 0 
->
0 -1 -3 0 0
: hits 12, misses 2 
0 -1 -3 0 30
0 0 -3 0 30 
0 -1 -3 0 30
0 0 0 0 0 
0 -1 -3 0 0
0 0 3 0 0 
0 -1 -3 0 0
0 0 3 0 0 
->
0 -1 -3 0 0
: hits 8, misses 1 
0 0 3 0 0 
0 -1 -3 0 0
0 0 3 0 0 
0 -1 -3 0 0
->
0 0 3 0 0 
: hits 64, misses 3 
0 0 3 0 0 
->
3 -2 -5 0 0
: hits 2, misses 0 
3 -2 -5 0 0
->
0 0 3 0 0 
: hits 1, misses 1 
3 -2 -5 0 0
0 0 3 0 0 
->
3 -2 -5 0 0
: hits 1, misses 0 
0 0 3 0 0 
3 -2 -5 0 0
->
3 0 0 0 0 
: hits 1, misses 0 
3 -2 -5 0 0
0 0 3 0 0 
3 -2 -5 0 0
3 0 0 0 0 
->
3 -2 -5 0 0
: hits 1, misses 0 
3 -2 -5 0 0
0 0 3 0 0 
3 -2 -5 0 0
3 0 0 0 0 
3 -2 -5 0 0
3 0 0 0 0 
3 -2 -5 0 0
3 0 0 0 0 
3 -2 -5 0 0
3 0 0 0 0 
->
3 -2 -5 0 0
: hits 1, misses 0 
3 -2 -5 0 0
3 0 0 0 0 
3 -2 -5 0 0
3 0 0 0 0 
3 -2 -5 0 0
3 0 0 0 0 
3 -2 -5 0 0
3 0 0 0 0 
3 -2 -5 0 0
3 0 0 0 0 
->
3 -2 -5 0 0
: hits 3, misses 2 
3 -2 -5 0 0
3 0 0 0 0 
3 -2 -5 0 0
3 0 0 0 0 
3 -2 -5 0 0
3 0 0 0 0 
3 -2 -5 0 0
3 0 0 0 0 
3 -2 -5 0 0
3 0 0 0 0 
3 -2 -5 0 0
3 0 0 0 0 
3 -2 -5 0 0
3 0 0 0 0 
->
2 -2 -5 0 0
: hits 3, misses 0 
3 -2 -5 0 0
3 0 0 0 0 
3 -2 -5 0 0
3 0 0 0 0 
3 -2 -5 0 0
3 0 0 0 0 
3 -2 -5 0 0
3 0 0 0 0 
3 -2 -5 0 0
3 0 0 0 0 
2 -2 -5 0 0
3 0 0 0 0 
2 -2 -5 0 0
3 0 0 0 0 
2 -2 -5 0 0
3 0 0 0 0 
->
2 -2 -6 0 0
: hits 1, misses 1 
2 -2 -5 0 0
3 0 0 0 0 
2 -2 -5 0 0
3 0 0 0 0 
2 -2 -6 0 0
3 0 0 0 0 
2 -2 -6 0 0
3 0 0 0 0 
->
2 -2 -6 0 0
: hits 5, misses 3 
2 -2 -6 0 0
3 0 0 0 0 
1 -2 -6 0 0
3 0 0 0 0 
1 -2 -6 0 0
3 0 0 0 0 
1 -2 -6 0 0
3 0 0 0 0 
->
1 -2 -6 0 0
: hits 25, misses 2 
2 -2 -6 0 0
3 0 0 0 0 
2 -2 -6 0 0
3 0 0 0 0 
2 -2 -6 0 0
3 0 0 0 0 
1 -2 -6 0 0
3 0 0 0 0 
1 -2 -6 0 0
3 0 0 0 0 
1 -2 -6 0 0
3 0 0 0 0 
1 -2 -6 0 0
3 0 0 0 0 
1 -2 -6 0 0
3 0 0 0 0 
->
0 -2 -6 0 0
: hits 2, misses 2 
3 0 0 0 0 
0 -2 -6 0 0
->
0 0 0 0 0 
: hits 5, misses 1 
0 0 0 0 0 
->
0 -2 -6 0 0
: hits 3, misses 1 
1 -2 -6 0 0
3 0 0 0 0 
1 -2 -6 0 0
3 0 0 0 0 
1 -2 -6 0 0
3 0 0 0 0 
0 -2 -6 0 0
0 0 0 0 0 
0 -2 -6 0 0
0 0 -3 0 0 
0 -2 -6 0 0
0 0 -3 0 0 
0 -2 -6 0 0
0 0 -3 0 0 
0 -2 -6 0 0
0 0 -3 0 0 
->
0 -2 -6 0 0
: hits 1, misses 0 
0 -2 -6 0 0
0 0 -3 0 0 
0 -2 -6 0 0
0 0 -3 0 0 
0 -2 -6 0 0
0 0 -3 0 0 
0 -2 -6 0 0
0 0 -3 0 0 
0 -2 -6 0 0
0 0 -3 0 0 
0 -2 -6 0 0
0 0 -3 0 0 
0 -2 -6 0 0
0 0 -3 0 0 
0 -2 -6 0 0
0 0 -3 0 0 
->
0 -2 -5 0 0
: hits 12, misses 8 
0 -2 -5 0 0
0 0 -3 0 0 
0 -2 -5 0 0
0 0 -3 0 0 
0 -2 -5 0 0
0 0 -3 0 0 
0 -2 -5 0 0
0 0 -3 0 0 
->
0 -2 -5 0 0
: hits 48, misses 2 
0 0 -3 0 0 
0 -2 -5 0 0
0 0 -3 0 0 
0 -2 -5 0 0
->
3 0 0 0 0 
: hits 4, misses 1 
0 -2 -5 0 0
3 0 0 0 0 
->
0 -2 -5 0 0
: hits 22, misses 2 
0 0 -3 0 0 
0 -2 -5 0 0
3 0 0 0 0 
0 -2 -5 0 0
->
3 0 0 0 0 
: hits 4, misses 1 
0 -2 -5 0 0
3 0 0 0 0 
0 -2 -5 0 0
3 0 0 0 0 
->
0 -2 -5 0 0
: hits 14, misses 1 
3 0 0 0 0 
0 -2 -5 0 0
3 0 0 0 0 
0 -2 -5 0 0
->
3 0 0 0 0 
: hits 12, misses 3 
3 0 0 0 0 
0 -2 -5 0 0
3 0 0 0 0 
0 -2 -5 0 0
->
0 0 -3 0 0 
: hits 4, misses 1 
3 0 0 0 0 
0 -2 -5 0 0
0 0 -3 0 0 
0 -2 -4 0 0
->
3 0 0 0 0 
: hits 1, misses 2 
3 0 0 0 0 
0 -2 -5 0 0
3 0 0 0 0 
0 -2 -5 0 0
->
0 0 0 0 0 
: hits 1, misses 1 
0 0 0 0 0 
->
0 -2 -5 0 0
: hits 4, misses 1 
0 0 0 0 0 
0 -2 -5 0 0
->
3 0 0 0 0 
: hits 4, misses 1 
0 0 0 0 0 
0 -2 -5 0 0
3 0 0 0 0 
0 -2 -5 0 0
->
0 0 -3 0 0 
: hits 1, misses 0 
0 -2 -5 0 0
3 0 0 0 0 
0 -2 -5 0 0
0 0 -3 0 0 
->
0 -2 -5 0 0
: hits 4, misses 0 
3 0 0 0 0 
0 -2 -5 0 0
0 0 -3 0 0 
0 -2 -5 0 0
->
0 0 -3 0 0 
: hits 4, misses 0 
0 0 -3 0 0 
0 -2 -5 0 0
0 0 -3 0 0 
0 -2 -5 0 0
->
0 0 -3 0 0 
: hits 73, misses 2 
0 -2 -5 0 0
0 0 -3 0 0 
0 -2 -5 0 0
0 0 -3 0 0 
0 -2 -5 0 0
0 0 -3 0 0 
0 -2 -5 0 0
0 0 -3 0 0 
->
0 -2 -4 0 0
: hits 10, misses 1 
0 0 -3 0 0 
0 -2 -5 0 0
0 0 -3 0 0 
0 -2 -4 0 0
0 0 -3 0 0 
0 -2 -4 0 0
0 0 -3 0 0 
0 -2 -4 0 0
->
0 0 -3 0 0 
: hits 6, misses 3 
0 0 -3 0 0 
0 -2 -4 0 0
0 0 -3 0 0 
0 -2 -4 0 0
->
0 0 -3 0 30 
: hits 5, misses 1 
0 -2 -4 0 0
0 0 -3 0 0 
0 -2 -4 0 0
0 0 -3 0 30 
->
0 -2 -4 0 30
: hits 5, misses 1 
0 0 -3 0 0 
0 -2 -4 0 0
0 0 -3 0 30 
0 -2 -4 0 30
->
3 0 0 0 30 
: hits 1, misses 1 
0 -2 -4 0 0
0 0 -3 0 30 
0 -2 -4 0 30
3 0 0 0 30 
->
0 -2 -4 0 30
: hits 2, misses 1 
0 0 -3 0 30 
0 -2 -4 0 30
3 0 0 0 30 
0 -2 -4 0 30
->
0 0 -3 0 30 
: hits 1, misses 1 
0 -2 -4 0 0
0 0 -3 0 30 
0 -2 -4 0 30
3 0 0 0 30 
0 -2 -4 0 30
0 0 -3 0 30 
0 -2 -4 0 30
0 0 -3 0 30 
->
0 -2 -4 0 30
: hits 1, misses 0 
0 -2 -4 0 30
3 0 0 0 30 
0 -2 -4 0 30
0 0 -3 0 30 
0 -2 -4 0 30
0 0 -3 0 30 
0 -2 -4 0 30
0 0 -3 0 30 
->
0 -1 -4 0 30
: hits 1, misses 1 
0 0 -3 0 30 
0 -2 -4 0 30
0 0 -3 0 30 
0 -1 -4 0 30
->
3 0 0 0 30 
: hits 5, misses 1 
0 -1 -4 0 30
3 0 0 0 30 
->
0 -1 -4 0 30
: hits 8, misses 3 
0 0 -3 0 30 
0 -1 -4 0 30
3 0 0 0 30 
0 -1 -4 0 30
->
3 0 0 0 30 
: hits 3, misses 0 
3 0 0 0 30 
0 -1 -4 0 30
3 0 0 0 30 
0 -1 -4 0 30
->
0 0 0 0 30 
: hits 1, misses 2 
0 0 0 0 30 
->
0 -1 -4 0 30
: hits 3, misses 1 
0 -1 -4 0 30
0 0 -3 0 30 
0 -1 -4 0 30
0 0 -3 0 30 
->
0 -1 -3 0 30
: hits 10, misses 3 
0 0 -3 0 30 
0 -1 -3 0 30
0 0 -3 0 30 
0 -1 -3 0 30
0 0 -3 0 30 
0 -1 -3 0 30
0 0 -3 0 30 
0 -1 -3 0 30
->
0 0 0 0 30 
: hits 3, misses 2 
0 -1 -3 0 30
0 0 -3 0 30 
0 -1 -3 0 30
0 0 0 0 30 
->
0 -1 -3 0 30
: hits 3, misses 2 
0 0 -3 0 30 
0 -1 -3 0 30
0 0 0 0 30 
0 -1 -3 0 30
->
0 0 0 0 30 
: hits 1, misses 1 
0 0 0 0 30 
0 -1 -3 0 30
->
3 0 0 0 0 
: hits 1, misses 1 
0 -1 -3 0 30
3 0 0 0 0 
->
0 -1 -3 0 0
: hits 21, misses 1 
0 -1 -3 0 30
0 0 0 0 30 
0 -1 -3 0 30
0 0 0 0 30 
0 -1 -3 0 30
3 0 0 0 0 
0 -1 -3 0 0
3 0 0 0 0 
->
0 -1 -3 0 0
: hits 3, misses 0 
3 0 0 0 0 
0 -1 -3 0 0
->
0 0 3 0 0 
: hits 1, misses 1 
0 0 3 0 0 
0 -1 -3 0 0
->
3 0 0 0 0 
: hits 5, misses 1 
3 -2 -5 0 0
3 0 0 0 0 
3 -2 -5 0 0
3 0 0 0 0 
3 -2 -5 0 0
3 0 0 0 0 
2 -2 -5 0 0
3 0 0 0 0 
2 -2 -5 0 0
3 0 0 0 0 
2 -2 -5 0 0
3 0 0 0 0 
2 -2 -5 0 0
3 0 0 0 0 
2 -2 -6 0 0
3 0 0 0 0 
->
2 -2 -5 0 0
: hits 4, misses 3 
3 -2 -5 0 0
3 0 0 0 0 
3 -2 -5 0 0
3 0 0 0 0 
2 -2 -5 0 0
3 0 0 0 0 
2 -2 -5 0 0
3 0 0 0 0 
2 -2 -5 0 0
3 0 0 0 0 
2 -2 -5 0 0
3 0 0 0 0 
2 -2 -6 0 0
3 0 0 0 0 
2 -2 -5 0 0
3 0 0 0 0 
->
2 -2 -6 0 0
: hits 1, misses 1 
2 -2 -5 0 0
3 0 0 0 0 
2 -2 -5 0 0
3 0 0 0 0 
2 -2 -6 0 0
3 0 0 0 0 
2 -2 -5 0 0
3 0 0 0 0 
2 -2 -6 0 0
3 0 0 0 0 
1 -2 -6 0 0
3 0 0 0 0 
1 -2 -6 0 0
3 0 0 0 0 
1 -2 -6 0 0
3 0 0 0 0 
->
1 -2 -6 0 0
: hits 3, misses 0 
3 0 0 0 0 
1 -2 -6 0 0
3 0 0 0 0 
1 -2 -6 0 0
3 0 0 0 0 
1 -2 -6 0 0
3 0 0 0 0 
1 -2 -6 0 0
->
0 0 -3 0 0 
: hits 2, misses 3 
1 -2 -6 0 0
0 0 -3 0 0 
0 -2 -6 0 0
0 0 -3 0 0 
0 -2 -6 0 0
0 0 -3 0 0 
0 -2 -6 0 0
0 0 -3 0 0 
0 -2 -6 0 0
0 0 -3 0 0 
0 -2 -6 0 0
0 0 -3 0 0 
0 -2 -6 0 0
0 0 -3 0 0 
0 -2 -6 0 0
0 0 -3 0 0 
->
0 -2 -6 0 0
: hits 16, misses 3 
2 -2 -5 0 0
3 0 0 0 0 
2 -2 -6 0 0
3 0 0 0 0 
1 -2 -6 0 0
3 0 0 0 0 
1 -2 -6 0 0
3 0 0 0 0 
1 -2 -6 0 0
3 0 0 0 0 
1 -2 -6 0 0
3 0 0 0 0 
1 -2 -6 0 0
0 0 -3 0 0 
0 -2 -6 0 0
0 0 -3 0 0 
0 -2 -6 0 0
0 0 -3 0 0 
0 -2 -6 0 0
0 0 -3 0 0 
0 -2 -6 0 0
0 0 -3 0 0 
0 -2 -6 0 0
0 0 -3 0 0 
0 -2 -6 0 0
0 0 -3 0 0 
0 -2 -6 0 0
0 0 -3 0 0 
0 -2 -6 0 0
0 0 -3 0 0 
0 -2 -6 0 0
0 0 -3 0 0 
->
0 -2 -5 0 0
: hits 1, misses 0 
0 -2 -6 0 0
0 0 -3 0 0 
0 -2 -6 0 0
0 0 -3 0 0 
0 -2 -6 0 0
0 0 -3 0 0 
0 -2 -6 0 0
0 0 -3 0 0 
0 -2 -5 0 0
0 0 -3 0 0 
0 -2 -5 0 0
0 0 -3 0 0 
0 -2 -5 0 0
0 0 -3 0 0 
0 -2 -5 0 0
0 0 -3 0 0 
->
0 -2 -5 0 0
: hits 13, misses 0 
0 0 -3 0 0 
0 -2 -5 0 0
0 0 -3 0 0 
0 -2 -5 0 0
0 0 -3 0 0 
0 -2 -5 0 0
0 0 -3 0 0 
0 -2 -5 0 0
->
3 0 0 0 0 
: hits 2, misses 2 
0 0 -3 0 0 
0 -2 -5 0 0
0 0 -3 0 0 
0 -2 -5 0 0
3 0 0 0 0 
0 -2 -5 0 0
3 0 0 0 0 
0 -2 -5 0 0
->
3 0 0 0 0 
: hits 2, misses 0 
0 -2 -5 0 0
3 0 0 0 0 
0 -2 -5 0 0
3 0 0 0 0 
0 -2 -5 0 0
3 0 0 0 0 
0 -2 -5 0 0
3 0 0 0 0 
->
0 -2 -4 0 0
: hits 2, misses 1 
0 -2 -4 0 0
3 0 0 0 0 
0 -2 -4 0 0
3 0 0 0 0 
->
0 -2 -4 0 0
: hits 15, misses 0 
3 0 0 0 0 
0 -2 -4 0 0
3 0 0 0 0 
0 -2 -4 0 0
3 0 0 0 0 
0 -2 -4 0 0
3 0 0 0 0 
0 -2 -4 0 0
->
0 0 -3 0 0 
: hits 1, misses 1 
0 -2 -4 0 0
3 0 0 0 0 
0 -2 -4 0 0
0 0 -3 0 0 
->
0 -2 -4 0 0
: hits 3, misses 1 
0 0 -3 0 0 
0 -2 -4 0 0
->
0 0 0 0 0 
: hits 3, misses 1 
0 -2 -4 0 0
0 0 0 0 0 
->
0 -2 -5 0 0
: hits 3, misses 1 
0 0 0 0 0 
0 -2 -5 0 0
->
0 0 0 0 0 
: hits 5, misses 2 
0 0 0 0 0 
0 -2 -5 0 0
0 0 0 0 0 
0 -2 -5 0 0
->
0 0 -3 0 0 
: hits 1, misses 1 
0 -2 -5 0 0
0 0 0 0 0 
0 -2 -5 0 0
0 0 -3 0 0 
->
0 -2 -5 0 0
: hits 1, misses 0 
0 0 0 0 0 
0 -2 -5 0 0
0 0 -3 0 0 
0 -2 -5 0 0
->
0 0 -3 0 0 
: hits 1, misses 0 
0 0 0 0 0 
0 -2 -5 0 0
0 0 0 0 0 
0 -2 -5 0 0
0 0 -3 0 0 
0 -2 -5 0 0
0 0 -3 0 0 
0 -2 -5 0 0
->
3 0 0 0 0 
: hits 1, misses 0 
0 -2 -5 0 0
0 0 -3 0 0 
0 -2 -5 0 0
3 0 0 0 0 
->
0 -2 -5 0 0
: hits 2, misses 2 
0 0 -3 0 0 
0 -2 -5 0 0
3 0 0 0 0 
0 -2 -5 0 0
->
0 0 0 0 0 
: hits 1, misses 1 
3 0 0 0 0 
0 -2 -5 0 0
0 0 0 0 0 
0 -2 -5 0 0
->
0 0 0 0 0 
: hits 1, misses 0 
0 -2 -5 0 0
0 0 0 0 0 
->
0 -2 -4 0 0
: hits 6, misses 1 
0 0 0 0 0 
0 -2 -5 0 0
0 0 0 0 0 
0 -2 -4 0 0
->
0 0 0 0 0 
: hits 2, misses 2 
0 0 0 0 0 
0 -2 -4 0 0
0 0 0 0 0 
0 -2 -4 0 0
->
3 0 0 0 0 
: hits 1, misses 1 
0 -2 -4 0 0
0 0 0 0 0 
0 -2 -4 0 0
3 0 0 0 0 
->
0 -2 -4 0 0
: hits 2, misses 1 
0 0 0 0 0 
0 -2 -4 0 0
3 0 0 0 0 
0 -2 -4 0 0
->
0 0 -3 0 0 
: hits 1, misses 1 
0 0 0 0 0 
0 -2 -4 0 0
0 0 0 0 0 
0 -2 -4 0 0
3 0 0 0 0 
0 -2 -4 0 0
0 0 -3 0 0 
0 -2 -4 0 0
->
0 0 -3 0 0 
: hits 1, misses 0 
0 -2 -4 0 0
0 0 0 0 0 
0 -2 -4 0 0
3 0 0 0 0 
0 -2 -4 0 0
0 0 -3 0 0 
0 -2 -4 0 0
0 0 -3 0 0 
->
0 -2 -4 0 0
: hits 1, misses 0 
0 0 0 0 0 
0 -2 -4 0 0
3 0 0 0 0 
0 -2 -4 0 0
0 0 -3 0 0 
0 -2 -4 0 0
0 0 -3 0 0 
0 -2 -4 0 0
->
0 0 -3 0 0 
: hits 1, misses 0 
0 0 -3 0 0 
0 -2 -4 0 0
0 0 -3 0 0 
0 -2 -4 0 0
->
0 0 0 0 0 
: hits 1, misses 1 
0 0 -3 0 0 
0 -2 -4 0 0
0 0 -3 0 0 
0 -2 -4 0 0
0 0 0 0 0 
0 -2 -4 0 0
0 0 0 0 0 
0 -2 -4 0 0
->
0 0 0 0 0 
: hits 1, misses 0 
0 0 0 0 0 
0 -2 -4 0 0
->
3 0 0 0 30 
: hits 1, misses 1 
0 -2 -4 0 0
0 0 0 0 0 
0 -2 -4 0 0
3 0 0 0 30 
->
0 -2 -4 0 30
: hits 1, misses 0 
0 0 0 0 0 
0 -2 -4 0 0
3 0 0 0 30 
0 -2 -4 0 30
->
0 0 -3 0 30 
: hits 1, misses 0 
0 -2 -4 0 0
3 0 0 0 30 
0 -2 -4 0 30
0 0 -3 0 30 
0 -2 -4 0 30
0 0 -3 0 30 
0 -2 -4 0 30
0 0 -3 0 30 
->
0 -2 -4 0 30
: hits 1, misses 0 
0 -2 -4 0 30
0 0 -3 0 30 
0 -2 -4 0 30
0 0 -3 0 30 
0 -2 -4 0 30
0 0 -3 0 30 
0 -2 -4 0 30
0 0 -3 0 30 
->
0 -1 -4 0 30
: hits 3, misses 2 
0 0 -3 0 30 
0 -2 -4 0 30
0 0 -3 0 30 
0 -1 -4 0 30
->
0 0 -3 0 30 
: hits 23, misses 2 
0 -2 -4 0 30
0 0 -3 0 30 
0 -2 -4 0 30
0 0 -3 0 30 
0 -1 -4 0 30
0 0 -3 0 30 
0 -1 -4 0 30
0 0 -3 0 30 
->
0 -1 -4 0 30
: hits 2, misses 1 
0 -1 -4 0 30
0 0 -3 0 30 
0 -1 -4 0 30
0 0 -3 0 30 
0 -1 -4 0 30
0 0 -3 0 30 
0 -1 -4 0 30
0 0 -3 0 30 
->
0 -1 -3 0 30
: hits 6, misses 3 
0 0 -3 0 30 
0 -1 -4 0 30
0 0 -3 0 30 
0 -1 -3 0 30
0 0 -3 0 30 
0 -1 -3 0 30
0 0 -3 0 30 
0 -1 -3 0 30
->
0 0 -3 0 30 
: hits 8, misses 3 
0 0 -3 0 30 
0 -1 -3 0 30
0 0 -3 0 30 
0 -1 -3 0 30
->
0 0 0 0 0 
: hits 4, misses 2 
0 -1 -3 0 30
0 0 -3 0 30 
0 -1 -3 0 30
0 0 0 0 0 
->
0 -1 -3 0 0
: hits 5, misses 1 
0 0 3 0 0 
0 -1 -3 0 0
->
3 0 0 0 0 
: hits 4, misses 1 
0 -1 -3 0 0
3 0 0 0 0 
0 -1 -3 0 0
3 0 0 0 0 
3 -2 -5 0 0
3 0 0 0 0 
3 -2 -5 0 0
3 0 0 0 0 
3 -2 -5 0 0
3 0 0 0 0 
->
3 -2 -5 0 0
: hits 2, misses 2 
0 -1 -3 0 0
3 0 0 0 0 
3 -2 -5 0 0
3 0 0 0 0 
3 -2 -5 0 0
3 0 0 0 0 
3 -2 -5 0 0
3 0 0 0 0 
3 -2 -5 0 0
3 0 0 0 0 
2 -2 -5 0 0
3 0 0 0 0 
2 -2 -5 0 0
3 0 0 0 0 
2 -2 -5 0 0
3 0 0 0 0 
->
2 -2 -6 0 0
: hits 1, misses 1 
3 -2 -5 0 0
3 0 0 0 0 
3 -2 -5 0 0
3 0 0 0 0 
3 -2 -5 0 0
3 0 0 0 0 
3 -2 -5 0 0
3 0 0 0 0 
2 -2 -5 0 0
3 0 0 0 0 
2 -2 -5 0 0
3 0 0 0 0 
2 -2 -5 0 0
3 0 0 0 0 
2 -2 -6 0 0
3 0 0 0 0 
->
2 -2 -6 0 0
: hits 1, misses 1 
3 -2 -5 0 0
3 0 0 0 0 
3 -2 -5 0 0
3 0 0 0 0 
3 -2 -5 0 0
3 0 0 0 0 
2 -2 -5 0 0
3 0 0 0 0 
2 -2 -5 0 0
3 0 0 0 0 
2 -2 -5 0 0
3 0 0 0 0 
2 -2 -6 0 0
3 0 0 0 0 
2 -2 -6 0 0
3 0 0 0 0 
->
1 -2 -6 0 0
: hits 1, misses 0 
3 0 0 0 0 
2 -2 -6 0 0
3 0 0 0 0 
1 -2 -6 0 0
3 0 0 0 0 
1 -2 -6 0 0
3 0 0 0 0 
1 -2 -6 0 0
->
3 0 0 0 0 
: hits 26, misses 1 
2 -2 -5 0 0
3 0 0 0 0 
2 -2 -6 0 0
3 0 0 0 0 
2 -2 -6 0 0
3 0 0 0 0 
1 -2 -6 0 0
3 0 0 0 0 
1 -2 -6 0 0
3 0 0 0 0 
1 -2 -6 0 0
3 0 0 0 0 
1 -2 -6 0 0
3 0 0 0 0 
1 -2 -6 0 0
3 0 0 0 0 
->
1 -2 -6 0 0
: hits 4, misses 1 
2 -2 -6 0 0
3 0 0 0 0 
2 -2 -6 0 0
3 0 0 0 0 
1 -2 -6 0 0
3 0 0 0 0 
1 -2 -6 0 0
3 0 0 0 0 
1 -2 -6 0 0
3 0 0 0 0 
1 -2 -6 0 0
3 0 0 0 0 
1 -2 -6 0 0
3 0 0 0 0 
1 -2 -6 0 0
3 0 0 0 0 
->
1 -2 -6 0 0
: hits 2, misses 1 
2 -2 -6 0 0
3 0 0 0 0 
1 -2 -6 0 0
3 0 0 0 0 
1 -2 -6 0 0
3 0 0 0 0 
1 -2 -6 0 0
3 0 0 0 0 
1 -2 -6 0 0
3 0 0 0 0 
1 -2 -6 0 0
3 0 0 0 0 
1 -2 -6 0 0
3 0 0 0 0 
1 -2 -6 0 0
3 0 0 0 0 
->
0 -2 -6 0 0
: hits 5, misses 0 
3 0 0 0 0 
1 -2 -6 0 0
3 0 0 0 0 
1 -2 -6 0 0
3 0 0 0 0 
1 -2 -6 0 0
3 0 0 0 0 
0 -2 -6 0 0
->
3 0 0 0 0 
: hits 25, misses 2 
0 -2 -6 0 0
3 0 0 0 0 
0 -2 -6 0 0
3 0 0 0 0 
->
0 -2 -6 0 0
: hits 24, misses 3 
3 0 0 0 0 
1 -2 -6 0 0
3 0 0 0 0 
0 -2 -6 0 0
3 0 0 0 0 
0 -2 -6 0 0
3 0 0 0 0 
0 -2 -6 0 0
->
0 0 -3 0 0 
: hits 5, misses 1 
1 -2 -6 0 0
3 0 0 0 0 
1 -2 -6 0 0
3 0 0 0 0 
1 -2 -6 0 0
3 0 0 0 0 
1 -2 -6 0 0
3 0 0 0 0 
1 -2 -6 0 0
3 0 0 0 0 
1 -2 -6 0 0
3 0 0 0 0 
0 -2 -6 0 0
3 0 0 0 0 
0 -2 -6 0 0
3 0 0 0 0 
0 -2 -6 0 0
0 0 -3 0 0 
0 -2 -6 0 0
0 0 -3 0 0 
0 -2 -6 0 0
0 0 -3 0 0 
0 -2 -6 0 0
0 0 -3 0 0 
0 -2 -6 0 0
0 0 -3 0 0 
0 -2 -6 0 0
0 0 -3 0 0 
0 -2 -6 0 0
0 0 -3 0 0 
0 -2 -6 0 0
0 0 -3 0 0 
->
0 -2 -6 0 0
: hits 1, misses 0 
1 -2 -6 0 0
3 0 0 0 0 
0 -2 -6 0 0
3 0 0 0 0 
0 -2 -6 0 0
3 0 0 0 0 
0 -2 -6 0 0
0 0 -3 0 0 
0 -2 -6 0 0
0 0 -3 0 0 
0 -2 -6 0 0
0 0 -3 0 0 
0 -2 -6 0 0
0 0 -3 0 0 
0 -2 -6 0 0
0 0 -3 0 0 
0 -2 -6 0 0
0 0 -3 0 0 
0 -2 -6 0 0
0 0 -3 0 0 
0 -2 -6 0 0
0 0 -3 0 0 
0 -2 -6 0 0
0 0 -3 0 0 
0 -2 -6 0 0
0 0 -3 0 0 
0 -2 -6 0 0
0 0 -3 0 0 
0 -2 -6 0 0
0 0 -3 0 0 
0 -2 -6 0 0
0 0 -3 0 0 
->
0 -2 -5 0 0
: hits 1, misses 0 
0 0 -3 0 0 
0 -2 -6 0 0
0 0 -3 0 0 
0 -2 -5 0 0
0 0 -3 0 0 
0 -2 -5 0 0
0 0 -3 0 0 
0 -2 -5 0 0
->
0 0 -3 0 0 
: hits 45, misses 3 
0 0 -3 0 0 
0 -2 -5 0 0
0 0 -3 0 0 
0 -2 -5 0 0
->
0 0 0 0 0 
: hits 1, misses 1 
0 0 -3 0 0 
0 -2 -5 0 0
0 0 0 0 0 
0 -2 -4 0 0
->
3 0 0 0 0 
: hits 1, misses 0 
0 0 0 0 0 
0 -2 -4 0 0
3 0 0 0 0 
0 -2 -4 0 0
->
3 0 0 0 0 
: hits 1, misses 0 
0 0 0 0 0 
0 -2 -4 0 0
3 0 0 0 0 
0 -2 -4 0 0
3 0 0 0 0 
0 -2 -4 0 0
3 0 0 0 0 
0 -2 -4 0 0
->
0 0 -3 0 0 
: hits 1, misses 0 
3 0 0 0 0 
0 -2 -4 0 0
3 0 0 0 0 
0 -2 -4 0 0
0 0 -3 0 0 
0 -2 -4 0 0
0 0 -3 0 0 
0 -2 -4 0 0
->
0 0 -3 0 0 
: hits 1, misses 0 
0 0 0 0 0 
0 -2 -4 0 0
3 0 0 0 0 
0 -2 -4 0 0
3 0 0 0 0 
0 -2 -4 0 0
3 0 0 0 0 
0 -2 -4 0 0
0 0 -3 0 0 
0 -2 -4 0 0
0 0 -3 0 0 
0 -2 -4 0 0
0 0 -3 0 0 
0 -2 -4 0 0
0 0 -3 0 0 
0 -2 -4 0 0
->
0 0 -3 0 0 
: hits 1, misses 0 
0 0 -3 0 0 
0 -2 -4 0 0
0 0 -3 0 0 
0 -2 -4 0 0
0 0 -3 0 0 
0 -2 -4 0 0
0 0 -3 0 0 
0 -2 -4 0 0
->
0 0 -3 0 30 
: hits 3, misses 1 
0 -2 -4 0 0
0 0 -3 0 0 
0 -2 -4 0 0
0 0 -3 0 0 
0 -2 -4 0 0
0 0 -3 0 0 
0 -2 -4 0 0
0 0 -3 0 30 
->
0 -2 -4 0 30
: hits 3, misses 0 
0 0 -3 0 0 
0 -2 -4 0 0
0 0 -3 0 30 
0 -2 -4 0 30
->
0 0 -3 0 30 
: hits 4, misses 0 
0 0 -3 0 0 
0 -2 -4 0 0
0 0 -3 0 0 
0 -2 -4 0 0
0 0 -3 0 30 
0 -2 -4 0 30
0 0 -3 0 30 
0 -2 -4 0 30
->
3 0 0 0 30 
: hits 2, misses 1 
0 -2 -4 0 30
0 0 -3 0 30 
0 -2 -4 0 30
3 0 0 0 30 
->
0 -1 -4 0 30
: hits 2, misses 1 
0 0 -3 0 30 
0 -2 -4 0 30
3 0 0 0 30 
0 -1 -4 0 30
->
0 0 0 0 30 
: hits 1, misses 1 
0 -1 -4 0 30
0 0 0 0 30 
->
0 -1 -4 0 30
: hits 2, misses 1 
3 0 0 0 30 
0 -1 -4 0 30
0 0 0 0 30 
0 -1 -4 0 30
->
0 0 0 0 30 
: hits 1, misses 1 
0 0 0 0 30 
0 -1 -4 0 30
0 0 0 0 30 
0 -1 -4 0 30
->
3 0 0 0 30 
: hits 1, misses 0 
0 0 0 0 30 
0 -1 -4 0 30
3 0 0 0 30 
0 -1 -4 0 30
->
0 0 0 0 30 
: hits 1, misses 0 
0 -1 -4 0 30
3 0 0 0 30 
0 -1 -4 0 30
0 0 0 0 30 
->
0 -1 -3 0 30
: hits 1, misses 0 
3 0 0 0 30 
0 -1 -4 0 30
0 0 0 0 30 
0 -1 -3 0 30
->
0 0 -3 0 30 
: hits 1, misses 0 
0 -1 -4 0 30
0 0 0 0 30 
0 -1 -3 0 30
0 0 -3 0 30 
->
0 -1 -3 0 30
: hits 1, misses 0 
0 0 0 0 30 
0 -1 -3 0 30
0 0 -3 0 30 
0 -1 -3 0 30
->
3 0 0 0 30 
: hits 1, misses 0 
0 -1 -3 0 30
0 0 -3 0 30 
0 -1 -3 0 30
3 0 0 0 30 
->
0 -1 -3 0 30
: hits 1, misses 1 
3 0 0 0 30 
0 -1 -3 0 30
->
3 0 0 0 30 
: hits 6, misses 1 
0 -1 -3 0 30
3 0 0 0 30 
0 -1 -3 0 30
3 0 0 0 30 
->
0 -1 -3 0 30
: hits 3, misses 0 
0 -1 -3 0 30
->
0 3 0 0 30 
: hits 3, misses 0 
0 3 0 0 30 
0 -1 -3 0 30
->
0 0 0 0 30 
: hits 1, misses 1 
0 -1 -3 0 30
0 3 0 0 30 
0 -1 -3 0 30
0 0 0 0 30 
->
0 -1 -3 0 30
: hits 1, misses 0 
0 0 0 0 30 
0 -1 -3 0 30
->
0 3 0 0 30 
: hits 1, misses 0 
0 3 0 0 30 
->
0 -1 -3 0 30
: hits 2, misses 1 
0 3 0 0 30 
0 -1 -3 0 30
->
0 3 0 0 30 
: hits 1, misses 1 
0 3 0 0 30 
0 -1 -3 0 30
->
0 0 -3 0 30 
: hits 1, misses 0 
0 3 0 0 30 
0 -1 -3 0 30
0 3 0 0 30 
0 -1 -3 0 30
0 0 -3 0 30 
0 -1 -3 0 30
0 0 -3 0 30 
0 -1 -3 0 30
->
0 0 -3 0 30 
: hits 1, misses 0 
0 -1 -3 0 30
0 3 0 0 30 
0 -1 -3 0 30
0 0 -3 0 30 
0 -1 -3 0 30
0 0 -3 0 30 
0 -1 -3 0 30
0 0 -3 0 30 
->
0 -1 -4 0 30
: hits 1, misses 1 
0 0 -3 0 30 
0 -1 -3 0 30
0 0 -3 0 30 
0 -1 -4 0 30
->
0 0 -3 0 30 
: hits 24, misses 1 
0 -1 -3 0 30
0 0 -3 0 30 
0 -1 -3 0 30
0 0 -3 0 30 
0 -1 -3 0 30
0 0 -3 0 30 
0 -1 -4 0 30
0 0 -3 0 30 
->
0 -1 -4 0 30
: hits 1, misses 2 
0 -1 -3 0 30
0 0 -3 0 30 
0 -1 -3 0 30
0 0 -3 0 30 
0 -1 -4 0 30
0 0 -3 0 30 
0 -1 -4 0 30
0 0 -3 0 30 
->
0 -1 -3 0 30
: hits 1, misses 0 
0 0 -3 0 30 
0 -1 -3 0 30
0 0 -3 0 30 
0 -1 -3 0 30
0 0 -3 0 30 
0 -1 -3 0 30
0 0 -3 0 30 
0 -1 -3 0 30
->
0 0 0 0 0 
: hits 3, misses 2 
0 0 3 0 0 
0 -1 -3 0 0
->
3 0 0 0 0 
: hits 3, misses 1 
0 -1 -3 0 0
3 0 0 0 0 
->
0 -1 -2 0 0
: hits 2, misses 1 
0 -1 -3 0 0
3 0 0 0 0 
0 -1 -2 0 0
3 0 0 0 0 
3 -2 -5 0 0
3 0 0 0 0 
3 -2 -5 0 0
3 0 0 0 0 
->
2 -2 -5 0 0
: hits 2, misses 1 
0 -1 -3 0 0
3 0 0 0 0 
0 -1 -2 0 0
3 0 0 0 0 
3 -2 -5 0 0
3 0 0 0 0 
3 -2 -5 0 0
3 0 0 0 0 
2 -2 -5 0 0
3 0 0 0 0 
2 -2 -5 0 0
3 0 0 0 0 
2 -2 -5 0 0
3 0 0 0 0 
2 -2 -5 0 0
3 0 0 0 0 
->
2 -2 -5 0 0
: hits 2, misses 0 
0 0 3 0 0 
0 -1 -3 0 0
3 0 0 0 0 
0 -1 -3 0 0
3 0 0 0 0 
0 -1 -3 0 0
3 0 0 0 0 
0 -1 -2 0 0
3 0 0 0 0 
3 -2 -5 0 0
3 0 0 0 0 
3 -2 -5 0 0
3 0 0 0 0 
2 -2 -5 0 0
3 0 0 0 0 
2 -2 -5 0 0
3 0 0 0 0 
2 -2 -5 0 0
3 0 0 0 0 
2 -2 -5 0 0
3 0 0 0 0 
2 -2 -5 0 0
3 0 0 0 0 
2 -2 -6 0 0
3 0 0 0 0 
->
2 -2 -5 0 0
: hits 1, misses 0 
2 -2 -6 0 0
3 0 0 0 0 
2 -2 -5 0 0
3 0 0 0 0 
->
1 -2 -6 0 0
: hits 3, misses 0 
3 0 0 0 0 
2 -2 -5 0 0
3 0 0 0 0 
1 -2 -6 0 0
3 0 0 0 0 
1 -2 -6 0 0
3 0 0 0 0 
1 -2 -6 0 0
3 0 0 0 0 
1 -2 -6 0 0
3 0 0 0 0 
1 -2 -6 0 0
3 0 0 0 0 
1 -2 -6 0 0
3 0 0 0 0 
1 -2 -6 0 0
->
0 0 -3 0 0 
: hits 1, misses 1 
1 -2 -6 0 0
3 0 0 0 0 
1 -2 -6 0 0
3 0 0 0 0 
1 -2 -6 0 0
3 0 0 0 0 
1 -2 -6 0 0
3 0 0 0 0 
1 -2 -6 0 0
3 0 0 0 0 
1 -2 -6 0 0
0 0 -3 0 0 
0 -2 -6 0 0
0 0 -3 0 0 
0 -2 -6 0 0
0 0 -3 0 0 
0 -2 -6 0 0
0 0 -3 0 0 
0 -2 -6 0 0
0 0 -3 0 0 
0 -2 -6 0 0
0 0 -3 0 0 
0 -2 -6 0 0
0 0 -3 0 0 
0 -2 -6 0 0
0 0 -3 0 0 
0 -2 -6 0 0
0 0 -3 0 0 
0 -2 -6 0 0
0 0 -3 0 0 
0 -2 -6 0 0
0 0 -3 0 0 
->
0 -2 -5 0 0
: hits 1, misses 0 
0 0 -3 0 0 
0 -2 -6 0 0
0 0 -3 0 0 
0 -2 -6 0 0
0 0 -3 0 0 
0 -2 -6 0 0
0 0 -3 0 0 
0 -2 -5 0 0
->
0 0 -3 0 0 
: hits 27, misses 2 
0 -2 -5 0 0
0 0 -3 0 0 
0 -2 -5 0 0
0 0 -3 0 0 
0 -2 -5 0 0
0 0 -3 0 0 
0 -2 -5 0 0
0 0 -3 0 0 
0 -2 -5 0 0
0 0 -3 0 0 
0 -2 -5 0 0
0 0 -3 0 0 
0 -2 -5 0 0
0 0 -3 0 0 
0 -2 -5 0 0
0 0 -3 0 0 
->
0 -2 -4 0 0
: hits 8, misses 3 
0 0 -3 0 0 
0 -2 -5 0 0
0 0 -3 0 0 
0 -2 -5 0 0
0 0 -3 0 0 
0 -2 -5 0 0
0 0 -3 0 0 
0 -2 -4 0 0
->
0 0 -3 0 0 
: hits 32, misses 1 
0 0 -3 0 0 
0 -2 -5 0 0
0 0 -3 0 0 
0 -2 -5 0 0
0 0 -3 0 0 
0 -2 -4 0 0
0 0 -3 0 0 
0 -2 -4 0 0
->
3 0 0 0 0 
: hits 1, misses 1 
3 0 0 0 0 
0 -2 -4 0 0
3 0 0 0 0 
0 -2 -4 0 0
3 0 0 0 0 
0 -2 -4 0 0
3 0 0 0 0 
0 -2 -4 0 0
->
3 0 0 0 0 
: hits 6, misses 1 
3 0 0 0 0 
0 -2 -4 0 0
->
0 0 -3 0 30 
: hits 1, misses 0 
0 -2 -4 0 0
3 0 0 0 0 
0 -2 -4 0 0
0 0 -3 0 30 
->
0 -2 -4 0 30
: hits 1, misses 0 
0 -2 -4 0 0
3 0 0 0 0 
0 -2 -4 0 0
0 0 -3 0 30 
0 -2 -4 0 30
0 0 -3 0 30 
0 -2 -4 0 30
0 0 -3 0 30 
->
0 -2 -4 0 30
: hits 1, misses 0 
0 -2 -4 0 0
0 0 -3 0 30 
0 -2 -4 0 30
0 0 -3 0 30 
0 -2 -4 0 30
0 0 -3 0 30 
0 -2 -4 0 30
0 0 -3 0 30 
->
0 -2 -4 0 30
: hits 2, misses 2 
0 0 -3 0 30 
->
-1 -2 -4 0 30
: hits 6, misses 0 
-1 -2 -4 0 30
0 0 -3 0 30 
->
-1 -2 -4 0 30
: hits 5, misses 1 
-1 -2 -4 0 30
0 0 -3 0 30 
-1 -2 -4 0 30
0 0 -3 0 30 
->
-1 -1 -4 0 30
: hits 3, misses 2 
-1 -2 -4 0 30
0 0 -3 0 30 
-1 -1 -4 0 30
0 0 -3 0 30 
->
0 -1 -4 0 30
: hits 1, misses 1 
-1 -1 -4 0 30
0 0 -3 0 30 
0 -1 -4 0 30
0 0 -3 0 30 
->
0 -1 -4 0 30
: hits 1, misses 1 
-1 -2 -4 0 30
0 0 -3 0 30 
-1 -1 -4 0 30
0 0 -3 0 30 
0 -1 -4 0 30
0 0 -3 0 30 
0 -1 -4 0 30
0 0 -3 0 30 
->
0 -1 -4 0 30
: hits 1, misses 0 
0 -1 -4 0 30
0 0 -3 0 30 
0 -1 -4 0 30
0 0 -3 0 30 
0 -1 -4 0 30
0 0 -3 0 30 
0 -1 -4 0 30
0 0 -3 0 30 
->
0 -1 -4 0 30
: hits 2, misses 1 
-1 -2 -4 0 30
0 0 -3 0 30 
-1 -2 -4 0 30
0 0 -3 0 30 
-1 -1 -4 0 30
0 0 -3 0 30 
0 -1 -4 0 30
0 0 -3 0 30 
0 -1 -4 0 30
0 0 -3 0 30 
0 -1 -4 0 30
0 0 -3 0 30 
0 -1 -4 0 30
0 0 -3 0 30 
0 -1 -4 0 30
0 0 -3 0 30 
->
0 -1 -3 0 30
: hits 1, misses 0 
0 0 -3 0 30 
0 -1 -4 0 30
0 0 -3 0 30 
0 -1 -4 0 30
0 0 -3 0 30 
0 -1 -4 0 30
0 0 -3 0 30 
0 -1 -4 0 30
0 0 -3 0 30 
0 -1 -4 0 30
0 0 -3 0 30 
0 -1 -3 0 30
0 0 -3 0 30 
0 -1 -3 0 30
0 0 -3 0 30 
0 -1 -3 0 30
->
0 0 0 0 30 
: hits 1, misses 1 
0 -1 -4 0 30
0 0 -3 0 30 
0 -1 -3 0 30
0 0 -3 0 30 
0 -1 -3 0 30
0 0 -3 0 30 
0 -1 -3 0 30
0 0 0 0 30 
->
0 -1 -3 0 30
: hits 2, misses 0 
0 0 -3 0 30 
0 -1 -3 0 30
0 0 0 0 30 
0 -1 -3 0 30
->
0 0 0 0 0 
: hits 2, misses 0 
0 -1 -3 0 30
0 0 0 0 30 
0 -1 -3 0 30
0 0 0 0 0 
->
0 -1 -3 0 0
: hits 3, misses 0 
0 -1 -3 0 30
0 0 0 0 0 
0 -1 -3 0 0
0 0 3 0 0 
0 -1 -3 0 0
0 0 3 0 0 
0 -1 -3 0 0
0 0 3 0 0 
->
0 -1 -2 0 0
: hits 1, misses 0 
0 0 3 0 0 
0 -1 -3 0 0
3 0 0 0 0 
0 -1 -3 0 0
3 0 0 0 0 
0 -1 -3 0 0
3 0 0 0 0 
0 -1 -3 0 0
3 0 0 0 0 
3 -2 -5 0 0
3 0 0 0 0 
3 -2 -5 0 0
3 0 0 0 0 
->
3 -2 -5 0 0
: hits 2, misses 0 
0 0 3 0 0 
0 -1 -3 0 0
3 0 0 0 0 
0 -1 -3 0 0
3 0 0 0 0 
0 -1 -3 0 0
3 0 0 0 0 
0 -1 -3 0 0
3 0 0 0 0 
3 -2 -5 0 0
3 0 0 0 0 
3 -2 -5 0 0
3 0 0 0 0 
3 -2 -5 0 0
3 0 0 0 0 
->
2 -2 -5 0 0
: hits 1, misses 1 
0 -1 -3 0 0
3 0 0 0 0 
3 -2 -5 0 0
3 0 0 0 0 
3 -2 -5 0 0
3 0 0 0 0 
3 -2 -5 0 0
3 0 0 0 0 
2 -2 -5 0 0
3 0 0 0 0 
2 -2 -5 0 0
3 0 0 0 0 
2 -2 -5 0 0
3 0 0 0 0 
2 -2 -5 0 0
3 0 0 0 0 
->
2 -2 -5 0 0
: hits 4, misses 0 
3 -2 -5 0 0
3 0 0 0 0 
3 -2 -5 0 0
3 0 0 0 0 
3 -2 -5 0 0
3 0 0 0 0 
2 -2 -5 0 0
3 0 0 0 0 
2 -2 -5 0 0
3 0 0 0 0 
2 -2 -5 0 0
3 0 0 0 0 
2 -2 -5 0 0
3 0 0 0 0 
2 -2 -5 0 0
3 0 0 0 0 
->
2 -2 -6 0 0
: hits 2, misses 1 
3 -2 -5 0 0
3 0 0 0 0 
3 -2 -5 0 0
3 0 0 0 0 
2 -2 -5 0 0
3 0 0 0 0 
2 -2 -5 0 0
3 0 0 0 0 
2 -2 -5 0 0
3 0 0 0 0 
2 -2 -5 0 0
3 0 0 0 0 
2 -2 -5 0 0
3 0 0 0 0 
2 -2 -6 0 0
3 0 0 0 0 
->
2 -2 -6 0 0
: hits 1, misses 1 
3 0 0 0 0 
1 -2 -6 0 0
3 0 0 0 0 
0 -2 -6 0 0
3 0 0 0 0 
0 -2 -6 0 0
3 0 0 0 0 
0 -2 -6 0 0
->
3 0 0 0 0 
: hits 12, misses 3 
3 0 0 0 0 
0 -2 -6 0 0
3 0 0 0 0 
0 -2 -6 0 0
->
0 0 0 0 0 
: hits 2, misses 1 
0 -2 -6 0 0
0 0 0 0 0 
->
0 -2 -6 0 0
: hits 2, misses 0 
0 0 0 0 0 
0 -2 -6 0 0
->
0 0 -3 0 0 
: hits 1, misses 1 
0 -2 -6 0 0
0 0 -3 0 0 
0 -2 -6 0 0
0 0 -3 0 0 
->
0 -2 -7 0 0
: hits 2, misses 1 
0 -2 -6 0 0
0 0 -3 0 0 
0 -2 -6 0 0
0 0 -3 0 0 
0 -2 -6 0 0
0 0 -3 0 0 
0 -2 -7 0 0
0 0 -3 0 0 
0 -2 -6 0 0
0 0 -3 0 0 
0 -2 -6 0 0
0 0 -3 0 0 
0 -2 -6 0 0
0 0 -3 0 0 
0 -2 -6 0 0
0 0 -3 0 0 
->
0 -2 -6 0 0
: hits 8, misses 1 
0 -2 -6 0 0
0 0 -3 0 0 
0 -2 -6 0 0
0 0 -3 0 0 
0 -2 -7 0 0
0 0 -3 0 0 
0 -2 -6 0 0
0 0 -3 0 0 
0 -2 -6 0 0
0 0 -3 0 0 
0 -2 -6 0 0
0 0 -3 0 0 
0 -2 -6 0 0
0 0 -3 0 0 
0 -2 -6 0 0
0 0 -3 0 0 
->
0 -2 -6 0 0
: hits 8, misses 1 
0 -2 -6 0 0
0 0 -3 0 0 
0 -2 -7 0 0
0 0 -3 0 0 
0 -2 -6 0 0
0 0 -3 0 0 
0 -2 -6 0 0
0 0 -3 0 0 
0 -2 -6 0 0
0 0 -3 0 0 
0 -2 -6 0 0
0 0 -3 0 0 
0 -2 -6 0 0
0 0 -3 0 0 
0 -2 -6 0 0
0 0 -3 0 0 
->
0 -2 -6 0 0
: hits 7, misses 0 
0 -2 -7 0 0
0 0 -3 0 0 
0 -2 -6 0 0
0 0 -3 0 0 
0 -2 -6 0 0
0 0 -3 0 0 
0 -2 -6 0 0
0 0 -3 0 0 
0 -2 -6 0 0
0 0 -3 0 0 
0 -2 -6 0 0
0 0 -3 0 0 
0 -2 -6 0 0
0 0 -3 0 0 
0 -2 -6 0 0
0 0 -3 0 0 
->
0 -2 -6 0 0
: hits 7, misses 0 
0 -2 -6 0 0
3 0 0 0 0 
0 -2 -6 0 0
3 0 0 0 0 
0 -2 -6 0 0
0 0 0 0 0 
0 -2 -6 0 0
0 0 -3 0 0 
0 -2 -6 0 0
0 0 -3 0 0 
0 -2 -6 0 0
0 0 -3 0 0 
0 -2 -7 0 0
0 0 -3 0 0 
0 -2 -6 0 0
0 0 -3 0 0 
0 -2 -6 0 0
0 0 -3 0 0 
0 -2 -6 0 0
0 0 -3 0 0 
0 -2 -6 0 0
0 0 -3 0 0 
0 -2 -6 0 0
0 0 -3 0 0 
0 -2 -6 0 0
0 0 -3 0 0 
0 -2 -6 0 0
0 0 -3 0 0 
0 -2 -6 0 0
0 0 -3 0 0 
0 -2 -6 0 0
0 0 -3 0 0 
->
0 -2 -5 0 0
: hits 1, misses 0 
0 -2 -6 0 0
0 0 -3 0 0 
0 -2 -5 0 0
0 0 -3 0 0 
0 -2 -5 0 0
0 0 -3 0 0 
0 -2 -5 0 0
0 0 -3 0 0 
0 -2 -5 0 0
0 0 -3 0 0 
0 -2 -5 0 0
0 0 -3 0 0 
0 -2 -5 0 0
0 0 -3 0 0 
0 -2 -5 0 0
0 0 -3 0 0 
->
0 -2 -5 0 0
: hits 10, misses 3 
0 -2 -6 0 0
0 0 -3 0 0 
0 -2 -6 0 0
0 0 -3 0 0 
0 -2 -6 0 0
0 0 -3 0 0 
0 -2 -6 0 0
0 0 -3 0 0 
0 -2 -6 0 0
0 0 -3 0 0 
0 -2 -6 0 0
0 0 -3 0 0 
0 -2 -6 0 0
0 0 -3 0 0 
0 -2 -5 0 0
0 0 -3 0 0 
0 -2 -5 0 0
0 0 -3 0 0 
0 -2 -5 0 0
0 0 -3 0 0 
0 -2 -5 0 0
0 0 -3 0 0 
0 -2 -5 0 0
0 0 -3 0 0 
0 -2 -5 0 0
0 0 -3 0 0 
0 -2 -5 0 0
0 0 -3 0 0 
0 -2 -5 0 0
0 0 -3 0 0 
0 -2 -5 0 0
0 0 -3 0 0 
->
0 -2 -4 0 0
: hits 1, misses 0 
0 0 -3 0 0 
0 -2 -5 0 0
0 0 -3 0 0 
0 -2 -5 0 0
0 0 -3 0 0 
0 -2 -5 0 0
0 0 -3 0 0 
0 -2 -5 0 0
0 0 -3 0 0 
0 -2 -5 0 0
0 0 -3 0 0 
0 -2 -5 0 0
0 0 -3 0 0 
0 -2 -5 0 0
0 0 -3 0 0 
0 -2 -4 0 0
->
0 0 -3 0 0 
: hits 12, misses 2 
0 0 -3 0 0 
0 -2 -5 0 0
0 0 -3 0 0 
0 -2 -5 0 0
0 0 -3 0 0 
0 -2 -5 0 0
0 0 -3 0 0 
0 -2 -5 0 0
0 0 -3 0 0 
0 -2 -5 0 0
0 0 -3 0 0 
0 -2 -4 0 0
0 0 -3 0 0 
0 -2 -4 0 0
0 0 -3 0 0 
0 -2 -4 0 0
->
0 0 -3 0 0 
: hits 2, misses 1 
0 0 -3 0 0 
0 -2 -5 0 0
0 0 -3 0 0 
0 -2 -5 0 0
0 0 -3 0 0 
0 -2 -5 0 0
0 0 -3 0 0 
0 -2 -5 0 0
0 0 -3 0 0 
0 -2 -4 0 0
0 0 -3 0 0 
0 -2 -4 0 0
0 0 -3 0 0 
0 -2 -4 0 0
0 0 -3 0 0 
0 -2 -4 0 0
->
0 0 -3 0 30 
: hits 2, misses 0 
0 0 -3 0 0 
0 -2 -4 0 0
0 0 -3 0 0 
0 -2 -4 0 0
0 0 -3 0 30 
0 -2 -4 0 30
0 0 -3 0 30 
0 -2 -4 0 30
->
0 0 -3 0 30 
: hits 2, misses 1 
0 -2 -5 0 0
0 0 -3 0 0 
0 -2 -4 0 0
0 0 -3 0 0 
0 -2 -4 0 0
0 0 -3 0 0 
0 -2 -4 0 0
0 0 -3 0 0 
0 -2 -4 0 0
0 0 -3 0 30 
0 -2 -4 0 30
0 0 -3 0 30 
0 -2 -4 0 30
0 0 -3 0 30 
0 -2 -4 0 30
0 0 -3 0 30 
->
0 -2 -4 0 30
: hits 1, misses 0 
0 -2 -4 0 0
0 0 -3 0 0 
0 -2 -4 0 0
0 0 -3 0 0 
0 -2 -4 0 0
0 0 -3 0 0 
0 -2 -4 0 0
0 0 -3 0 30 
0 -2 -4 0 30
0 0 -3 0 30 
0 -2 -4 0 30
0 0 -3 0 30 
0 -2 -4 0 30
0 0 -3 0 30 
0 -2 -4 0 30
0 0 -3 0 30 
->
0 -1 -4 0 30
: hits 1, misses 0 
0 0 -3 0 30 
0 -2 -4 0 30
0 0 -3 0 30 
0 -2 -4 0 30
0 0 -3 0 30 
0 -2 -4 0 30
0 0 -3 0 30 
0 -1 -4 0 30
->
3 0 0 0 30 
: hits 1, misses 0 
0 -1 -4 0 30
3 0 0 0 30 
->
0 -1 -3 0 30
: hits 2, misses 1 
3 0 0 0 30 
0 -1 -4 0 30
3 0 0 0 30 
0 -1 -3 0 30
->
3 0 0 0 30 
: hits 2, misses 2 
3 0 0 0 30 
0 -1 -3 0 30
3 0 0 0 30 
0 -1 -3 0 30
->
0 0 -3 0 30 
: hits 1, misses 0 
0 -1 -3 0 30
3 0 0 0 30 
0 -1 -3 0 30
0 0 -3 0 30 
0 -1 -3 0 30
0 0 -3 0 30 
0 -1 -3 0 30
0 0 -3 0 30 
->
0 -2 -3 0 30
: hits 1, misses 0 
0 0 -3 0 30 
0 -2 -3 0 30
->
3 0 0 0 30 
: hits 2, misses 1 
0 -1 -3 0 30
0 0 -3 0 30 
0 -2 -3 0 30
3 0 0 0 30 
->
0 -2 -3 0 30
: hits 1, misses 0 
0 -2 -3 0 30
3 0 0 0 30 
0 -2 -3 0 30
3 0 0 0 30 
->
0 -2 -3 0 30
: hits 1, misses 0 
3 0 0 0 30 
0 -2 -3 0 30
3 0 0 0 30 
0 -2 -3 0 30
->
0 0 -3 0 30 
: hits 1, misses 0 
0 -2 -3 0 30
3 0 0 0 30 
0 -2 -3 0 30
0 0 -3 0 30 
->
0 -1 -3 0 30
: hits 1, misses 0 
0 0 -3 0 30 
0 -1 -3 0 30
0 0 -3 0 30 
0 -2 -3 0 30
3 0 0 0 30 
0 -2 -3 0 30
3 0 0 0 30 
0 -2 -3 0 30
0 0 -3 0 30 
0 -1 -3 0 30
0 0 -3 0 30 
0 -1 -3 0 30
0 0 -3 0 30 
0 -1 -3 0 30
0 0 -3 0 30 
0 -1 -3 0 30
->
0 0 0 0 0 
: hits 1, misses 0 
0 -1 -3 0 30
0 0 -3 0 30 
0 -1 -3 0 30
0 0 -3 0 30 
0 -1 -3 0 30
0 0 -3 0 30 
0 -1 -3 0 30
0 0 0 0 0 
->
0 -1 -3 0 0
: hits 3, misses 0 
0 -1 -3 0 0
0 0 3 0 0 
->
0 -2 -3 0 0
: hits 6, misses 1 
0 0 0 0 0 
0 -1 -3 0 0
0 0 3 0 0 
0 -2 -3 0 0
->
0 0 3 0 0 
: hits 1, misses 1 
0 -1 -3 0 0
0 0 3 0 0 
0 -2 -3 0 0
0 0 3 0 0 
->
0 -1 -2 0 0
: hits 2, misses 1 
0 0 3 0 0 
0 -2 -3 0 0
0 0 3 0 0 
0 -1 -2 0 0
->
0 0 3 0 0 
: hits 10, misses 0 
0 -2 -3 0 0
0 0 3 0 0 
0 -1 -2 0 0
0 0 3 0 0 
0 -1 -3 0 0
0 0 3 0 0 
0 -1 -2 0 0
0 0 3 0 0 
->
0 -1 -2 0 0
: hits 1, misses 0 
0 0 3 0 0 
0 -1 -2 0 0
0 0 3 0 0 
0 -1 -2 0 0
->
0 0 3 0 0 
: hits 8, misses 1 
0 -1 -2 0 0
0 0 3 0 0 
0 -1 -3 0 0
0 0 3 0 0 
0 -1 -2 0 0
0 0 3 0 0 
0 -1 -2 0 0
0 0 3 0 0 
->
0 -1 -2 0 0
: hits 2, misses 1 
0 -1 -3 0 0
0 0 3 0 0 
0 -1 -2 0 0
0 0 3 0 0 
0 -1 -2 0 0
0 0 3 0 0 
0 -1 -2 0 0
0 0 3 0 0 
->
0 -1 -2 0 0
: hits 2, misses 0 
0 -1 -2 0 0
0 0 3 0 0 
0 -1 -2 0 0
0 0 3 0 0 
0 -1 -2 0 0
0 0 3 0 0 
0 -1 -2 0 0
0 0 3 0 0 
->
0 -1 -3 0 0
: hits 3, misses 0 
0 -1 -2 0 0
0 0 3 0 0 
0 -1 -2 0 0
0 0 3 0 0 
0 -1 -3 0 0
0 0 3 0 0 
0 -1 -3 0 0
0 0 3 0 0 
->
0 -1 -3 0 0
: hits 5, misses 0 
0 0 0 0 0 
->
0 -1 -3 0 0
: hits 7, misses 1 
0 0 0 0 0 
0 -1 -3 0 0
->
3 0 0 0 0 
: hits 1, misses 1 
0 0 0 0 0 
0 -1 -3 0 0
3 0 0 0 0 
->
0 -1 -3 0 0
: hits 2, misses 0 
0 0 0 0 0 
0 -1 -3 0 0
3 0 0 0 0 
0 -1 -3 0 0
->
3 0 0 0 0 
: hits 2, misses 0 
0 -1 -3 0 0
3 0 0 0 0 
0 -1 -3 0 0
3 0 0 0 0 
->
0 -1 -2 0 0
: hits 1, misses 1 
0 0 0 0 0 
0 -1 -3 0 0
3 0 0 0 0 
0 -1 -3 0 0
3 0 0 0 0 
0 -1 -2 0 0
3 0 0 0 0 
->
0 -1 -3 0 0
: hits 4, misses 0 
0 0 0 0 0 
0 -1 -3 0 0
3 0 0 0 0 
0 -1 -3 0 0
3 0 0 0 0 
0 -1 -2 0 0
3 0 0 0 0 
0 -1 -3 0 0
3 0 0 0 0 
3 -2 -5 0 0
3 0 0 0 0 
3 -2 -5 0 0
3 0 0 0 0 
3 -2 -5 0 0
3 0 0 0 0 
2 -2 -5 0 0
3 0 0 0 0 
2 -2 -5 0 0
3 0 0 0 0 
2 -2 -5 0 0
3 0 0 0 0 
2 -2 -5 0 0
3 0 0 0 0 
2 -2 -5 0 0
3 0 0 0 0 
->
2 -2 -5 0 0
: hits 1, misses 0 
3 -2 -5 0 0
3 0 0 0 0 
3 -2 -5 0 0
3 0 0 0 0 
2 -2 -5 0 0
3 0 0 0 0 
2 -2 -5 0 0
3 0 0 0 0 
2 -2 -5 0 0
3 0 0 0 0 
2 -2 -5 0 0
3 0 0 0 0 
2 -2 -5 0 0
3 0 0 0 0 
2 -2 -5 0 0
3 0 0 0 0 
->
2 -2 -5 0 0
: hits 3, misses 1 
2 -2 -5 0 0
3 0 0 0 0 
2 -2 -5 0 0
3 0 0 0 0 
->
1 -2 -5 0 0
: hits 3, misses 0 
2 -2 -5 0 0
3 0 0 0 0 
2 -2 -5 0 0
3 0 0 0 0 
2 -2 -5 0 0
3 0 0 0 0 
1 -2 -5 0 0
3 0 0 0 0 
->
1 -2 -6 0 0
: hits 4, misses 1 
3 0 0 0 0 
1 -2 -5 0 0
3 0 0 0 0 
1 -2 -6 0 0
3 0 0 0 0 
1 -2 -6 0 0
3 0 0 0 0 
1 -2 -6 0 0
->
3 0 0 0 0 
: hits 14, misses 0 
2 -2 -5 0 0
3 0 0 0 0 
2 -2 -5 0 0
3 0 0 0 0 
2 -2 -5 0 0
3 0 0 0 0 
1 -2 -5 0 0
3 0 0 0 0 
1 -2 -6 0 0
3 0 0 0 0 
1 -2 -6 0 0
3 0 0 0 0 
1 -2 -6 0 0
3 0 0 0 0 
1 -2 -6 0 0
3 0 0 0 0 
->
0 -2 -6 0 0
: hits 1, misses 2 
3 0 0 0 0 
0 -2 -6 0 0
3 0 0 0 0 
0 -2 -6 0 0
3 0 0 0 0 
0 -2 -6 0 0
3 0 0 0 0 
0 -2 -6 0 0
3 0 0 0 0 
0 -2 -6 0 0
3 0 0 0 0 
0 -2 -6 0 0
3 0 0 0 0 
0 -2 -6 0 0
3 0 0 0 0 
0 -2 -6 0 0
->
0 0 -3 0 0 
: hits 1, misses 0 
0 -2 -6 0 0
3 0 0 0 0 
0 -2 -6 0 0
0 0 -3 0 0 
->
0 -2 -7 0 0
: hits 1, misses 1 
0 -2 -7 0 0
0 0 -3 0 0 
->
-1 -2 -7 0 0
: hits 1, misses 0 
-1 -2 -7 0 0
0 0 -3 0 0 
-1 -1 -7 0 0
0 0 -3 0 0 
->
-1 -1 -7 0 0
: hits 5, misses 1 
-1 -1 -7 0 0
0 0 -3 0 0 
-1 -1 -7 0 0
0 0 -3 0 0 
->
-1 -1 -6 0 0
: hits 2, misses 0 
-1 -1 -6 0 0
0 0 -3 0 0 
-1 -1 -6 0 0
0 0 -3 0 0 
->
-1 -1 -6 0 0
: hits 6, misses 1 
-1 -1 -6 0 0
0 0 -3 0 0 
->
0 -1 -5 0 0
: hits 1, misses 0 
-1 -1 -6 0 0
0 0 -3 0 0 
0 -1 -5 0 0
0 0 -3 0 0 
->
0 -1 -5 0 0
: hits 1, misses 0 
0 -1 -5 0 0
0 0 -3 0 0 
->
0 -2 -5 0 0
: hits 37, misses 0 
0 -2 -5 0 0
->
3 0 0 0 30 
: hits 2, misses 0 
3 0 0 0 30 
->
0 -1 -5 0 30
: hits 1, misses 1 
3 0 0 0 30 
0 -1 -5 0 30
->
0 0 -3 0 30 
: hits 3, misses 0 
0 0 -3 0 30 
->
0 -1 -5 0 30
: hits 1, misses 0 
0 0 -3 0 30 
0 -1 -5 0 30
->
0 0 -3 0 30 
: hits 13, misses 0 
0 -1 -5 0 30
0 0 -3 0 30 
->
0 -2 -4 0 30
: hits 2, misses 1 
0 0 -3 0 30 
0 -1 -5 0 30
0 0 -3 0 30 
0 -2 -4 0 30
->
0 0 -3 0 30 
: hits 2, misses 0 
0 -1 -5 0 30
0 0 -3 0 30 
0 -2 -4 0 30
0 0 -3 0 30 
->
0 -1 -4 0 30
: hits 1, misses 0 
0 -1 -4 0 30
0 0 -3 0 30 
->
-1 -1 -4 0 30
: hits 1, misses 1 
-1 -1 -4 0 30
0 0 -3 0 30 
-1 -1 -4 0 30
0 0 -3 0 30 
->
-1 -1 -4 0 30
: hits 7, misses 3 
-1 -1 -4 0 30
->
-3 0 0 0 30 
: hits 4, misses 1 
-3 0 0 0 30 
->
-1 -1 -4 0 30
: hits 1, misses 1 
-3 0 0 0 30 
-1 -1 -4 0 30
->
0 0 -3 0 30 
: hits 1, misses 2 
0 0 -3 0 30 
->
-1 -1 -3 0 30
: hits 3, misses 0 
-1 -1 -3 0 30
0 0 -3 0 30 
->
-1 -1 -3 0 30
: hits 2, misses 0 
0 0 -3 0 30 
-1 -1 -3 0 30
->
-3 0 0 0 30 
: hits 1, misses 1 
-3 0 0 0 30 
->
-1 -1 -3 0 30
: hits 3, misses 0 
-1 -1 -3 0 30
->
0 -3 0 0 30 
: hits 1, misses 1 
0 -3 0 0 30 
->
-1 -1 -3 0 30
: hits 1, misses 1 
0 -3 0 0 30 
-1 -1 -3 0 30
->
-3 0 0 0 30 
: hits 1, misses 0 
-3 0 0 0 30 
-1 -1 -3 0 30
->
-3 0 0 0 30 
: hits 1, misses 1 
-1 -1 -3 0 30
->
0 0 0 0 0 
: hits 1, misses 0 
0 0 0 0 0 
->
-1 -1 -3 0 0
: hits 1, misses 0 
0 0 3 0 0 
->
-1 -1 -3 0 0
: hits 2, misses 0 
-1 -1 -3 0 0
0 0 3 0 0 
->
-1 -1 -3 0 0
: hits 1, misses 1 
-1 -1 -3 0 0
0 0 3 0 0 
->
0 -2 -2 0 0
: hits 1, misses 1 
0 0 3 0 0 
0 -2 -2 0 0
->
0 0 3 0 0 
: hits 30, misses 0 
0 -2 -2 0 0
0 0 3 0 0 
->
0 -2 -2 0 0
: hits 13, misses 1 
0 -2 -2 0 0
0 0 3 0 0 
0 -2 -2 0 0
0 0 3 0 0 
->
0 -2 -3 0 0
: hits 10, misses 3 
0 -2 -2 0 0
0 0 3 0 0 
0 -2 -3 0 0
0 0 3 0 0 
->
0 -2 -2 0 0
: hits 8, misses 2 
0 -2 -2 0 0
0 0 3 0 0 
0 -2 -3 0 0
0 0 3 0 0 
0 -2 -2 0 0
0 0 3 0 0 
0 -2 -3 0 0
0 0 3 0 0 
->
0 -2 -3 0 0
: hits 5, misses 3 
0 -2 -2 0 0
0 0 3 0 0 
0 -2 -3 0 0
0 0 3 0 0 
0 -2 -3 0 0
0 0 3 0 0 
0 -2 -3 0 0
0 0 3 0 0 
->
0 -2 -2 0 0
: hits 2, misses 1 
0 -2 -3 0 0
0 0 3 0 0 
0 -2 -2 0 0
0 0 3 0 0 
->
0 -2 -2 0 0
: hits 6, misses 2 
0 -2 -3 0 0
0 0 3 0 0 
0 -2 -2 0 0
0 0 3 0 0 
0 -2 -2 0 0
0 0 3 0 0 
0 -2 -2 0 0
0 0 3 0 0 
->
0 -2 -3 0 0
: hits 1, misses 1 
0 -2 -2 0 0
0 0 3 0 0 
0 -2 -2 0 0
0 0 3 0 0 
0 -2 -2 0 0
0 0 3 0 0 
0 -2 -3 0 0
0 0 3 0 0 
->
0 -2 -2 0 0
: hits 3, misses 0 
0 -2 -2 0 0
0 0 3 0 0 
0 -2 -2 0 0
0 0 3 0 0 
0 -2 -3 0 0
0 0 3 0 0 
0 -2 -2 0 0
0 0 3 0 0 
->
0 -2 -2 0 0
: hits 2, misses 1 
0 -2 -3 0 0
0 0 3 0 0 
0 -2 -3 0 0
0 0 3 0 0 
0 -2 -2 0 0
0 0 3 0 0 
0 -2 -2 0 0
0 0 3 0 0 
0 -2 -2 0 0
0 0 3 0 0 
0 -2 -3 0 0
0 0 3 0 0 
0 -2 -2 0 0
0 0 3 0 0 
0 -2 -2 0 0
0 0 3 0 0 
->
0 -2 -3 0 0
: hits 1, misses 0 
0 -2 -3 0 0
0 0 3 0 0 
0 -2 -2 0 0
0 0 3 0 0 
0 -2 -2 0 0
0 0 3 0 0 
0 -2 -2 0 0
0 0 3 0 0 
0 -2 -3 0 0
0 0 3 0 0 
0 -2 -2 0 0
0 0 3 0 0 
0 -2 -2 0 0
0 0 3 0 0 
0 -2 -3 0 0
0 0 3 0 0 
->
0 -2 -2 0 0
: hits 1, misses 0 
0 -2 -2 0 0
0 0 3 0 0 
0 -2 -2 0 0
0 0 3 0 0 
0 -2 -3 0 0
0 0 3 0 0 
0 -2 -2 0 0
0 0 3 0 0 
->
0 -2 -3 0 0
: hits 2, misses 0 
0 -2 -2 0 0
0 0 3 0 0 
0 -2 -2 0 0
0 0 3 0 0 
0 -2 -3 0 0
0 0 3 0 0 
0 -2 -2 0 0
0 0 3 0 0 
0 -2 -2 0 0
0 0 3 0 0 
0 -2 -3 0 0
0 0 3 0 0 
0 -2 -2 0 0
0 0 3 0 0 
0 -2 -3 0 0
0 0 3 0 0 
->
0 -2 -3 0 0
: hits 2, misses 0 
0 -2 -3 0 0
0 0 3 0 0 
0 -2 -3 0 0
0 0 3 0 0 
->
0 -2 -3 0 0
: hits 1, misses 1 
0 -2 -3 0 0
0 0 3 0 0 
0 -2 -2 0 0
0 0 3 0 0 
0 -2 -3 0 0
0 0 3 0 0 
0 -2 -3 0 0
0 0 3 0 0 
0 -2 -2 0 0
0 0 3 0 0 
0 -2 -3 0 0
0 0 3 0 0 
0 -2 -3 0 0
0 0 3 0 0 
0 -2 -3 0 0
0 0 3 0 0 
->
0 -2 -2 0 0
: hits 1, misses 0 
0 0 3 0 0 
->
-1 -2 -3 0 0
: hits 2, misses 0 
-1 -2 -3 0 0
->
0 0 3 0 0 
: hits 2, misses 0 
-1 -2 -3 0 0
0 0 3 0 0 
->
0 -2 -3 0 0
: hits 1, misses 1 
0 -2 -3 0 0
0 0 3 0 0 
->
-1 -2 -3 0 0
: hits 1, misses 1 
0 0 3 0 0 
->
-1 -2 -2 0 0
: hits 1, misses 0 
0 0 0 0 0 
->
3 -2 -5 0 0
: hits 3, misses 0 
3 -2 -5 0 0
->
0 0 0 0 0 
: hits 2, misses 1 
3 -2 -5 0 0
0 0 0 0 0 
->
3 -2 -5 0 0
: hits 2, misses 0 
0 0 0 0 0 
3 -2 -5 0 0
->
3 0 0 0 0 
: hits 1, misses 0 
3 -2 -5 0 0
0 0 0 0 0 
3 -2 -5 0 0
3 0 0 0 0 
3 -2 -5 0 0
3 0 0 0 0 
3 -2 -5 0 0
3 0 0 0 0 
3 -2 -5 0 0
3 0 0 0 0 
->
3 -2 -5 0 0
: hits 1, misses 0 
3 -2 -5 0 0
0 0 0 0 0 
3 -2 -5 0 0
3 0 0 0 0 
3 -2 -5 0 0
3 0 0 0 0 
3 -2 -5 0 0
3 0 0 0 0 
3 -2 -5 0 0
3 0 0 0 0 
3 -2 -5 0 0
3 0 0 0 0 
3 -2 -5 0 0
3 0 0 0 0 
->
2 -2 -5 0 0
: hits 1, misses 0 
3 -2 -5 0 0
3 0 0 0 0 
3 -2 -5 0 0
3 0 0 0 0 
3 -2 -5 0 0
3 0 0 0 0 
3 -2 -5 0 0
3 0 0 0 0 
3 -2 -5 0 0
3 0 0 0 0 
3 -2 -5 0 0
3 0 0 0 0 
2 -2 -5 0 0
3 0 0 0 0 
2 -2 -5 0 0
3 0 0 0 0 
->
2 -2 -5 0 0
: hits 2, misses 0 
3 -2 -5 0 0
3 0 0 0 0 
3 -2 -5 0 0
3 0 0 0 0 
3 -2 -5 0 0
3 0 0 0 0 
3 -2 -5 0 0
3 0 0 0 0 
2 -2 -5 0 0
3 0 0 0 0 
2 -2 -5 0 0
3 0 0 0 0 
2 -2 -5 0 0
3 0 0 0 0 
2 -2 -5 0 0
3 0 0 0 0 
->
2 -2 -5 0 0
: hits 3, misses 1 
3 -2 -5 0 0
3 0 0 0 0 
3 -2 -5 0 0
3 0 0 0 0 
2 -2 -5 0 0
3 0 0 0 0 
2 -2 -5 0 0
3 0 0 0 0 
2 -2 -5 0 0
3 0 0 0 0 
2 -2 -5 0 0
3 0 0 0 0 
2 -2 -5 0 0
3 0 0 0 0 
2 -2 -5 0 0
3 0 0 0 0 
->
1 -2 -6 0 0
: hits 2, misses 1 
2 -2 -5 0 0
3 0 0 0 0 
2 -2 -5 0 0
3 0 0 0 0 
2 -2 -5 0 0
3 0 0 0 0 
2 -2 -5 0 0
3 0 0 0 0 
1 -2 -6 0 0
3 0 0 0 0 
1 -2 -6 0 0
3 0 0 0 0 
1 -2 -6 0 0
3 0 0 0 0 
1 -2 -6 0 0
3 0 0 0 0 
->
1 -2 -6 0 0
: hits 3, misses 0 
2 -2 -5 0 0
3 0 0 0 0 
2 -2 -5 0 0
3 0 0 0 0 
2 -2 -5 0 0
3 0 0 0 0 
1 -2 -6 0 0
3 0 0 0 0 
1 -2 -6 0 0
3 0 0 0 0 
1 -2 -6 0 0
3 0 0 0 0 
1 -2 -6 0 0
3 0 0 0 0 
1 -2 -6 0 0
3 0 0 0 0 
->
1 -2 -6 0 0
: hits 3, misses 0 
2 -2 -5 0 0
3 0 0 0 0 
2 -2 -5 0 0
3 0 0 0 0 
1 -2 -6 0 0
3 0 0 0 0 
1 -2 -6 0 0
3 0 0 0 0 
1 -2 -6 0 0
3 0 0 0 0 
1 -2 -6 0 0
3 0 0 0 0 
1 -2 -6 0 0
3 0 0 0 0 
1 -2 -6 0 0
3 0 0 0 0 
->
1 -2 -6 0 0
: hits 2, misses 0 
3 0 0 0 0 
2 -2 -5 0 0
3 0 0 0 0 
1 -2 -6 0 0
3 0 0 0 0 
1 -2 -6 0 0
3 0 0 0 0 
1 -2 -6 0 0
3 0 0 0 0 
1 -2 -6 0 0
3 0 0 0 0 
1 -2 -6 0 0
3 0 0 0 0 
1 -2 -6 0 0
3 0 0 0 0 
1 -2 -6 0 0
->
3 0 0 0 0 
: hits 2, misses 0 
3 0 0 0 0 
1 -2 -6 0 0
3 0 0 0 0 
1 -2 -6 0 0
3 0 0 0 0 
0 -2 -6 0 0
3 0 0 0 0 
0 -2 -6 0 0
->
0 0 0 0 0 
: hits 1, misses 1 
3 0 0 0 0 
0 -2 -6 0 0
0 0 0 0 0 
0 -2 -6 0 0
->
3 0 0 0 0 
: hits 1, misses 0 
3 0 0 0 0 
0 -2 -6 0 0
0 0 0 0 0 
0 -2 -6 0 0
3 0 0 0 0 
0 -2 -6 0 0
3 0 0 0 0 
0 -2 -6 0 0
->
3 0 0 0 0 
: hits 1, misses 0 
3 0 0 0 0 
1 -2 -6 0 0
3 0 0 0 0 
0 -2 -6 0 0
3 0 0 0 0 
0 -2 -6 0 0
0 0 0 0 0 
0 -2 -6 0 0
3 0 0 0 0 
0 -2 -6 0 0
3 0 0 0 0 
0 -2 -6 0 0
3 0 0 0 0 
0 -2 -6 0 0
3 0 0 0 0 
0 -2 -6 0 0
->
0 0 -3 0 0 
: hits 1, misses 0 
0 -2 -6 0 0
3 0 0 0 0 
0 -2 -6 0 0
3 0 0 0 0 
0 -2 -6 0 0
3 0 0 0 0 
0 -2 -6 0 0
0 0 -3 0 0 
->
0 -2 -6 0 0
: hits 1, misses 0 
0 -2 -6 0 0
0 0 -3 0 0 
0 -2 -6 0 0
0 0 -3 0 0 
0 -2 -6 0 0
0 0 -3 0 0 
0 -2 -6 0 0
0 0 -3 0 0 
->
0 -2 -7 0 0
: hits 1, misses 1 
0 -2 -6 0 0
3 0 0 0 0 
0 -2 -6 0 0
3 0 0 0 0 
0 -2 -6 0 0
0 0 -3 0 0 
0 -2 -6 0 0
0 0 -3 0 0 
0 -2 -6 0 0
0 0 -3 0 0 
0 -2 -6 0 0
0 0 -3 0 0 
0 -2 -6 0 0
0 0 -3 0 0 
0 -2 -7 0 0
0 0 -3 0 0 
->
0 -2 -6 0 0
: hits 1, misses 0 
0 -2 -6 0 0
0 0 -3 0 0 
0 -2 -6 0 0
0 0 -3 0 0 
0 -2 -6 0 0
0 0 -3 0 0 
0 -2 -6 0 0
0 0 -3 0 0 
0 -2 -6 0 0
0 0 -3 0 0 
0 -2 -7 0 0
0 0 -3 0 0 
0 -2 -6 0 0
0 0 -3 0 0 
0 -2 -6 0 0
0 0 -3 0 0 
->
0 -2 -6 0 0
: hits 6, misses 0 
0 -2 -6 0 0
0 0 -3 0 0 
0 -2 -6 0 0
0 0 -3 0 0 
0 -2 -6 0 0
0 0 -3 0 0 
0 -2 -6 0 0
0 0 -3 0 0 
0 -2 -7 0 0
0 0 -3 0 0 
0 -2 -6 0 0
0 0 -3 0 0 
0 -2 -6 0 0
0 0 -3 0 0 
0 -2 -6 0 0
0 0 -3 0 0 
->
0 -2 -6 0 0
: hits 6, misses 0 
0 0 -3 0 0 
0 -2 -6 0 0
0 0 -3 0 0 
0 -2 -6 0 0
->
3 0 0 0 0 
: hits 2, misses 1 
0 -2 -6 0 0
3 0 0 0 0 
0 -2 -6 0 0
3 0 0 0 0 
->
0 -2 -5 0 0
: hits 4, misses 1 
3 0 0 0 0 
0 -2 -6 0 0
3 0 0 0 0 
0 -2 -6 0 0
3 0 0 0 0 
0 -2 -5 0 0
3 0 0 0 0 
0 -2 -5 0 0
->
0 0 -3 0 0 
: hits 1, misses 1 
0 -2 -6 0 0
0 0 -3 0 0 
0 -2 -6 0 0
0 0 -3 0 0 
0 -2 -6 0 0
0 0 -3 0 0 
0 -2 -6 0 0
0 0 -3 0 0 
0 -2 -6 0 0
3 0 0 0 0 
0 -2 -6 0 0
3 0 0 0 0 
0 -2 -6 0 0
3 0 0 0 0 
0 -2 -5 0 0
3 0 0 0 0 
0 -2 -5 0 0
0 0 -3 0 0 
0 -2 -5 0 0
0 0 -3 0 0 
0 -2 -5 0 0
0 0 -3 0 0 
0 -2 -5 0 0
0 0 -3 0 0 
0 -2 -5 0 0
0 0 -3 0 0 
0 -2 -5 0 0
0 0 -3 0 0 
0 -2 -5 0 0
0 0 -3 0 0 
0 -2 -5 0 0
0 0 -3 0 0 
->
0 -2 -5 0 0
: hits 1, misses 0 
0 0 -3 0 0 
0 -2 -5 0 0
->
3 0 0 0 30 
: hits 1, misses 1 
3 0 0 0 30 
->
0 -2 -5 0 30
: hits 1, misses 0 
0 0 -3 0 30 
->
0 -2 -5 0 30
: hits 3, misses 0 
0 -2 -5 0 30
0 0 -3 0 30 
->
0 -2 -5 0 30
: hits 2, misses 1 
0 0 -3 0 30 
->
-1 -2 -5 0 30
: hits 3, misses 0 
-1 -2 -5 0 30
->
0 0 -3 0 30 
: hits 7, misses 0 
-1 -2 -5 0 30
0 0 -3 0 30 
->
-1 -2 -5 0 30
: hits 2, misses 1 
-1 -2 -5 0 30
0 0 -3 0 30 
-1 -2 -5 0 30
0 0 -3 0 30 
->
-1 -2 -4 0 30
: hits 2, misses 0 
-1 -2 -4 0 30
0 0 -3 0 30 
-1 -2 -4 0 30
0 0 -3 0 30 
->
-1 -2 -4 0 30
: hits 2, misses 1 
-1 -2 -4 0 30
0 0 -3 0 30 
-1 -2 -4 0 30
0 0 -3 0 30 
-1 -2 -4 0 30
0 0 -3 0 30 
-1 -2 -4 0 30
0 0 -3 0 30 
->
-1 -1 -4 0 30
: hits 2, misses 0 
0 0 -3 0 30 
-1 -1 -4 0 30
->
0 0 -3 0 30 
: hits 3, misses 0 
-1 -1 -4 0 30
0 0 -3 0 30 
->
0 -1 -3 0 30
: hits 1, misses 0 
-1 -1 -4 0 30
0 0 -3 0 30 
-1 -1 -4 0 30
0 0 -3 0 30 
-1 -1 -4 0 30
0 0 -3 0 30 
0 -1 -3 0 30
0 0 -3 0 30 
->
0 -1 -3 0 30
: hits 1, misses 0 
0 0 -3 0 30 
-1 -1 -4 0 30
0 0 -3 0 30 
0 -1 -3 0 30
0 0 -3 0 30 
0 -1 -3 0 30
0 0 -3 0 30 
0 -1 -3 0 30
->
0 0 3 0 0 
: hits 1, misses 0 
0 -1 -3 0 30
0 0 3 0 0 
0 -1 -3 0 0
0 0 3 0 0 
->
0 -1 -3 0 0
: hits 16, misses 0 
0 0 3 0 0 
0 -1 -3 0 0
->
3 0 0 0 0 
: hits 1, misses 0 
0 0 3 0 0 
0 -1 -3 0 0
3 0 0 0 0 
0 -1 -3 0 0
3 0 0 0 0 
->
0 -1 -3 0 0
: hits 3, misses 0 
0 0 3 0 0 
0 -1 -3 0 0
3 0 0 0 0 
0 -1 -3 0 0
3 0 0 0 0 
0 -1 -3 0 0
3 0 0 0 0 
0 -1 -3 0 0
3 0 0 0 0 
3 -2 -5 0 0
3 0 0 0 0 
3 -2 -5 0 0
3 0 0 0 0 
3 -2 -5 0 0
3 0 0 0 0 
->
3 -2 -5 0 0
: hits 1, misses 0 
0 0 3 0 0 
0 -1 -3 0 0
3 0 0 0 0 
0 -1 -3 0 0
3 0 0 0 0 
0 -1 -3 0 0
3 0 0 0 0 
0 -1 -3 0 0
3 0 0 0 0 
3 -2 -5 0 0
3 0 0 0 0 
3 -2 -5 0 0
3 0 0 0 0 
3 -2 -5 0 0
3 0 0 0 0 
3 -2 -5 0 0
3 0 0 0 0 
2 -2 -5 0 0
3 0 0 0 0 
2 -2 -5 0 0
3 0 0 0 0 
2 -2 -5 0 0
3 0 0 0 0 
2 -2 -5 0 0
3 0 0 0 0 
2 -2 -5 0 0
3 0 0 0 0 
->
2 -2 -6 0 0
: hits 1, misses 0 
2 -2 -5 0 0
3 0 0 0 0 
2 -2 -5 0 0
3 0 0 0 0 
2 -2 -6 0 0
3 0 0 0 0 
1 -2 -6 0 0
3 0 0 0 0 
->
1 -2 -6 0 0
: hits 1, misses 0 
2 -2 -5 0 0
3 0 0 0 0 
2 -2 -6 0 0
3 0 0 0 0 
1 -2 -6 0 0
3 0 0 0 0 
1 -2 -6 0 0
3 0 0 0 0 
1 -2 -6 0 0
3 0 0 0 0 
1 -2 -6 0 0
3 0 0 0 0 
1 -2 -6 0 0
3 0 0 0 0 
1 -2 -6 0 0
3 0 0 0 0 
->
0 -2 -6 0 0
: hits 1, misses 0 
3 0 0 0 0 
2 -2 -6 0 0
3 0 0 0 0 
1 -2 -6 0 0
3 0 0 0 0 
1 -2 -6 0 0
3 0 0 0 0 
1 -2 -6 0 0
3 0 0 0 0 
1 -2 -6 0 0
3 0 0 0 0 
1 -2 -6 0 0
3 0 0 0 0 
1 -2 -6 0 0
3 0 0 0 0 
0 -2 -6 0 0
->
3 0 0 0 0 
: hits 1, misses 0 
3 0 0 0 0 
1 -2 -6 0 0
3 0 0 0 0 
1 -2 -6 0 0
3 0 0 0 0 
1 -2 -6 0 0
3 0 0 0 0 
1 -2 -6 0 0
3 0 0 0 0 
1 -2 -6 0 0
3 0 0 0 0 
1 -2 -6 0 0
3 0 0 0 0 
0 -2 -6 0 0
3 0 0 0 0 
0 -2 -6 0 0
->
0 0 -3 0 0 
: hits 2, misses 0 
3 0 0 0 0 
0 -2 -6 0 0
0 0 -3 0 0 
0 -2 -6 0 0
->
0 0 -3 0 0 
: hits 2, misses 0 
0 0 -3 0 0 
0 -2 -6 0 0
0 0 -3 0 0 
0 -2 -6 0 0
->
0 0 -3 0 0 
: hits 17, misses 0 
1 -2 -6 0 0
3 0 0 0 0 
1 -2 -6 0 0
3 0 0 0 0 
1 -2 -6 0 0
3 0 0 0 0 
1 -2 -6 0 0
3 0 0 0 0 
0 -2 -6 0 0
3 0 0 0 0 
0 -2 -6 0 0
0 0 -3 0 0 
0 -2 -6 0 0
0 0 -3 0 0 
0 -2 -6 0 0
0 0 -3 0 0 
0 -2 -6 0 0
0 0 -3 0 0 
0 -2 -6 0 0
0 0 -3 0 0 
0 -2 -6 0 0
0 0 -3 0 0 
0 -2 -6 0 0
0 0 -3 0 0 
0 -2 -6 0 0
0 0 -3 0 0 
0 -2 -6 0 0
0 0 -3 0 0 
0 -2 -6 0 0
0 0 -3 0 0 
0 -2 -6 0 0
0 0 -3 0 0 
->
0 -2 -5 0 0
: hits 1, misses 0 
0 0 -3 0 0 
0 -2 -6 0 0
0 0 -3 0 0 
0 -2 -6 0 0
0 0 -3 0 0 
0 -2 -6 0 0
0 0 -3 0 0 
0 -2 -5 0 0
0 0 -3 0 0 
0 -2 -5 0 0
0 0 -3 0 0 
0 -2 -5 0 0
0 0 -3 0 0 
0 -2 -5 0 0
0 0 -3 0 0 
0 -2 -5 0 0
->
3 0 0 0 0 
: hits 1, misses 0 
0 -2 -5 0 0
0 0 -3 0 0 
0 -2 -5 0 0
0 0 -3 0 0 
0 -2 -5 0 0
0 0 -3 0 0 
0 -2 -5 0 0
3 0 0 0 0 
->
0 -2 -5 0 0
: hits 1, misses 0 
0 0 -3 0 0 
0 -2 -5 0 0
0 0 -3 0 0 
0 -2 -5 0 0
0 0 -3 0 0 
0 -2 -5 0 0
3 0 0 0 0 
0 -2 -5 0 0
->
3 0 0 0 0 
: hits 1, misses 0 
0 -2 -5 0 0
3 0 0 0 0 
0 -2 -5 0 0
3 0 0 0 0 
0 -2 -5 0 0
3 0 0 0 0 
0 -2 -5 0 0
3 0 0 0 0 
->
0 -2 -5 0 0
: hits 3, misses 0 
3 0 0 0 0 
0 -2 -5 0 0
3 0 0 0 0 
0 -2 -5 0 0
3 0 0 0 0 
0 -2 -5 0 0
3 0 0 0 0 
0 -2 -5 0 0
->
0 0 -3 0 0 
: hits 2, misses 1 
0 -2 -5 0 0
0 0 -3 0 0 
0 -2 -5 0 0
0 0 -3 0 0 
0 -2 -5 0 0
0 0 -3 0 0 
0 -2 -5 0 0
3 0 0 0 0 
0 -2 -5 0 0
3 0 0 0 0 
0 -2 -5 0 0
3 0 0 0 0 
0 -2 -5 0 0
3 0 0 0 0 
0 -2 -5 0 0
3 0 0 0 0 
0 -2 -5 0 0
0 0 -3 0 0 
0 -2 -5 0 0
0 0 -3 0 0 
0 -2 -5 0 0
0 0 -3 0 0 
0 -2 -5 0 0
0 0 -3 0 0 
0 -2 -5 0 0
0 0 -3 0 0 
0 -2 -5 0 0
0 0 -3 0 0 
0 -2 -5 0 0
0 0 -3 0 0 
0 -2 -5 0 0
0 0 -3 0 0 
->
0 -2 -4 0 0
: hits 1, misses 0 
0 0 -3 0 0 
0 -2 -5 0 0
0 0 -3 0 0 
0 -2 -5 0 0
0 0 -3 0 0 
0 -2 -4 0 0
0 0 -3 0 0 
0 -2 -4 0 0
->
0 0 -3 0 30 
: hits 2, misses 0 
0 -2 -5 0 0
0 0 -3 0 0 
0 -2 -5 0 0
0 0 -3 0 0 
0 -2 -4 0 0
0 0 -3 0 0 
0 -2 -4 0 0
0 0 -3 0 30 
->
0 -2 -4 0 30
: hits 2, misses 1 
0 -2 -4 0 0
0 0 -3 0 30 
0 -2 -4 0 30
0 0 -3 0 30 
->
0 -1 -4 0 30
: hits 1, misses 1 
0 0 -3 0 0 
0 -2 -4 0 0
0 0 -3 0 30 
0 -2 -4 0 30
0 0 -3 0 30 
0 -1 -4 0 30
0 0 -3 0 30 
0 -1 -4 0 30
->
3 0 0 0 30 
: hits 1, misses 0 
0 -1 -4 0 30
0 0 -3 0 30 
0 -1 -4 0 30
3 0 0 0 30 
->
0 -1 -4 0 30
: hits 1, misses 0 
0 0 -3 0 30 
0 -1 -4 0 30
0 0 -3 0 30 
0 -1 -4 0 30
3 0 0 0 30 
0 -1 -4 0 30
3 0 0 0 30 
0 -1 -4 0 30
->
3 0 0 0 30 
: hits 1, misses 0 
3 0 0 0 30 
0 -1 -4 0 30
3 0 0 0 30 
0 -1 -4 0 30
->
0 0 -3 0 30 
: hits 1, misses 0 
0 -1 -4 0 30
3 0 0 0 30 
0 -1 -4 0 30
0 0 -3 0 30 
->
0 -1 -4 0 30
: hits 1, misses 0 
0 -1 -4 0 30
0 0 -3 0 30 
0 -1 -4 0 30
3 0 0 0 30 
0 -1 -4 0 30
3 0 0 0 30 
0 -1 -4 0 30
3 0 0 0 30 
0 -1 -4 0 30
0 0 -3 0 30 
0 -1 -4 0 30
0 0 -3 0 30 
0 -1 -4 0 30
0 0 -3 0 30 
0 -1 -4 0 30
0 0 -3 0 30 
->
0 -1 -4 0 30
: hits 1, misses 0 
0 0 -3 0 30 
0 -1 -4 0 30
0 0 -3 0 30 
0 -1 -4 0 30
0 0 -3 0 30 
0 -1 -4 0 30
0 0 -3 0 30 
0 -1 -4 0 30
0 0 -3 0 30 
0 -1 -3 0 30
0 0 -3 0 30 
0 -1 -3 0 30
0 0 -3 0 30 
0 -1 -3 0 30
0 0 -3 0 30 
0 -1 -3 0 30
->
0 0 -3 0 30 
: hits 2, misses 0 
0 -1 -3 0 30
0 0 -3 0 30 
0 -1 -3 0 30
0 0 -3 0 30 
0 -1 -3 0 30
0 0 -3 0 30 
0 -1 -3 0 30
0 0 -3 0 30 
->
0 -1 -3 0 30
: hits 3, misses 0 
0 0 -3 0 30 
0 -1 -4 0 30
0 0 -3 0 30 
0 -1 -4 0 30
0 0 -3 0 30 
0 -1 -3 0 30
0 0 -3 0 30 
0 -1 -3 0 30
0 0 -3 0 30 
0 -1 -3 0 30
0 0 -3 0 30 
0 -1 -3 0 30
0 0 -3 0 30 
0 -1 -3 0 30
0 0 -3 0 30 
0 -1 -3 0 30
->
0 0 0 0 0 
: hits 1, misses 0 
0 0 -3 0 30 
0 -1 -3 0 30
0 0 0 0 0 
0 -1 -3 0 0
->
0 0 0 0 0 
: hits 1, misses 0 
0 0 0 0 0 
0 -1 -3 0 0
0 0 0 0 0 
0 -1 -3 0 0
->
0 0 0 0 0 
: hits 2, misses 1 
0 0 0 0 0 
0 -1 -3 0 0
0 0 0 0 0 
0 -1 -3 0 0
->
0 0 3 0 0 
: hits 2, misses 0 
0 -1 -3 0 0
0 0 0 0 0 
0 -1 -3 0 0
0 0 3 0 0 
->
0 -1 -2 0 0
: hits 1, misses 1 
0 -1 -3 0 0
->
0 -3 0 0 0 
: hits 1, misses 0 
0 -3 0 0 0 
->
0 -1 -3 0 0
: hits 2, misses 0 
0 -3 0 0 0 
0 -1 -3 0 0
->
0 0 3 0 0 
: hits 2, misses 0 
0 -1 -3 0 0
0 -3 0 0 0 
0 -1 -3 0 0
0 0 3 0 0 
->
0 -1 -2 0 0
: hits 1, misses 0 
0 -1 -2 0 0
0 0 3 0 0 
0 -1 -3 0 0
0 0 3 0 0 
->
0 -1 -3 0 0
: hits 7, misses 0 
0 -1 -3 0 0
->
-3 0 0 0 0 
: hits 1, misses 0 
3 0 0 0 0 
->
0 -1 -3 0 0
: hits 4, misses 0 
3 0 0 0 0 
0 -1 -3 0 0
3 0 0 0 0 
->
0 -1 -3 0 0
: hits 3, misses 0 
3 0 0 0 0 
0 -1 -3 0 0
3 0 0 0 0 
0 -1 -3 0 0
3 0 0 0 0 
0 -1 -3 0 0
3 0 0 0 0 
->
0 -1 -3 0 0
: hits 1, misses 1 
3 0 0 0 0 
0 -1 -3 0 0
3 0 0 0 0 
0 -1 -3 0 0
3 0 0 0 0 
0 -1 -3 0 0
3 0 0 0 0 
0 -1 -3 0 0
3 0 0 0 0 
->
3 -2 -5 0 0
: hits 1, misses 0 
3 0 0 0 0 
0 -1 -3 0 0
3 0 0 0 0 
0 -1 -3 0 0
3 0 0 0 0 
0 -1 -3 0 0
3 0 0 0 0 
0 -1 -3 0 0
3 0 0 0 0 
3 -2 -5 0 0
3 0 0 0 0 
3 -2 -5 0 0
3 0 0 0 0 
->
2 -2 -5 0 0
: hits 1, misses 0 
3 0 0 0 0 
0 -1 -3 0 0
3 0 0 0 0 
0 -1 -3 0 0
3 0 0 0 0 
0 -1 -3 0 0
3 0 0 0 0 
0 -1 -3 0 0
3 0 0 0 0 
3 -2 -5 0 0
3 0 0 0 0 
3 -2 -5 0 0
3 0 0 0 0 
2 -2 -5 0 0
3 0 0 0 0 
->
2 -2 -5 0 0
: hits 1, misses 0 
2 -2 -5 0 0
3 0 0 0 0 
2 -2 -5 0 0
3 0 0 0 0 
2 -2 -5 0 0
3 0 0 0 0 
2 -2 -5 0 0
3 0 0 0 0 
->
1 -2 -5 0 0
: hits 2, misses 0 
3 -2 -5 0 0
3 0 0 0 0 
2 -2 -5 0 0
3 0 0 0 0 
2 -2 -5 0 0
3 0 0 0 0 
2 -2 -5 0 0
3 0 0 0 0 
2 -2 -5 0 0
3 0 0 0 0 
2 -2 -5 0 0
3 0 0 0 0 
2 -2 -5 0 0
3 0 0 0 0 
1 -2 -5 0 0
3 0 0 0 0 
->
1 -2 -5 0 0
: hits 1, misses 0 
0 0 -3 0 0 
0 -2 -6 0 0
0 0 -3 0 0 
0 -2 -6 0 0
0 0 -3 0 0 
0 -2 -6 0 0
0 0 -3 0 0 
0 -2 -6 0 0
->
3 0 0 0 0 
: hits 1, misses 0 
0 -2 -6 0 0
0 0 -3 0 0 
0 -2 -6 0 0
0 0 -3 0 0 
0 -2 -6 0 0
3 0 0 0 0 
0 -2 -6 0 0
3 0 0 0 0 
->
0 -2 -6 0 0
: hits 1, misses 0 
0 -2 -6 0 0
0 0 -3 0 0 
0 -2 -6 0 0
3 0 0 0 0 
0 -2 -6 0 0
3 0 0 0 0 
0 -2 -6 0 0
3 0 0 0 0 
->
0 -2 -5 0 0
: hits 1, misses 0 
0 0 -3 0 0 
0 -2 -6 0 0
3 0 0 0 0 
0 -2 -6 0 0
3 0 0 0 0 
0 -2 -6 0 0
3 0 0 0 0 
0 -2 -5 0 0
->
3 0 0 0 0 
: hits 1, misses 0 
0 -2 -6 0 0
3 0 0 0 0 
0 -2 -6 0 0
3 0 0 0 0 
0 -2 -6 0 0
3 0 0 0 0 
0 -2 -5 0 0
3 0 0 0 0 
->
0 -2 -5 0 0
: hits 2, misses 0 
3 0 0 0 0 
0 -2 -6 0 0
3 0 0 0 0 
0 -2 -6 0 0
3 0 0 0 0 
0 -2 -5 0 0
3 0 0 0 0 
0 -2 -5 0 0
->
3 0 0 0 0 
: hits 2, misses 0 
0 0 -3 0 0 
0 -2 -6 0 0
0 0 -3 0 0 
0 -2 -6 0 0
0 0 -3 0 0 
0 -2 -6 0 0
3 0 0 0 0 
0 -2 -6 0 0
3 0 0 0 0 
0 -2 -6 0 0
3 0 0 0 0 
0 -2 -5 0 0
3 0 0 0 0 
0 -2 -5 0 0
3 0 0 0 0 
0 -2 -5 0 0
->
3 0 0 0 0 
: hits 1, misses 0 
0 -2 -6 0 0
0 0 -3 0 0 
0 -2 -6 0 0
0 0 -3 0 0 
0 -2 -6 0 0
3 0 0 0 0 
0 -2 -6 0 0
3 0 0 0 0 
0 -2 -6 0 0
3 0 0 0 0 
0 -2 -5 0 0
3 0 0 0 0 
0 -2 -5 0 0
3 0 0 0 0 
0 -2 -5 0 0
3 0 0 0 0 
0 -2 -5 0 0
0 0 -3 0 0 
0 -2 -5 0 0
0 0 -3 0 0 
0 -2 -5 0 0
0 0 -3 0 0 
0 -2 -5 0 0
0 0 -3 0 0 
0 -2 -5 0 0
0 0 -3 0 0 
0 -2 -5 0 0
0 0 -3 0 0 
0 -2 -5 0 0
0 0 -3 0 0 
0 -2 -5 0 0
0 0 -3 0 0 
->
0 -2 -5 0 0
: hits 1, misses 0 
0 -2 -5 0 0
3 0 0 0 0 
0 -2 -5 0 0
3 0 0 0 0 
0 -2 -5 0 0
0 0 -3 0 0 
0 -2 -5 0 0
0 0 -3 0 0 
0 -2 -5 0 0
0 0 -3 0 0 
0 -2 -5 0 0
0 0 -3 0 0 
0 -2 -5 0 0
0 0 -3 0 0 
0 -2 -5 0 0
0 0 -3 0 0 
0 -2 -5 0 0
0 0 -3 0 0 
0 -2 -5 0 0
0 0 -3 0 0 
0 -2 -5 0 0
0 0 -3 0 0 
0 -2 -5 0 0
0 0 -3 0 0 
0 -2 -5 0 0
0 0 -3 0 0 
0 -2 -5 0 0
0 0 -3 0 0 
0 -2 -5 0 0
0 0 -3 0 0 
0 -2 -5 0 0
0 0 -3 0 0 
->
0 -2 -4 0 0
: hits 1, misses 0 
0 -2 -5 0 0
0 0 -3 0 0 
0 -2 -5 0 0
0 0 -3 0 0 
0 -2 -4 0 0
0 0 -3 0 0 
0 -2 -4 0 0
0 0 -3 0 0 
->
0 -2 -4 0 0
: hits 1, misses 0 
0 -2 -4 0 0
0 0 -3 0 0 
0 -2 -4 0 0
0 0 -3 0 0 
0 -2 -4 0 0
0 0 -3 0 30 
0 -2 -4 0 30
0 0 -3 0 30 
->
0 -2 -4 0 30
: hits 1, misses 0 
0 0 -3 0 0 
0 -2 -5 0 0
0 0 -3 0 0 
0 -2 -5 0 0
0 0 -3 0 0 
0 -2 -5 0 0
0 0 -3 0 0 
0 -2 -4 0 0
0 0 -3 0 0 
0 -2 -4 0 0
0 0 -3 0 0 
0 -2 -4 0 0
0 0 -3 0 30 
0 -2 -4 0 30
0 0 -3 0 30 
0 -2 -4 0 30
->
3 0 0 0 30 
: hits 1, misses 0 
0 -2 -4 0 0
0 0 -3 0 0 
0 -2 -4 0 0
0 0 -3 0 30 
0 -2 -4 0 30
0 0 -3 0 30 
0 -2 -4 0 30
3 0 0 0 30 
->
0 -2 -4 0 30
: hits 1, misses 0 
0 0 -3 0 30 
0 -2 -4 0 30
3 0 0 0 30 
0 -2 -4 0 30
->
3 0 0 0 30 
: hits 1, misses 0 
0 -2 -4 0 30
3 0 0 0 30 
0 -2 -4 0 30
3 0 0 0 30 
->
0 -2 -4 0 30
: hits 1, misses 0 
0 -2 -4 0 30
3 0 0 0 30 
0 -2 -4 0 30
0 0 -3 0 30 
->
0 -1 -4 0 30
: hits 1, misses 0 
0 -1 -4 0 30
0 0 -3 0 30 
0 -1 -4 0 30
0 0 -3 0 30 
->
0 -2 -4 0 30
: hits 1, misses 0 
0 -1 -4 0 30
0 0 -3 0 30 
0 -1 -4 0 30
0 0 -3 0 30 
0 -1 -4 0 30
0 0 -3 0 30 
0 -2 -4 0 30
0 0 -3 0 30 
->
0 -2 -3 0 30
: hits 1, misses 0 
0 0 -3 0 30 
0 -2 -3 0 30
0 0 -3 0 30 
0 -1 -3 0 30
->
0 0 -3 0 30 
: hits 3, misses 0 
0 0 -3 0 30 
0 -2 -3 0 30
0 0 -3 0 30 
0 -1 -3 0 30
0 0 -3 0 30 
0 -1 -3 0 30
0 0 -3 0 30 
0 -1 -3 0 30
->
0 0 -3 0 30 
: hits 1, misses 1 
0 0 -3 0 30 
0 -1 -4 0 30
0 0 -3 0 30 
0 -1 -4 0 30
0 0 -3 0 30 
0 -2 -4 0 30
0 0 -3 0 30 
0 -2 -3 0 30
0 0 -3 0 30 
0 -1 -3 0 30
0 0 -3 0 30 
0 -1 -3 0 30
0 0 -3 0 30 
0 -1 -3 0 30
0 0 -3 0 30 
0 -1 -3 0 30
->
0 0 0 0 30 
: hits 1, misses 0 
0 -1 -3 0 0
0 0 0 0 0 
0 -1 -3 0 0
0 0 3 0 0 
->
0 -1 -3 0 0
: hits 2, misses 0 
0 0 0 0 0 
0 -1 -3 0 0
0 0 3 0 0 
0 -1 -3 0 0
->
0 0 0 0 0 
: hits 1, misses 1 
0 -1 -3 0 0
0 0 3 0 0 
0 -1 -3 0 0
0 0 0 0 0 
->
0 -1 -2 0 0
: hits 1, misses 0 
0 0 3 0 0 
0 -1 -3 0 0
0 0 0 0 0 
0 -1 -2 0 0
->
0 0 3 0 0 
: hits 1, misses 0 
0 0 0 0 0 
0 -1 -3 0 0
0 0 3 0 0 
0 -1 -3 0 0
0 0 0 0 0 
0 -1 -2 0 0
0 0 3 0 0 
0 -1 -3 0 0
->
0 0 3 0 0 
: hits 1, misses 0 
0 -1 -2 0 0
0 0 3 0 0 
0 -1 -3 0 0
0 0 3 0 0 
0 -1 -3 0 0
0 0 3 0 0 
0 -1 -3 0 0
0 0 3 0 0 
->
0 -1 -2 0 0
: hits 1, misses 0 
0 -1 -3 0 0
->
0 3 0 0 0 
: hits 1, misses 0 
0 0 3 0 0 
0 -1 -3 0 0
0 0 3 0 0 
0 -1 -3 0 0
0 0 3 0 0 
0 -1 -3 0 0
0 3 0 0 0 
0 -1 -3 0 0
->
0 0 3 0 0 
: hits 1, misses 0 
