3 0 0 0 0 
->
6 -4 -11 0 0
: hits 58, misses 1 
6 -4 -11 0 0
->
3 0 0 0 0 
: hits 144, misses 2 
3 0 0 0 0 
->
5 -4 -11 0 0
: hits 47, misses 1 
3 0 0 0 0 
->
4 -4 -11 0 0
: hits 32, misses 1 
3 0 0 0 0 
->
4 -4 -12 0 0
: hits 18, misses 1 
4 -4 -12 0 0
->
3 0 0 0 0 
: hits 189, misses 1 
3 0 0 0 0 
->
3 -4 -12 0 0
: hits 35, misses 1 
3 0 0 0 0 
->
2 -4 -12 0 0
: hits 37, misses 1 
3 0 0 0 0 
->
2 -5 -12 0 0
: hits 9, misses 1 
2 -5 -12 0 0
->
3 0 0 0 0 
: hits 98, misses 2 
3 0 0 0 0 
->
1 -5 -12 0 0
: hits 8, misses 1 
3 0 0 0 0 
->
1 -5 -13 0 0
: hits 5, misses 1 
3 0 0 0 0 
->
0 -4 -13 0 0
: hits 20, misses 1 
0 -4 -13 0 0
->
3 0 0 0 0 
: hits 57, misses 1 
0 -4 -13 0 0
->
0 0 -3 0 0 
: hits 210, misses 1 
0 0 -3 0 0 
->
0 -4 -13 0 0
: hits 54, misses 1 
0 0 -3 0 0 
->
-1 -4 -13 0 0
: hits 8, misses 1 
-1 -4 -13 0 0
0 0 -3 0 0 
->
0 -4 -13 0 0
: hits 49, misses 6 
0 0 -3 0 0 
->
0 -4 -12 0 0
: hits 31, misses 1 
0 0 -3 0 0 
0 -4 -12 0 0
->
0 0 -3 0 0 
: hits 204, misses 2 
0 0 -3 0 0 
->
0 -4 -11 0 0
: hits 39, misses 1 
0 0 -3 0 0 
->
0 -4 -10 0 0
: hits 44, misses 1 
0 0 -3 0 0 
->
0 -4 -9 0 0
: hits 28, misses 1 
0 -4 -9 0 0
->
0 0 -3 0 0 
: hits 53, misses 2 
0 -4 -9 0 0
->
0 0 0 0 30 
: hits 3, misses 2 
0 0 0 0 30 
->
0 -4 -9 0 30
: hits 3, misses 1 
0 -4 -9 0 30
->
3 0 0 0 30 
: hits 26, misses 1 
0 -4 -9 0 30
3 0 0 0 30 
->
0 -4 -9 0 30
: hits 2, misses 2 
3 0 0 0 30 
0 -4 -9 0 30
->
0 0 0 0 30 
: hits 5, misses 2 
0 0 0 0 30 
->
0 -4 -8 0 30
: hits 9, misses 1 
0 0 0 0 30 
0 -4 -8 0 30
->
3 0 0 0 30 
: hits 9, misses 3 
0 -4 -8 0 30
3 0 0 0 30 
->
0 -4 -8 0 30
: hits 8, misses 5 
0 0 0 0 30 
0 -4 -8 0 30
3 0 0 0 30 
0 -4 -8 0 30
->
3 0 0 0 30 
: hits 3, misses 1 
3 0 0 0 30 
->
0 -3 -8 0 30
: hits 11, misses 1 
3 0 0 0 30 
0 -3 -8 0 30
->
3 0 0 0 30 
: hits 14, misses 5 
0 -3 -8 0 30
3 0 0 0 30 
->
0 -3 -8 0 30
: hits 10, misses 3 
0 -3 -8 0 30
->
0 0 -3 0 30 
: hits 77, misses 2 
0 0 -3 0 30 
->
0 -4 -8 0 30
: hits 16, misses 1 
0 0 -3 0 30 
->
-1 -4 -8 0 30
: hits 10, misses 1 
-1 -4 -8 0 30
->
0 0 -3 0 30 
: hits 110, misses 1 
0 0 -3 0 30 
->
-1 -3 -8 0 30
: hits 23, misses 1 
-1 -3 -8 0 30
->
3 0 0 0 30 
: hits 10, misses 2 
3 0 0 0 30 
->
-1 -3 -7 0 30
: hits 4, misses 1 
3 0 0 0 30 
-1 -3 -7 0 30
->
3 0 0 0 30 
: hits 5, misses 3 
-1 -3 -7 0 30
3 0 0 0 30 
->
-1 -3 -7 0 30
: hits 3, misses 3 
3 0 0 0 30 
-1 -3 -7 0 30
->
0 0 -3 0 30 
: hits 4, misses 3 
0 0 -3 0 30 
->
-1 -3 -7 0 30
: hits 43, misses 1 
0 0 -3 0 30 
-1 -3 -7 0 30
->
0 0 -3 0 30 
: hits 88, misses 6 
0 0 -3 0 30 
->
0 -3 -7 0 30
: hits 5, misses 1 
0 0 -3 0 30 
->
0 -3 -6 0 30
: hits 6, misses 1 
0 0 -3 0 30 
->
-1 -3 -6 0 30
: hits 3, misses 1 
-1 -3 -6 0 30
->
3 0 0 0 0 
: hits 44, misses 1 
3 0 0 0 0 
->
-1 -3 -6 0 0
: hits 138, misses 1 
-1 -3 -6 0 0
->
0 0 0 0 0 
: hits 23, misses 1 
-1 -3 -6 0 0
->
0 0 3 0 0 
: hits 174, misses 3 
-1 -3 -6 0 0
0 0 3 0 0 
->
-1 -3 -6 0 0
: hits 129, misses 8 
0 0 -3 0 0 
->
-1 -3 -6 0 0
: hits 87, misses 1 
0 0 -3 0 0 
-1 -3 -6 0 0
->
3 0 0 0 0 
: hits 9, misses 1 
3 0 0 0 0 
-1 -3 -6 0 0
->
3 0 0 0 0 
: hits 41, misses 2 
3 0 0 0 0 
->
0 -3 -7 0 0
: hits 6, misses 1 
0 -3 -7 0 0
->
3 0 0 0 0 
: hits 5, misses 1 
0 -3 -7 0 0
3 0 0 0 0 
->
6 -4 -11 0 0
: hits 4, misses 2 
6 -4 -11 0 0
3 0 0 0 0 
->
6 -4 -11 0 0
: hits 41, misses 2 
6 -4 -11 0 0
3 0 0 0 0 
->
5 -4 -11 0 0
: hits 44, misses 3 
5 -4 -11 0 0
3 0 0 0 0 
->
4 -4 -11 0 0
: hits 29, misses 2 
3 0 0 0 0 
->
4 -5 -11 0 0
: hits 1, misses 1 
3 0 0 0 0 
->
3 -4 -11 0 0
: hits 6, misses 1 
3 -4 -11 0 0
3 0 0 0 0 
->
3 -4 -11 0 0
: hits 5, misses 1 
3 -4 -11 0 0
3 0 0 0 0 
->
3 -4 -12 0 0
: hits 31, misses 2 
3 -4 -12 0 0
->
0 0 0 0 0 
: hits 2, misses 1 
3 -4 -12 0 0
0 0 0 0 0 
->
2 -5 -12 0 0
: hits 1, misses 1 
2 -5 -12 0 0
->
0 0 -3 0 0 
: hits 32, misses 1 
0 0 -3 0 0 
->
2 -5 -12 0 0
: hits 1, misses 1 
0 0 -3 0 0 
->
1 -5 -12 0 0
: hits 7, misses 1 
0 0 -3 0 0 
->
1 -4 -12 0 0
: hits 10, misses 1 
1 -4 -12 0 0
0 0 -3 0 0 
->
1 -5 -12 0 0
: hits 3, misses 2 
0 0 -3 0 0 
->
1 -5 -11 0 0
: hits 1, misses 1 
0 0 -3 0 0 
->
1 -4 -11 0 0
: hits 17, misses 1 
1 -4 -11 0 0
0 0 -3 0 0 
->
1 -4 -11 0 0
: hits 16, misses 3 
0 0 -3 0 0 
->
2 -4 -11 0 0
: hits 1, misses 1 
0 0 -3 0 0 
2 -4 -11 0 0
->
0 0 -3 0 0 
: hits 81, misses 2 
0 0 -3 0 0 
->
2 -4 -10 0 0
: hits 5, misses 1 
2 -4 -10 0 0
0 0 -3 0 0 
->
2 -4 -10 0 0
: hits 4, misses 2 
0 0 -3 0 0 
->
2 -4 -9 0 0
: hits 3, misses 1 
2 -4 -9 0 0
0 0 -3 0 0 
->
2 -4 -9 0 0
: hits 2, misses 3 
2 -4 -9 0 0
->
3 0 0 0 0 
: hits 32, misses 2 
3 0 0 0 0 
->
2 -4 -9 0 0
: hits 1, misses 1 
3 0 0 0 0 
->
2 -4 -8 0 0
: hits 4, misses 1 
2 -4 -8 0 0
3 0 0 0 0 
->
2 -4 -8 0 0
: hits 3, misses 3 
3 0 0 0 0 
->
1 -4 -8 0 0
: hits 10, misses 1 
1 -4 -8 0 0
3 0 0 0 0 
->
1 -4 -8 0 0
: hits 9, misses 3 
3 0 0 0 0 
1 -4 -8 0 0
->
0 0 -3 0 0 
: hits 5, misses 2 
0 0 -3 0 0 
->
1 -4 -8 0 0
: hits 3, misses 1 
0 0 -3 0 0 
1 -4 -8 0 0
->
0 0 -3 0 0 
: hits 41, misses 3 
1 -4 -8 0 0
0 0 -3 0 0 
->
1 -4 -8 0 0
: hits 2, misses 2 
0 0 -3 0 0 
->
0 -4 -8 0 0
: hits 9, misses 1 
0 -4 -8 0 0
0 0 -3 0 0 
->
0 -4 -8 0 0
: hits 8, misses 2 
0 0 -3 0 0 
0 -4 -8 0 0
->
0 0 -3 0 30 
: hits 16, misses 2 
0 -4 -8 0 0
0 0 -3 0 30 
->
0 -4 -8 0 30
: hits 13, misses 2 
0 0 -3 0 30 
0 -4 -8 0 30
->
3 0 0 0 30 
: hits 9, misses 1 
3 0 0 0 30 
->
0 -4 -7 0 30
: hits 5, misses 1 
3 0 0 0 30 
0 -4 -8 0 30
->
0 0 -3 0 30 
: hits 8, misses 3 
0 0 -3 0 30 
->
0 -4 -7 0 30
: hits 4, misses 1 
0 0 -3 0 30 
0 -4 -7 0 30
->
0 0 -3 0 30 
: hits 42, misses 3 
0 -4 -7 0 30
0 0 -3 0 30 
->
0 -4 -7 0 30
: hits 3, misses 2 
0 0 -3 0 30 
->
-1 -4 -7 0 30
: hits 6, misses 1 
-1 -4 -7 0 30
0 0 -3 0 30 
->
-1 -4 -7 0 30
: hits 5, misses 3 
-1 -4 -7 0 30
0 0 -3 0 30 
->
-1 -3 -7 0 30
: hits 38, misses 4 
-1 -3 -7 0 30
->
0 0 0 0 30 
: hits 11, misses 1 
0 0 0 0 30 
->
-1 -3 -6 0 30
: hits 7, misses 1 
-1 -3 -6 0 30
->
0 0 -3 0 30 
: hits 70, misses 1 
-1 -3 -6 0 30
0 0 -3 0 30 
->
-1 -3 -6 0 30
: hits 2, misses 1 
0 0 -3 0 30 
-1 -3 -6 0 30
->
0 0 3 0 0 
: hits 3, misses 1 
-1 -3 -6 0 30
0 0 -3 0 30 
-1 -3 -6 0 30
0 0 3 0 0 
->
-1 -3 -6 0 0
: hits 9, misses 2 
0 0 3 0 0 
-1 -3 -6 0 0
->
0 0 3 0 0 
: hits 151, misses 4 
0 0 3 0 0 
->
-1 -4 -5 0 0
: hits 19, misses 1 
0 0 3 0 0 
->
-1 -4 -6 0 0
: hits 20, misses 1 
-1 -4 -6 0 0
0 0 3 0 0 
->
-1 -4 -5 0 0
: hits 17, misses 1 
-1 -4 -5 0 0
0 0 3 0 0 
->
-1 -4 -6 0 0
: hits 19, misses 2 
0 0 3 0 0 
->
-1 -4 -6 0 0
: hits 16, misses 1 
0 0 3 0 0 
-1 -4 -6 0 0
->
3 0 0 0 0 
: hits 9, misses 1 
-1 -4 -5 0 0
3 0 0 0 0 
->
6 -4 -11 0 0
: hits 13, misses 1 
-1 -4 -5 0 0
3 0 0 0 0 
6 -4 -11 0 0
3 0 0 0 0 
->
6 -4 -11 0 0
: hits 14, misses 1 
6 -4 -11 0 0
3 0 0 0 0 
6 -4 -11 0 0
3 0 0 0 0 
->
5 -4 -11 0 0
: hits 40, misses 4 
5 -4 -11 0 0
3 0 0 0 0 
5 -4 -11 0 0
3 0 0 0 0 
->
4 -4 -11 0 0
: hits 24, misses 3 
4 -4 -11 0 0
3 0 0 0 0 
->
4 -4 -12 0 0
: hits 17, misses 1 
4 -4 -12 0 0
3 0 0 0 0 
4 -4 -12 0 0
3 0 0 0 0 
->
3 -4 -12 0 0
: hits 27, misses 3 
3 0 0 0 0 
3 -4 -12 0 0
->
3 0 0 0 0 
: hits 133, misses 2 
3 -4 -12 0 0
3 0 0 0 0 
->
2 -4 -12 0 0
: hits 36, misses 2 
2 -4 -12 0 0
3 0 0 0 0 
->
2 -5 -12 0 0
: hits 6, misses 1 
2 -5 -12 0 0
3 0 0 0 0 
->
1 -5 -12 0 0
: hits 6, misses 1 
3 0 0 0 0 
1 -5 -12 0 0
->
0 0 -3 0 0 
: hits 7, misses 1 
0 0 -3 0 0 
->
1 -5 -13 0 0
: hits 4, misses 1 
1 -5 -13 0 0
0 0 -3 0 0 
->
1 -5 -13 0 0
: hits 3, misses 1 
0 0 -3 0 0 
->
0 -5 -13 0 0
: hits 4, misses 1 
0 -5 -13 0 0
0 0 -3 0 0 
->
0 -4 -13 0 0
: hits 44, misses 3 
0 -4 -13 0 0
0 0 -3 0 0 
->
0 -4 -12 0 0
: hits 28, misses 2 
0 -4 -12 0 0
0 0 -3 0 0 
->
0 -4 -11 0 0
: hits 33, misses 3 
0 -4 -11 0 0
0 0 -3 0 0 
0 -4 -11 0 0
0 0 -3 0 0 
->
1 -4 -11 0 0
: hits 10, misses 2 
0 0 -3 0 0 
->
1 -4 -10 0 0
: hits 12, misses 1 
1 -4 -10 0 0
0 0 -3 0 0 
->
1 -4 -10 0 0
: hits 11, misses 2 
1 -4 -10 0 0
->
3 0 0 0 0 
: hits 37, misses 1 
3 0 0 0 0 
->
1 -4 -10 0 0
: hits 12, misses 1 
3 0 0 0 0 
->
1 -4 -9 0 0
: hits 10, misses 1 
3 0 0 0 0 
1 -4 -9 0 0
->
3 0 0 0 0 
: hits 20, misses 2 
1 -4 -9 0 0
3 0 0 0 0 
->
1 -4 -9 0 0
: hits 8, misses 1 
3 0 0 0 0 
1 -4 -9 0 0
3 0 0 0 0 
1 -4 -9 0 0
->
0 0 -3 0 0 
: hits 3, misses 2 
0 0 -3 0 0 
->
1 -4 -9 0 0
: hits 10, misses 1 
1 -4 -9 0 0
0 0 -3 0 0 
->
1 -4 -9 0 0
: hits 7, misses 1 
1 -4 -9 0 0
0 0 -3 0 0 
->
0 -4 -9 0 0
: hits 21, misses 3 
0 0 -3 0 0 
0 -4 -9 0 0
->
3 0 0 0 0 
: hits 5, misses 2 
3 0 0 0 0 
->
0 -4 -9 0 0
: hits 12, misses 1 
0 0 -3 0 0 
0 -4 -9 0 0
3 0 0 0 0 
0 -4 -9 0 0
->
3 0 0 0 0 
: hits 2, misses 1 
3 0 0 0 0 
->
0 -4 -8 0 0
: hits 4, misses 1 
0 -4 -8 0 0
->
0 0 0 0 0 
: hits 6, misses 0 
0 -4 -8 0 0
0 0 0 0 0 
->
0 -4 -8 0 0
: hits 2, misses 1 
0 0 0 0 0 
0 -4 -8 0 0
->
0 0 -3 0 0 
: hits 1, misses 1 
0 -4 -8 0 0
0 0 0 0 0 
0 -4 -8 0 0
0 0 -3 0 0 
->
0 -4 -8 0 0
: hits 1, misses 0 
0 0 0 0 0 
0 -4 -8 0 0
0 0 -3 0 0 
0 -4 -8 0 0
->
0 0 -3 0 0 
: hits 1, misses 0 
0 -4 -8 0 0
0 0 -3 0 0 
0 -4 -8 0 0
0 0 -3 0 0 
->
0 -4 -8 0 0
: hits 5, misses 5 
0 0 -3 0 0 
->
0 -4 -7 0 0
: hits 2, misses 0 
0 0 -3 0 0 
0 -4 -8 0 0
0 0 -3 0 0 
0 -4 -7 0 0
->
0 0 -3 0 0 
: hits 3, misses 1 
0 -4 -7 0 0
0 0 -3 0 0 
->
0 -4 -7 0 0
: hits 1, misses 1 
0 0 -3 0 0 
0 -4 -7 0 0
0 0 -3 0 0 
0 -4 -7 0 0
->
3 0 0 0 0 
: hits 1, misses 1 
3 0 0 0 0 
->
0 -4 -7 0 0
: hits 1, misses 1 
0 -4 -7 0 0
3 0 0 0 0 
->
0 -3 -7 0 0
: hits 2, misses 2 
0 -3 -7 0 0
->
3 0 0 0 30 
: hits 14, misses 1 
3 0 0 0 30 
->
0 -3 -6 0 30
: hits 1, misses 1 
3 0 0 0 30 
0 -3 -6 0 30
->
0 0 -3 0 30 
: hits 3, misses 1 
0 -3 -6 0 30
0 0 -3 0 30 
->
0 -3 -6 0 30
: hits 5, misses 1 
3 0 0 0 30 
0 -3 -6 0 30
0 0 -3 0 30 
0 -3 -6 0 30
->
0 0 -3 0 30 
: hits 3, misses 0 
0 0 -3 0 30 
->
0 -4 -6 0 30
: hits 2, misses 0 
0 -4 -6 0 30
0 0 -3 0 30 
->
0 -4 -6 0 30
: hits 1, misses 1 
0 -4 -6 0 30
0 0 -3 0 30 
->
-1 -3 -7 0 30
: hits 3, misses 1 
0 -4 -6 0 30
0 0 -3 0 30 
-1 -3 -7 0 30
0 0 -3 0 30 
->
-1 -3 -7 0 30
: hits 3, misses 0 
-1 -3 -7 0 30
0 0 -3 0 30 
-1 -3 -7 0 30
0 0 -3 0 30 
->
-1 -3 -6 0 30
: hits 1, misses 2 
0 0 -3 0 30 
-1 -3 -6 0 30
->
0 0 0 0 30 
: hits 5, misses 1 
-1 -3 -6 0 30
0 0 0 0 30 
->
-1 -3 -6 0 30
: hits 6, misses 1 
0 0 0 0 30 
-1 -3 -6 0 30
->
0 0 0 0 30 
: hits 3, misses 2 
0 0 0 0 30 
-1 -3 -6 0 30
->
0 0 0 0 0 
: hits 6, misses 1 
0 0 0 0 0 
->
-1 -3 -5 0 0
: hits 27, misses 1 
0 0 0 0 0 
-1 -3 -5 0 0
->
0 0 0 0 0 
: hits 15, misses 2 
-1 -3 -5 0 0
0 0 0 0 0 
->
-1 -3 -5 0 0
: hits 16, misses 2 
0 0 0 0 0 
-1 -3 -5 0 0
->
3 0 0 0 0 
: hits 4, misses 1 
-1 -3 -5 0 0
0 0 0 0 0 
-1 -3 -5 0 0
3 0 0 0 0 
->
-1 -3 -5 0 0
: hits 1, misses 1 
0 0 0 0 0 
-1 -3 -5 0 0
3 0 0 0 0 
-1 -3 -5 0 0
->
0 0 0 0 0 
: hits 1, misses 1 
0 0 0 0 0 
->
-2 -3 -5 0 0
: hits 5, misses 1 
-2 -3 -5 0 0
0 0 0 0 0 
->
-2 -3 -5 0 0
: hits 4, misses 2 
0 0 0 0 0 
->
-2 -2 -5 0 0
: hits 3, misses 1 
0 0 0 0 0 
-2 -3 -5 0 0
0 0 0 0 0 
-2 -2 -5 0 0
->
3 0 0 0 0 
: hits 1, misses 1 
-2 -2 -5 0 0
3 0 0 0 0 
->
-2 -2 -5 0 0
: hits 2, misses 1 
-2 -2 -5 0 0
->
0 0 0 0 0 
: hits 5, misses 0 
-2 -2 -5 0 0
0 0 0 0 0 
-2 -2 -5 0 0
0 0 0 0 0 
->
-2 -3 -5 0 0
: hits 3, misses 0 
0 0 0 0 0 
-2 -2 -5 0 0
0 0 0 0 0 
-2 -3 -5 0 0
->
0 0 0 0 0 
: hits 2, misses 1 
0 0 0 0 0 
-2 -3 -5 0 0
->
0 0 3 0 0 
: hits 9, misses 1 
-2 -3 -5 0 0
0 0 0 0 0 
-2 -3 -5 0 0
0 0 3 0 0 
->
-1 -3 -6 0 0
: hits 10, misses 0 
0 0 0 0 0 
-2 -3 -5 0 0
0 0 3 0 0 
-1 -3 -6 0 0
->
0 0 3 0 0 
: hits 5, misses 1 
-1 -3 -6 0 0
0 0 3 0 0 
->
-1 -3 -5 0 0
: hits 20, misses 2 
-1 -3 -6 0 0
0 0 3 0 0 
-1 -3 -5 0 0
0 0 3 0 0 
->
-1 -3 -6 0 0
: hits 71, misses 7 
-1 -3 -5 0 0
0 0 3 0 0 
-1 -3 -6 0 0
0 0 3 0 0 
->
-1 -3 -5 0 0
: hits 14, misses 3 
-1 -3 -6 0 0
0 0 3 0 0 
-1 -3 -5 0 0
0 0 3 0 0 
-1 -3 -6 0 0
0 0 3 0 0 
-1 -3 -5 0 0
0 0 3 0 0 
->
-1 -3 -6 0 0
: hits 44, misses 2 
0 0 3 0 0 
-1 -3 -6 0 0
->
0 0 0 0 0 
: hits 5, misses 1 
-1 -3 -6 0 0
0 0 3 0 0 
-1 -3 -6 0 0
0 0 0 0 0 
->
-1 -3 -5 0 0
: hits 5, misses 1 
0 0 3 0 0 
-1 -3 -6 0 0
0 0 0 0 0 
-1 -3 -5 0 0
->
0 0 0 0 0 
: hits 1, misses 1 
-1 -3 -6 0 0
0 0 0 0 0 
-1 -3 -5 0 0
0 0 0 0 0 
->
-1 -3 -5 0 0
: hits 1, misses 1 
0 0 0 0 0 
-1 -3 -5 0 0
0 0 0 0 0 
-1 -3 -5 0 0
->
0 0 3 0 0 
: hits 3, misses 1 
-1 -3 -6 0 0
0 0 3 0 0 
-1 -3 -6 0 0
0 0 0 0 0 
-1 -3 -5 0 0
0 0 0 0 0 
-1 -3 -5 0 0
0 0 3 0 0 
->
-1 -3 -6 0 0
: hits 9, misses 0 
-1 -3 -6 0 0
0 0 0 0 0 
-1 -3 -5 0 0
0 0 0 0 0 
-1 -3 -5 0 0
0 0 3 0 0 
-1 -3 -6 0 0
0 0 3 0 0 
->
-1 -3 -5 0 0
: hits 1, misses 1 
0 0 3 0 0 
-1 -3 -6 0 0
0 0 3 0 0 
-1 -3 -5 0 0
->
0 0 3 0 0 
: hits 75, misses 3 
-1 -3 -5 0 0
0 0 0 0 0 
-1 -3 -5 0 0
0 0 3 0 0 
-1 -3 -6 0 0
0 0 3 0 0 
-1 -3 -5 0 0
0 0 3 0 0 
->
-1 -3 -6 0 0
: hits 10, misses 0 
0 0 3 0 0 
->
-1 -3 -6 0 0
: hits 113, misses 1 
0 0 3 0 0 
-1 -3 -6 0 0
->
3 0 0 0 0 
: hits 33, misses 1 
0 0 3 0 0 
-1 -3 -6 0 0
3 0 0 0 0 
->
-1 -3 -6 0 0
: hits 86, misses 1 
0 0 3 0 0 
-1 -3 -6 0 0
3 0 0 0 0 
-1 -3 -6 0 0
->
3 0 0 0 0 
: hits 30, misses 2 
-1 -3 -6 0 0
3 0 0 0 0 
-1 -3 -6 0 0
3 0 0 0 0 
->
6 -4 -11 0 0
: hits 11, misses 3 
6 -4 -11 0 0
3 0 0 0 0 
6 -4 -11 0 0
3 0 0 0 0 
->
6 -4 -11 0 0
: hits 25, misses 1 
-1 -3 -6 0 0
3 0 0 0 0 
6 -4 -11 0 0
3 0 0 0 0 
6 -4 -11 0 0
3 0 0 0 0 
6 -4 -11 0 0
3 0 0 0 0 
->
5 -4 -11 0 0
: hits 7, misses 2 
6 -4 -11 0 0
3 0 0 0 0 
5 -4 -11 0 0
3 0 0 0 0 
5 -4 -11 0 0
3 0 0 0 0 
5 -4 -11 0 0
3 0 0 0 0 
->
4 -4 -11 0 0
: hits 18, misses 2 
3 0 0 0 0 
->
4 -5 -12 0 0
: hits 1, misses 1 
3 -4 -12 0 0
3 0 0 0 0 
3 -4 -12 0 0
3 0 0 0 0 
->
2 -4 -12 0 0
: hits 33, misses 4 
3 -4 -12 0 0
3 0 0 0 0 
2 -4 -12 0 0
3 0 0 0 0 
->
2 -5 -12 0 0
: hits 5, misses 1 
2 -4 -12 0 0
3 0 0 0 0 
2 -5 -12 0 0
3 0 0 0 0 
->
1 -5 -12 0 0
: hits 4, misses 2 
3 0 0 0 0 
1 -5 -12 0 0
->
3 0 0 0 0 
: hits 64, misses 1 
1 -5 -12 0 0
3 0 0 0 0 
->
1 -5 -13 0 0
: hits 4, misses 1 
3 0 0 0 0 
1 -5 -13 0 0
3 0 0 0 0 
1 -5 -13 0 0
->
0 0 -3 0 0 
: hits 1, misses 2 
1 -5 -13 0 0
0 0 -3 0 0 
->
0 -5 -13 0 0
: hits 3, misses 2 
0 -5 -13 0 0
0 0 -3 0 0 
0 -5 -13 0 0
0 0 -3 0 0 
->
0 -4 -13 0 0
: hits 28, misses 3 
0 -4 -13 0 0
0 0 -3 0 0 
0 -4 -13 0 0
0 0 -3 0 0 
->
0 -4 -12 0 0
: hits 25, misses 4 
0 -4 -12 0 0
0 0 -3 0 0 
0 -4 -12 0 0
0 0 -3 0 0 
->
0 -4 -11 0 0
: hits 26, misses 4 
0 -4 -11 0 0
0 0 -3 0 0 
->
0 -4 -10 0 0
: hits 38, misses 3 
0 -4 -11 0 0
0 0 -3 0 0 
0 -4 -10 0 0
0 0 -3 0 0 
->
0 -4 -10 0 0
: hits 34, misses 4 
0 -4 -10 0 0
0 0 -3 0 0 
->
0 -4 -9 0 0
: hits 5, misses 1 
0 -4 -10 0 0
0 0 -3 0 0 
0 -4 -9 0 0
0 0 -3 0 0 
->
0 -4 -9 0 0
: hits 5, misses 2 
0 -4 -9 0 0
0 0 -3 0 0 
0 -4 -9 0 0
0 0 -3 0 0 
->
0 -4 -9 0 0
: hits 10, misses 5 
0 -4 -9 0 0
0 0 -3 0 0 
0 -4 -9 0 0
0 0 -3 0 0 
->
1 -4 -9 0 0
: hits 3, misses 2 
0 0 -3 0 0 
1 -4 -9 0 0
0 0 -3 0 0 
1 -4 -9 0 0
->
3 0 0 0 0 
: hits 2, misses 2 
1 -4 -9 0 0
0 0 -3 0 0 
1 -4 -9 0 0
3 0 0 0 0 
->
1 -4 -8 0 0
: hits 1, misses 1 
1 -4 -9 0 0
3 0 0 0 0 
1 -4 -8 0 0
3 0 0 0 0 
->
1 -4 -8 0 0
: hits 7, misses 4 
3 0 0 0 0 
1 -4 -8 0 0
3 0 0 0 0 
1 -4 -8 0 0
->
3 0 0 0 0 
: hits 13, misses 2 
3 0 0 0 0 
1 -4 -8 0 0
->
0 0 0 0 30 
: hits 1, misses 1 
0 0 0 0 30 
->
1 -4 -8 0 30
: hits 1, misses 0 
3 0 0 0 30 
->
1 -4 -7 0 30
: hits 1, misses 1 
0 0 0 0 30 
1 -4 -8 0 30
3 0 0 0 30 
1 -4 -7 0 30
->
3 0 0 0 30 
: hits 1, misses 0 
1 -4 -7 0 30
3 0 0 0 30 
->
0 -4 -7 0 30
: hits 3, misses 1 
3 0 0 0 30 
1 -4 -7 0 30
3 0 0 0 30 
0 -4 -7 0 30
->
0 0 0 0 30 
: hits 1, misses 1 
0 -4 -7 0 30
0 0 0 0 30 
->
0 -4 -7 0 30
: hits 3, misses 1 
0 -4 -7 0 30
3 0 0 0 30 
0 -4 -7 0 30
3 0 0 0 30 
->
0 -4 -8 0 30
: hits 2, misses 2 
3 0 0 0 30 
0 -4 -7 0 30
3 0 0 0 30 
0 -4 -8 0 30
->
3 0 0 0 30 
: hits 1, misses 1 
3 0 0 0 30 
->
-1 -4 -8 0 30
: hits 2, misses 0 
3 0 0 0 30 
0 -4 -8 0 30
3 0 0 0 30 
-1 -4 -8 0 30
->
0 0 -3 0 30 
: hits 2, misses 0 
-1 -4 -8 0 30
0 0 -3 0 30 
->
-1 -4 -8 0 30
: hits 8, misses 3 
0 0 -3 0 30 
-1 -4 -8 0 30
->
0 0 0 0 30 
: hits 5, misses 2 
-1 -4 -8 0 30
0 0 0 0 30 
->
-1 -4 -8 0 30
: hits 1, misses 1 
0 0 0 0 30 
-1 -4 -8 0 30
->
0 0 -3 0 30 
: hits 1, misses 0 
0 0 0 0 30 
-1 -4 -8 0 30
0 0 -3 0 30 
-1 -4 -8 0 30
->
0 0 -3 0 30 
: hits 1, misses 0 
-1 -4 -8 0 30
0 0 -3 0 30 
-1 -4 -8 0 30
0 0 -3 0 30 
->
-1 -4 -7 0 30
: hits 2, misses 2 
0 0 -3 0 30 
-1 -4 -8 0 30
0 0 -3 0 30 
-1 -4 -7 0 30
->
0 0 -3 0 30 
: hits 10, misses 0 
-1 -4 -8 0 30
0 0 -3 0 30 
-1 -4 -7 0 30
0 0 -3 0 30 
->
-1 -3 -7 0 30
: hits 9, misses 0 
-1 -4 -8 0 30
0 0 -3 0 30 
-1 -4 -8 0 30
0 0 -3 0 30 
-1 -4 -7 0 30
0 0 -3 0 30 
-1 -3 -7 0 30
0 0 -3 0 30 
->
-1 -3 -7 0 30
: hits 4, misses 0 
0 0 -3 0 30 
-1 -3 -7 0 30
0 0 -3 0 30 
-1 -3 -7 0 30
->
0 0 3 0 0 
: hits 2, misses 2 
0 0 3 0 0 
->
-1 -3 -7 0 0
: hits 4, misses 0 
0 0 -3 0 30 
-1 -3 -7 0 30
0 0 3 0 0 
-1 -3 -7 0 0
->
0 0 3 0 0 
: hits 3, misses 2 
0 0 3 0 0 
->
-1 -3 -6 0 0
: hits 101, misses 0 
0 0 3 0 0 
-1 -3 -6 0 0
->
3 0 0 0 0 
: hits 29, misses 1 
0 0 3 0 0 
-1 -3 -6 0 0
3 0 0 0 0 
->
-1 -3 -6 0 0
: hits 75, misses 1 
0 0 3 0 0 
-1 -3 -6 0 0
3 0 0 0 0 
-1 -3 -6 0 0
3 0 0 0 0 
->
-1 -3 -6 0 0
: hits 24, misses 1 
-1 -3 -6 0 0
3 0 0 0 0 
-1 -3 -6 0 0
3 0 0 0 0 
-1 -3 -6 0 0
3 0 0 0 0 
-1 -3 -6 0 0
3 0 0 0 0 
->
6 -4 -11 0 0
: hits 10, misses 2 
-1 -3 -6 0 0
3 0 0 0 0 
-1 -3 -6 0 0
3 0 0 0 0 
6 -4 -11 0 0
3 0 0 0 0 
6 -4 -11 0 0
3 0 0 0 0 
->
6 -4 -11 0 0
: hits 11, misses 1 
6 -4 -11 0 0
3 0 0 0 0 
6 -4 -11 0 0
3 0 0 0 0 
6 -4 -11 0 0
3 0 0 0 0 
5 -4 -11 0 0
3 0 0 0 0 
->
5 -4 -11 0 0
: hits 25, misses 2 
-1 -3 -6 0 0
3 0 0 0 0 
-1 -3 -6 0 0
3 0 0 0 0 
6 -4 -11 0 0
3 0 0 0 0 
6 -4 -11 0 0
3 0 0 0 0 
6 -4 -11 0 0
3 0 0 0 0 
5 -4 -11 0 0
3 0 0 0 0 
5 -4 -11 0 0
3 0 0 0 0 
5 -4 -11 0 0
3 0 0 0 0 
->
4 -4 -11 0 0
: hits 7, misses 2 
5 -4 -11 0 0
3 0 0 0 0 
4 -4 -11 0 0
3 0 0 0 0 
->
4 -4 -12 0 0
: hits 12, misses 1 
4 -4 -12 0 0
3 0 0 0 0 
4 -4 -12 0 0
3 0 0 0 0 
->
4 -4 -12 0 0
: hits 8, misses 2 
4 -4 -11 0 0
3 0 0 0 0 
4 -4 -12 0 0
3 0 0 0 0 
4 -4 -12 0 0
3 0 0 0 0 
4 -4 -12 0 0
3 0 0 0 0 
->
3 -4 -12 0 0
: hits 11, misses 1 
3 0 0 0 0 
3 -4 -12 0 0
->
0 0 -3 0 0 
: hits 5, misses 1 
0 0 -3 0 0 
->
3 -4 -12 0 0
: hits 1, misses 0 
0 0 -3 0 0 
3 -4 -12 0 0
->
3 0 0 0 0 
: hits 3, misses 1 
3 -4 -12 0 0
0 0 -3 0 0 
3 -4 -12 0 0
3 0 0 0 0 
->
2 -4 -12 0 0
: hits 1, misses 0 
0 0 -3 0 0 
3 -4 -12 0 0
3 0 0 0 0 
2 -4 -12 0 0
->
3 0 0 0 0 
: hits 1, misses 0 
4 -4 -12 0 0
3 0 0 0 0 
3 -4 -12 0 0
0 0 -3 0 0 
3 -4 -12 0 0
3 0 0 0 0 
2 -4 -12 0 0
3 0 0 0 0 
->
2 -4 -12 0 0
: hits 1, misses 0 
3 0 0 0 0 
->
1 -4 -12 0 0
: hits 15, misses 0 
1 -4 -12 0 0
3 0 0 0 0 
->
1 -4 -12 0 0
: hits 14, misses 2 
3 0 0 0 0 
->
1 -4 -13 0 0
: hits 6, misses 0 
1 -4 -13 0 0
3 0 0 0 0 
->
0 -4 -13 0 0
: hits 17, misses 4 
3 0 0 0 0 
0 -4 -13 0 0
->
3 0 0 0 0 
: hits 46, misses 4 
3 0 0 0 0 
->
0 -4 -14 0 0
: hits 1, misses 0 
3 0 0 0 0 
0 -4 -14 0 0
->
0 0 -3 0 0 
: hits 7, misses 2 
0 0 -3 0 0 
->
0 -4 -14 0 0
: hits 2, misses 0 
0 0 -3 0 0 
->
-1 -4 -14 0 0
: hits 6, misses 0 
-1 -4 -14 0 0
->
0 0 -3 0 0 
: hits 53, misses 0 
-1 -4 -14 0 0
0 0 -3 0 0 
->
-1 -4 -14 0 0
: hits 5, misses 2 
0 0 -3 0 0 
->
-2 -4 -14 0 0
: hits 4, misses 0 
-2 -4 -14 0 0
0 0 -3 0 0 
->
-2 -4 -14 0 0
: hits 3, misses 1 
0 0 -3 0 0 
->
-2 -4 -13 0 0
: hits 1, misses 0 
-2 -4 -13 0 0
0 0 -3 0 0 
->
-1 -4 -13 0 0
: hits 5, misses 2 
0 0 -3 0 0 
->
-1 -4 -12 0 0
: hits 3, misses 0 
-1 -4 -12 0 0
0 0 -3 0 0 
->
-1 -4 -12 0 0
: hits 2, misses 1 
0 0 -3 0 0 
->
-1 -4 -11 0 0
: hits 9, misses 0 
-1 -4 -11 0 0
0 0 -3 0 0 
->
-1 -4 -11 0 0
: hits 8, misses 1 
-1 -4 -11 0 0
0 0 -3 0 0 
->
0 -4 -11 0 0
: hits 23, misses 2 
-1 -4 -11 0 0
0 0 -3 0 0 
0 -4 -11 0 0
0 0 -3 0 0 
->
0 -4 -11 0 0
: hits 17, misses 1 
-1 -4 -11 0 0
0 0 -3 0 0 
-1 -4 -11 0 0
0 0 -3 0 0 
0 -4 -11 0 0
0 0 -3 0 0 
0 -4 -11 0 0
0 0 -3 0 0 
->
0 -4 -10 0 0
: hits 1, misses 0 
0 -4 -10 0 0
->
0 0 -3 0 30 
: hits 1, misses 1 
0 0 -3 0 30 
->
0 -4 -9 0 30
: hits 11, misses 0 
0 -4 -9 0 30
0 0 -3 0 30 
->
0 -4 -9 0 30
: hits 10, misses 2 
0 -4 -9 0 30
0 0 -3 0 30 
0 -4 -9 0 30
0 0 -3 0 30 
->
0 -4 -8 0 30
: hits 8, misses 7 
0 0 -3 0 30 
->
-1 -3 -9 0 30
: hits 4, misses 0 
-1 -3 -9 0 30
0 0 -3 0 30 
->
-1 -3 -8 0 30
: hits 19, misses 2 
0 0 -3 0 30 
-1 -3 -8 0 30
0 0 -3 0 30 
-1 -3 -8 0 30
->
0 0 -3 0 30 
: hits 50, misses 1 
-1 -3 -8 0 30
0 0 -3 0 30 
-1 -3 -8 0 30
0 0 -3 0 30 
->
-1 -3 -8 0 30
: hits 14, misses 4 
-1 -3 -8 0 30
0 0 -3 0 30 
-1 -3 -8 0 30
0 0 -3 0 30 
->
-1 -3 -7 0 30
: hits 30, misses 7 
0 0 -3 0 30 
-1 -3 -7 0 30
0 0 -3 0 30 
-1 -3 -7 0 30
->
0 0 0 0 30 
: hits 4, misses 2 
-1 -3 -7 0 30
0 0 -3 0 30 
-1 -3 -7 0 30
0 0 0 0 30 
->
-1 -3 -7 0 30
: hits 2, misses 2 
0 0 0 0 30 
-1 -3 -7 0 30
->
0 0 3 0 0 
: hits 2, misses 1 
0 0 0 0 30 
-1 -3 -7 0 30
0 0 3 0 0 
-1 -3 -6 0 0
->
0 0 3 0 0 
: hits 2, misses 2 
0 0 -3 0 30 
-1 -3 -7 0 30
0 0 0 0 30 
-1 -3 -7 0 30
0 0 3 0 0 
-1 -3 -6 0 0
0 0 3 0 0 
-1 -3 -6 0 0
->
0 0 3 0 0 
: hits 2, misses 1 
-1 -3 -7 0 30
0 0 3 0 0 
-1 -3 -6 0 0
0 0 3 0 0 
-1 -3 -6 0 0
0 0 3 0 0 
-1 -3 -6 0 0
0 0 3 0 0 
->
-1 -3 -5 0 0
: hits 1, misses 2 
-1 -3 -6 0 0
0 0 3 0 0 
-1 -3 -6 0 0
0 0 3 0 0 
-1 -3 -6 0 0
0 0 3 0 0 
-1 -3 -5 0 0
0 0 3 0 0 
->
-1 -3 -5 0 0
: hits 5, misses 2 
-1 -3 -5 0 0
0 0 3 0 0 
-1 -3 -5 0 0
0 0 3 0 0 
-1 -3 -5 0 0
0 0 3 0 0 
-1 -3 -5 0 0
0 0 3 0 0 
->
-1 -3 -5 0 0
: hits 3, misses 1 
3 0 0 0 0 
6 -4 -11 0 0
3 0 0 0 0 
6 -4 -11 0 0
3 0 0 0 0 
->
6 -4 -11 0 0
: hits 19, misses 2 
3 0 0 0 0 
6 -4 -11 0 0
3 0 0 0 0 
6 -4 -11 0 0
3 0 0 0 0 
6 -4 -11 0 0
3 0 0 0 0 
->
5 -4 -11 0 0
: hits 25, misses 2 
3 0 0 0 0 
6 -4 -11 0 0
3 0 0 0 0 
6 -4 -11 0 0
3 0 0 0 0 
6 -4 -11 0 0
3 0 0 0 0 
5 -4 -11 0 0
3 0 0 0 0 
->
5 -4 -11 0 0
: hits 22, misses 2 
3 0 0 0 0 
6 -4 -11 0 0
3 0 0 0 0 
6 -4 -11 0 0
3 0 0 0 0 
6 -4 -11 0 0
3 0 0 0 0 
5 -4 -11 0 0
3 0 0 0 0 
5 -4 -11 0 0
3 0 0 0 0 
5 -4 -11 0 0
3 0 0 0 0 
->
4 -4 -11 0 0
: hits 13, misses 4 
4 -4 -11 0 0
3 0 0 0 0 
4 -4 -11 0 0
3 0 0 0 0 
->
3 -4 -11 0 0
: hits 4, misses 1 
4 -4 -11 0 0
3 0 0 0 0 
3 -4 -11 0 0
3 0 0 0 0 
->
3 -4 -12 0 0
: hits 15, misses 1 
2 -4 -12 0 0
3 0 0 0 0 
2 -4 -12 0 0
3 0 0 0 0 
->
1 -4 -12 0 0
: hits 11, misses 2 
1 -4 -12 0 0
3 0 0 0 0 
->
1 -4 -13 0 0
: hits 4, misses 1 
3 0 0 0 0 
1 -4 -12 0 0
3 0 0 0 0 
1 -4 -13 0 0
->
3 0 0 0 0 
: hits 15, misses 2 
1 -4 -12 0 0
3 0 0 0 0 
1 -4 -13 0 0
3 0 0 0 0 
->
0 -4 -13 0 0
: hits 4, misses 3 
3 0 0 0 0 
->
-1 -4 -14 0 0
: hits 2, misses 0 
-1 -4 -14 0 0
->
3 0 0 0 0 
: hits 4, misses 0 
-1 -4 -14 0 0
3 0 0 0 0 
->
-1 -4 -14 0 0
: hits 1, misses 1 
-1 -4 -14 0 0
3 0 0 0 0 
-1 -4 -14 0 0
0 0 -3 0 0 
->
-1 -4 -14 0 0
: hits 2, misses 0 
-1 -4 -14 0 0
0 0 -3 0 0 
-1 -4 -14 0 0
0 0 -3 0 0 
->
-1 -4 -14 0 0
: hits 1, misses 2 
0 0 -3 0 0 
->
-2 -3 -14 0 0
: hits 10, misses 0 
-2 -3 -14 0 0
0 0 -3 0 0 
->
-2 -3 -14 0 0
: hits 9, misses 2 
0 0 -3 0 0 
->
-2 -3 -13 0 0
: hits 9, misses 0 
-2 -3 -13 0 0
->
0 0 -3 0 0 
: hits 29, misses 0 
-2 -3 -13 0 0
0 0 -3 0 0 
->
-2 -3 -13 0 0
: hits 8, misses 2 
0 0 -3 0 0 
->
-1 -3 -12 0 0
: hits 4, misses 0 
-1 -3 -12 0 0
0 0 -3 0 0 
->
-1 -3 -12 0 0
: hits 3, misses 2 
0 0 -3 0 0 
->
-1 -3 -11 0 0
: hits 6, misses 0 
-1 -3 -11 0 0
->
0 0 -3 0 0 
: hits 35, misses 1 
-1 -3 -11 0 0
0 0 -3 0 0 
->
-1 -3 -11 0 0
: hits 5, misses 2 
0 0 -3 0 0 
->
-1 -3 -10 0 0
: hits 4, misses 0 
0 0 -3 0 0 
-1 -3 -10 0 0
->
0 0 -3 0 0 
: hits 22, misses 2 
-1 -3 -10 0 0
0 0 -3 0 0 
->
-1 -3 -10 0 0
: hits 3, misses 3 
0 0 -3 0 0 
->
0 -3 -10 0 0
: hits 1, misses 0 
0 0 -3 0 0 
->
0 -3 -9 0 0
: hits 3, misses 0 
0 0 -3 0 0 
0 -3 -9 0 0
->
0 0 -3 0 0 
: hits 29, misses 3 
0 -3 -9 0 0
0 0 -3 0 0 
->
0 -3 -9 0 0
: hits 2, misses 1 
0 -3 -9 0 0
0 0 -3 0 0 
0 -3 -9 0 0
0 0 -3 0 0 
->
0 -3 -9 0 0
: hits 1, misses 1 
0 0 -3 0 0 
->
0 -3 -8 0 0
: hits 4, misses 0 
0 -3 -8 0 0
0 0 -3 0 0 
->
0 -3 -8 0 0
: hits 3, misses 2 
0 -3 -8 0 0
0 0 -3 0 0 
0 -3 -8 0 0
0 0 -3 0 0 
->
0 -3 -8 0 0
: hits 2, misses 2 
0 0 -3 0 0 
->
0 -3 -7 0 0
: hits 7, misses 0 
0 -3 -7 0 0
0 0 -3 0 0 
->
0 -3 -7 0 0
: hits 6, misses 2 
0 0 -3 0 0 
0 -3 -7 0 0
0 0 -3 0 0 
0 -3 -7 0 0
->
0 0 -3 0 0 
: hits 3, misses 2 
0 -3 -7 0 0
0 0 -3 0 0 
0 -3 -7 0 0
0 0 -3 0 0 
->
0 -3 -7 0 0
: hits 3, misses 2 
0 0 -3 0 0 
->
0 -3 -6 0 0
: hits 7, misses 0 
0 0 -3 0 0 
0 -3 -6 0 0
->
0 0 3 0 0 
: hits 13, misses 1 
0 -3 -6 0 0
0 0 3 0 0 
->
0 -3 -6 0 0
: hits 5, misses 2 
0 -3 -6 0 0
0 0 3 0 0 
0 -3 -6 0 0
0 0 3 0 0 
->
0 -3 -6 0 0
: hits 3, misses 4 
0 0 3 0 0 
->
0 -2 -7 0 0
: hits 3, misses 0 
0 -2 -7 0 0
->
0 0 3 0 0 
: hits 11, misses 0 
0 -2 -7 0 0
0 0 3 0 0 
->
0 -2 -7 0 0
: hits 2, misses 1 
0 0 3 0 0 
->
0 -2 -6 0 0
: hits 3, misses 0 
0 -2 -6 0 0
0 0 3 0 0 
->
0 -2 -6 0 0
: hits 2, misses 1 
0 -2 -6 0 0
0 0 3 0 0 
0 -2 -6 0 0
0 0 3 0 0 
->
0 -2 -6 0 0
: hits 1, misses 1 
0 -2 -6 0 0
0 0 3 0 0 
0 -2 -6 0 0
0 0 3 0 0 
->
0 -2 -7 0 0
: hits 1, misses 1 
0 -2 -6 0 0
0 0 3 0 0 
0 -2 -7 0 0
0 0 3 0 0 
->
0 -3 -7 0 0
: hits 2, misses 0 
0 0 3 0 0 
0 -3 -7 0 0
0 0 3 0 0 
0 -3 -7 0 0
->
0 0 3 0 0 
: hits 2, misses 1 
0 -3 -7 0 0
->
0 0 0 0 30 
: hits 6, misses 0 
0 0 0 0 30 
->
0 -3 -7 0 30
: hits 10, misses 0 
0 0 0 0 30 
0 -3 -7 0 30
->
0 0 -3 0 30 
: hits 5, misses 2 
0 0 -3 0 30 
->
0 -3 -8 0 30
: hits 6, misses 0 
0 -3 -8 0 30
0 0 -3 0 30 
->
0 -3 -8 0 30
: hits 5, misses 2 
0 0 -3 0 30 
->
-2 -3 -9 0 30
: hits 9, misses 0 
-2 -3 -9 0 30
->
0 0 -3 0 30 
: hits 50, misses 0 
-2 -3 -9 0 30
0 0 -3 0 30 
->
-2 -3 -9 0 30
: hits 8, misses 2 
0 0 -3 0 30 
->
-2 -3 -8 0 30
: hits 9, misses 0 
-2 -3 -8 0 30
0 0 -3 0 30 
->
-2 -3 -8 0 30
: hits 8, misses 1 
-2 -3 -9 0 30
0 0 -3 0 30 
-2 -3 -9 0 30
0 0 -3 0 30 
-2 -3 -8 0 30
0 0 -3 0 30 
-2 -3 -8 0 30
0 0 -3 0 30 
->
-1 -3 -8 0 30
: hits 1, misses 2 
-2 -3 -9 0 30
0 0 -3 0 30 
-2 -3 -8 0 30
0 0 -3 0 30 
-2 -3 -8 0 30
0 0 -3 0 30 
-1 -3 -8 0 30
0 0 -3 0 30 
->
-1 -3 -7 0 30
: hits 3, misses 2 
0 0 -3 0 30 
-2 -3 -8 0 30
0 0 -3 0 30 
-1 -3 -8 0 30
0 0 -3 0 30 
-1 -3 -7 0 30
0 0 -3 0 30 
-1 -3 -7 0 30
->
0 0 -3 0 30 
: hits 10, misses 3 
0 0 -3 0 30 
-1 -3 -7 0 30
->
0 0 0 0 0 
: hits 4, misses 1 
-1 -3 -7 0 30
0 0 0 0 0 
->
-1 -3 -7 0 0
: hits 3, misses 1 
-1 -3 -7 0 30
0 0 0 0 0 
-1 -3 -7 0 0
0 0 3 0 0 
->
-1 -3 -6 0 0
: hits 11, misses 2 
0 0 3 0 0 
->
-1 -2 -6 0 0
: hits 20, misses 0 
-1 -2 -6 0 0
0 0 3 0 0 
->
-1 -2 -6 0 0
: hits 19, misses 2 
-1 -2 -6 0 0
0 0 3 0 0 
-1 -2 -6 0 0
0 0 3 0 0 
->
-1 -2 -6 0 0
: hits 16, misses 1 
0 0 3 0 0 
->
6 -4 -11 0 0
: hits 37, misses 0 
6 -4 -11 0 0
->
0 0 3 0 0 
: hits 1, misses 1 
0 0 3 0 0 
6 -4 -11 0 0
0 0 3 0 0 
->
6 -4 -11 0 0
: hits 3, misses 0 
0 0 3 0 0 
6 -4 -11 0 0
->
3 0 0 0 0 
: hits 34, misses 2 
0 0 3 0 0 
6 -4 -11 0 0
0 0 3 0 0 
6 -4 -11 0 0
3 0 0 0 0 
6 -4 -11 0 0
3 0 0 0 0 
6 -4 -11 0 0
3 0 0 0 0 
->
6 -4 -11 0 0
: hits 3, misses 0 
6 -4 -11 0 0
3 0 0 0 0 
6 -4 -11 0 0
3 0 0 0 0 
6 -4 -11 0 0
3 0 0 0 0 
6 -4 -11 0 0
3 0 0 0 0 
6 -4 -11 0 0
3 0 0 0 0 
->
6 -4 -11 0 0
: hits 5, misses 2 
0 0 3 0 0 
6 -4 -11 0 0
0 0 3 0 0 
6 -4 -11 0 0
3 0 0 0 0 
6 -4 -11 0 0
3 0 0 0 0 
6 -4 -11 0 0
3 0 0 0 0 
6 -4 -11 0 0
3 0 0 0 0 
6 -4 -11 0 0
3 0 0 0 0 
6 -4 -11 0 0
3 0 0 0 0 
6 -4 -11 0 0
3 0 0 0 0 
->
5 -4 -11 0 0
: hits 1, misses 0 
6 -4 -11 0 0
0 0 3 0 0 
6 -4 -11 0 0
3 0 0 0 0 
6 -4 -11 0 0
3 0 0 0 0 
6 -4 -11 0 0
3 0 0 0 0 
6 -4 -11 0 0
3 0 0 0 0 
6 -4 -11 0 0
3 0 0 0 0 
6 -4 -11 0 0
3 0 0 0 0 
6 -4 -11 0 0
3 0 0 0 0 
5 -4 -11 0 0
3 0 0 0 0 
->
5 -4 -11 0 0
: hits 1, misses 0 
6 -4 -11 0 0
3 0 0 0 0 
6 -4 -11 0 0
3 0 0 0 0 
6 -4 -11 0 0
3 0 0 0 0 
6 -4 -11 0 0
3 0 0 0 0 
6 -4 -11 0 0
3 0 0 0 0 
6 -4 -11 0 0
3 0 0 0 0 
6 -4 -11 0 0
3 0 0 0 0 
5 -4 -11 0 0
3 0 0 0 0 
5 -4 -11 0 0
3 0 0 0 0 
->
5 -4 -11 0 0
: hits 1, misses 2 
6 -4 -11 0 0
3 0 0 0 0 
5 -4 -11 0 0
3 0 0 0 0 
5 -4 -11 0 0
3 0 0 0 0 
5 -4 -11 0 0
3 0 0 0 0 
->
4 -4 -12 0 0
: hits 4, misses 1 
5 -4 -11 0 0
3 0 0 0 0 
5 -4 -11 0 0
3 0 0 0 0 
5 -4 -11 0 0
3 0 0 0 0 
4 -4 -12 0 0
3 0 0 0 0 
->
4 -4 -12 0 0
: hits 9, misses 2 
5 -4 -11 0 0
3 0 0 0 0 
4 -4 -12 0 0
3 0 0 0 0 
4 -4 -12 0 0
3 0 0 0 0 
4 -4 -12 0 0
3 0 0 0 0 
->
4 -4 -12 0 0
: hits 3, misses 1 
6 -4 -11 0 0
3 0 0 0 0 
5 -4 -11 0 0
3 0 0 0 0 
5 -4 -11 0 0
3 0 0 0 0 
5 -4 -11 0 0
3 0 0 0 0 
4 -4 -12 0 0
3 0 0 0 0 
4 -4 -12 0 0
3 0 0 0 0 
4 -4 -12 0 0
3 0 0 0 0 
4 -4 -12 0 0
3 0 0 0 0 
->
3 -4 -12 0 0
: hits 3, misses 0 
4 -4 -12 0 0
3 0 0 0 0 
4 -4 -12 0 0
3 0 0 0 0 
3 -4 -12 0 0
3 0 0 0 0 
3 -4 -12 0 0
3 0 0 0 0 
->
2 -4 -12 0 0
: hits 9, misses 2 
3 0 0 0 0 
->
2 -4 -13 0 0
: hits 1, misses 0 
2 -4 -12 0 0
3 0 0 0 0 
2 -4 -13 0 0
3 0 0 0 0 
->
1 -4 -13 0 0
: hits 1, misses 1 
1 -4 -13 0 0
->
0 0 0 0 0 
: hits 4, misses 1 
1 -4 -13 0 0
0 0 0 0 0 
->
1 -4 -13 0 0
: hits 1, misses 1 
0 0 0 0 0 
1 -4 -13 0 0
->
0 0 -3 0 0 
: hits 4, misses 1 
0 0 -3 0 0 
->
1 -4 -13 0 0
: hits 6, misses 0 
1 -4 -13 0 0
0 0 -3 0 0 
1 -4 -13 0 0
0 0 -3 0 0 
->
0 -4 -13 0 0
: hits 34, misses 5 
0 -4 -13 0 0
0 0 -3 0 0 
0 -4 -13 0 0
0 0 -3 0 0 
0 -4 -13 0 0
0 0 -3 0 0 
0 -4 -13 0 0
0 0 -3 0 0 
->
0 -4 -12 0 0
: hits 15, misses 6 
0 0 -3 0 0 
0 -4 -13 0 0
0 0 -3 0 0 
0 -4 -12 0 0
->
0 0 -3 0 0 
: hits 50, misses 1 
0 -4 -12 0 0
0 0 -3 0 0 
->
1 -4 -12 0 0
: hits 9, misses 1 
0 -4 -12 0 0
0 0 -3 0 0 
1 -4 -12 0 0
0 0 -3 0 0 
->
1 -4 -12 0 0
: hits 6, misses 2 
1 -4 -12 0 0
0 0 -3 0 0 
1 -4 -12 0 0
0 0 -3 0 0 
->
1 -4 -11 0 0
: hits 13, misses 3 
1 -4 -11 0 0
0 0 -3 0 0 
1 -4 -11 0 0
0 0 -3 0 0 
->
1 -4 -10 0 0
: hits 9, misses 2 
0 0 -3 0 0 
1 -4 -10 0 0
->
3 0 0 0 0 
: hits 4, misses 1 
1 -4 -10 0 0
3 0 0 0 0 
->
1 -4 -10 0 0
: hits 10, misses 3 
3 0 0 0 0 
1 -4 -10 0 0
->
3 0 0 0 0 
: hits 23, misses 2 
1 -4 -10 0 0
->
0 0 -3 0 0 
: hits 93, misses 1 
1 -4 -10 0 0
0 0 -3 0 0 
->
1 -4 -9 0 0
: hits 2, misses 1 
3 0 0 0 0 
1 -4 -10 0 0
0 0 -3 0 0 
1 -4 -9 0 0
->
3 0 0 0 0 
: hits 1, misses 0 
1 -4 -9 0 0
3 0 0 0 0 
->
1 -4 -10 0 0
: hits 1, misses 1 
3 0 0 0 0 
1 -4 -10 0 0
->
0 0 0 0 0 
: hits 3, misses 1 
0 0 0 0 0 
->
0 -4 -10 0 0
: hits 9, misses 0 
0 0 0 0 0 
0 -4 -10 0 0
->
3 0 0 0 0 
: hits 4, misses 2 
0 -4 -10 0 0
3 0 0 0 0 
->
0 -4 -10 0 0
: hits 7, misses 2 
0 0 0 0 0 
0 -4 -10 0 0
3 0 0 0 0 
0 -4 -10 0 0
->
0 0 -3 0 0 
: hits 2, misses 1 
0 -4 -10 0 0
3 0 0 0 0 
0 -4 -10 0 0
0 0 -3 0 0 
->
0 -4 -10 0 0
: hits 3, misses 1 
3 0 0 0 0 
0 -4 -10 0 0
0 0 -3 0 0 
0 -4 -10 0 0
->
0 0 -3 0 0 
: hits 5, misses 0 
0 -4 -10 0 0
0 0 -3 0 0 
0 -4 -10 0 0
0 0 -3 0 0 
->
0 -4 -9 0 0
: hits 4, misses 1 
0 0 -3 0 0 
0 -4 -9 0 0
0 0 -3 0 0 
0 -4 -9 0 0
->
0 0 -3 0 0 
: hits 11, misses 5 
0 -4 -10 0 0
0 0 -3 0 0 
0 -4 -10 0 0
0 0 -3 0 0 
0 -4 -9 0 0
0 0 -3 0 0 
0 -4 -9 0 0
0 0 -3 0 0 
->
0 -4 -9 0 0
: hits 3, misses 1 
0 0 -3 0 0 
0 -4 -9 0 0
0 0 -3 0 0 
0 -4 -9 0 0
->
0 0 -3 0 30 
: hits 7, misses 1 
0 -4 -9 0 0
0 0 -3 0 0 
0 -4 -9 0 0
0 0 -3 0 30 
->
0 -4 -9 0 30
: hits 3, misses 2 
0 0 -3 0 0 
0 -4 -9 0 0
0 0 -3 0 30 
0 -4 -9 0 30
->
3 0 0 0 30 
: hits 1, misses 2 
0 0 -3 0 30 
0 -4 -9 0 30
3 0 0 0 30 
0 -4 -8 0 30
->
0 0 -3 0 30 
: hits 1, misses 1 
0 -4 -9 0 30
3 0 0 0 30 
0 -4 -8 0 30
0 0 -3 0 30 
->
0 -4 -8 0 30
: hits 1, misses 2 
0 -4 -8 0 30
0 0 -3 0 30 
0 -4 -8 0 30
0 0 -3 0 30 
->
0 -3 -8 0 30
: hits 2, misses 2 
0 0 -3 0 30 
0 -4 -8 0 30
0 0 -3 0 30 
0 -3 -8 0 30
->
3 0 0 0 30 
: hits 4, misses 2 
0 -4 -8 0 30
0 0 -3 0 30 
0 -3 -8 0 30
3 0 0 0 30 
->
0 -3 -8 0 30
: hits 3, misses 1 
0 0 -3 0 30 
0 -3 -8 0 30
3 0 0 0 30 
0 -3 -8 0 30
->
3 0 0 0 30 
: hits 5, misses 0 
3 0 0 0 30 
0 -3 -8 0 30
3 0 0 0 30 
0 -3 -8 0 30
->
0 0 0 0 30 
: hits 3, misses 3 
3 0 0 0 30 
0 -3 -8 0 30
0 0 0 0 30 
0 -3 -8 0 30
->
0 0 -3 0 30 
: hits 2, misses 1 
0 -3 -8 0 30
0 0 0 0 30 
0 -3 -8 0 30
0 0 -3 0 30 
->
0 -3 -8 0 30
: hits 1, misses 1 
0 -3 -8 0 30
0 0 -3 0 30 
->
0 -3 -7 0 30
: hits 4, misses 2 
0 0 -3 0 30 
0 -3 -8 0 30
0 0 -3 0 30 
0 -3 -7 0 30
->
0 0 -3 0 30 
: hits 2, misses 2 
0 -3 -8 0 30
0 0 -3 0 30 
0 -3 -7 0 30
0 0 -3 0 30 
->
-1 -3 -7 0 30
: hits 1, misses 1 
0 0 -3 0 30 
0 -3 -7 0 30
0 0 -3 0 30 
-1 -3 -7 0 30
->
0 0 -3 0 30 
: hits 17, misses 1 
0 0 -3 0 30 
-1 -3 -7 0 30
0 0 -3 0 30 
-1 -3 -7 0 30
0 0 -3 0 30 
-1 -3 -7 0 30
0 0 -3 0 30 
-1 -3 -7 0 30
->
0 0 0 0 30 
: hits 3, misses 2 
-1 -3 -7 0 30
0 0 -3 0 30 
-1 -3 -7 0 30
0 0 0 0 30 
->
-1 -3 -6 0 30
: hits 2, misses 2 
-1 -3 -7 0 30
0 0 0 0 30 
-1 -3 -6 0 30
0 0 0 0 30 
->
-1 -3 -6 0 30
: hits 1, misses 1 
0 0 0 0 30 
-1 -3 -6 0 30
->
3 0 0 0 0 
: hits 2, misses 1 
-1 -3 -6 0 30
3 0 0 0 0 
->
-1 -3 -6 0 0
: hits 28, misses 0 
0 0 0 0 30 
-1 -3 -6 0 30
3 0 0 0 0 
-1 -3 -6 0 0
->
3 0 0 0 0 
: hits 8, misses 1 
-1 -3 -6 0 30
0 0 0 0 30 
-1 -3 -6 0 30
3 0 0 0 0 
-1 -3 -6 0 0
3 0 0 0 0 
->
-1 -3 -6 0 0
: hits 13, misses 1 
3 0 0 0 0 
-1 -3 -6 0 0
3 0 0 0 0 
-1 -3 -6 0 0
->
0 0 3 0 0 
: hits 2, misses 2 
-1 -3 -6 0 0
3 0 0 0 0 
-1 -3 -6 0 0
0 0 3 0 0 
->
-1 -3 -6 0 0
: hits 59, misses 1 
-1 -3 -6 0 30
3 0 0 0 0 
-1 -3 -6 0 0
3 0 0 0 0 
-1 -3 -6 0 0
0 0 3 0 0 
-1 -3 -6 0 0
0 0 3 0 0 
->
-1 -3 -6 0 0
: hits 11, misses 0 
-1 -3 -7 0 30
0 0 0 0 30 
-1 -3 -6 0 30
0 0 0 0 30 
-1 -3 -6 0 30
3 0 0 0 0 
-1 -3 -6 0 0
3 0 0 0 0 
-1 -3 -6 0 0
0 0 3 0 0 
-1 -3 -6 0 0
0 0 3 0 0 
-1 -3 -6 0 0
0 0 3 0 0 
-1 -3 -6 0 0
0 0 3 0 0 
->
-1 -3 -6 0 0
: hits 11, misses 0 
0 0 3 0 0 
->
-1 -3 -6 0 0
: hits 77, misses 0 
0 0 3 0 0 
-1 -3 -6 0 0
->
3 0 0 0 0 
: hits 24, misses 1 
0 0 3 0 0 
-1 -3 -6 0 0
3 0 0 0 0 
-1 -3 -6 0 0
->
3 0 0 0 0 
: hits 22, misses 1 
0 0 3 0 0 
-1 -3 -6 0 0
3 0 0 0 0 
-1 -3 -6 0 0
3 0 0 0 0 
->
-1 -3 -6 0 0
: hits 20, misses 1 
0 0 3 0 0 
-1 -3 -6 0 0
3 0 0 0 0 
-1 -3 -6 0 0
3 0 0 0 0 
-1 -3 -6 0 0
->
3 0 0 0 0 
: hits 20, misses 0 
0 0 3 0 0 
-1 -3 -6 0 0
3 0 0 0 0 
-1 -3 -6 0 0
3 0 0 0 0 
-1 -3 -6 0 0
3 0 0 0 0 
->
-1 -3 -6 0 0
: hits 19, misses 2 
0 0 3 0 0 
-1 -3 -6 0 0
3 0 0 0 0 
-1 -3 -6 0 0
3 0 0 0 0 
-1 -3 -6 0 0
3 0 0 0 0 
-1 -3 -6 0 0
3 0 0 0 0 
->
6 -4 -11 0 0
: hits 6, misses 1 
0 0 3 0 0 
-1 -3 -6 0 0
3 0 0 0 0 
-1 -3 -6 0 0
3 0 0 0 0 
-1 -3 -6 0 0
3 0 0 0 0 
-1 -3 -6 0 0
3 0 0 0 0 
6 -4 -11 0 0
3 0 0 0 0 
6 -4 -11 0 0
3 0 0 0 0 
6 -4 -11 0 0
3 0 0 0 0 
5 -4 -11 0 0
3 0 0 0 0 
->
5 -4 -11 0 0
: hits 4, misses 0 
4 -4 -11 0 0
3 0 0 0 0 
4 -4 -12 0 0
3 0 0 0 0 
->
4 -4 -11 0 0
: hits 11, misses 1 
6 -4 -11 0 0
3 0 0 0 0 
6 -4 -11 0 0
3 0 0 0 0 
5 -4 -11 0 0
3 0 0 0 0 
5 -4 -11 0 0
3 0 0 0 0 
5 -4 -11 0 0
3 0 0 0 0 
4 -4 -11 0 0
3 0 0 0 0 
4 -4 -12 0 0
3 0 0 0 0 
4 -4 -11 0 0
3 0 0 0 0 
->
4 -4 -12 0 0
: hits 2, misses 3 
4 -4 -12 0 0
3 0 0 0 0 
4 -4 -11 0 0
3 0 0 0 0 
4 -4 -12 0 0
3 0 0 0 0 
3 -4 -12 0 0
3 0 0 0 0 
->
3 -4 -12 0 0
: hits 9, misses 1 
3 -4 -12 0 0
3 0 0 0 0 
3 -4 -12 0 0
3 0 0 0 0 
3 -4 -12 0 0
3 0 0 0 0 
2 -4 -12 0 0
3 0 0 0 0 
->
2 -5 -12 0 0
: hits 3, misses 2 
3 0 0 0 0 
2 -4 -12 0 0
3 0 0 0 0 
2 -5 -12 0 0
->
0 0 -3 0 0 
: hits 2, misses 2 
2 -4 -12 0 0
3 0 0 0 0 
2 -5 -12 0 0
0 0 -3 0 0 
->
1 -5 -12 0 0
: hits 1, misses 1 
2 -5 -12 0 0
0 0 -3 0 0 
1 -5 -12 0 0
0 0 -3 0 0 
->
1 -5 -12 0 0
: hits 1, misses 1 
1 -5 -12 0 0
0 0 -3 0 0 
1 -5 -12 0 0
0 0 -3 0 0 
->
1 -5 -13 0 0
: hits 2, misses 1 
0 0 -3 0 0 
1 -5 -13 0 0
->
0 0 -3 0 0 
: hits 49, misses 0 
1 -5 -12 0 0
0 0 -3 0 0 
1 -5 -12 0 0
0 0 -3 0 0 
1 -5 -13 0 0
0 0 -3 0 0 
1 -5 -13 0 0
0 0 -3 0 0 
->
0 -4 -13 0 0
: hits 1, misses 0 
1 -5 -13 0 0
0 0 -3 0 0 
0 -4 -13 0 0
0 0 -3 0 0 
->
1 -4 -12 0 0
: hits 1, misses 1 
1 -5 -13 0 0
0 0 -3 0 0 
1 -5 -13 0 0
0 0 -3 0 0 
0 -4 -13 0 0
0 0 -3 0 0 
1 -4 -12 0 0
0 0 -3 0 0 
->
1 -4 -12 0 0
: hits 1, misses 0 
1 -5 -13 0 0
0 0 -3 0 0 
0 -4 -13 0 0
0 0 -3 0 0 
1 -4 -12 0 0
0 0 -3 0 0 
1 -4 -12 0 0
0 0 -3 0 0 
->
1 -4 -12 0 0
: hits 1, misses 0 
1 -4 -12 0 0
0 0 -3 0 0 
1 -4 -12 0 0
0 0 -3 0 0 
1 -4 -12 0 0
0 0 -3 0 0 
1 -4 -12 0 0
0 0 -3 0 0 
->
1 -4 -11 0 0
: hits 3, misses 1 
1 -4 -11 0 0
0 0 -3 0 0 
1 -4 -11 0 0
0 0 -3 0 0 
1 -4 -11 0 0
0 0 -3 0 0 
1 -4 -11 0 0
0 0 -3 0 0 
->
1 -4 -10 0 0
: hits 6, misses 1 
0 0 -3 0 0 
1 -4 -10 0 0
0 0 -3 0 0 
1 -4 -10 0 0
->
3 0 0 0 0 
: hits 2, misses 3 
1 -4 -10 0 0
0 0 -3 0 0 
1 -4 -10 0 0
3 0 0 0 0 
->
1 -4 -10 0 0
: hits 1, misses 1 
1 -4 -10 0 0
3 0 0 0 0 
1 -4 -10 0 0
3 0 0 0 0 
->
1 -4 -10 0 0
: hits 4, misses 2 
1 -4 -10 0 0
3 0 0 0 0 
->
1 -4 -9 0 0
: hits 1, misses 1 
3 0 0 0 0 
1 -4 -10 0 0
3 0 0 0 0 
1 -4 -9 0 0
->
3 0 0 0 0 
: hits 1, misses 0 
1 -4 -10 0 0
3 0 0 0 0 
1 -4 -9 0 0
3 0 0 0 0 
->
1 -4 -9 0 0
: hits 1, misses 0 
3 0 0 0 0 
1 -4 -10 0 0
3 0 0 0 0 
1 -4 -10 0 0
3 0 0 0 0 
1 -4 -9 0 0
3 0 0 0 0 
1 -4 -9 0 0
->
3 0 0 0 0 
: hits 1, misses 0 
1 -4 -9 0 0
3 0 0 0 0 
1 -4 -9 0 0
3 0 0 0 0 
->
1 -4 -9 0 0
: hits 5, misses 3 
1 -4 -9 0 0
3 0 0 0 0 
->
0 -4 -9 0 0
: hits 5, misses 1 
3 0 0 0 0 
1 -4 -9 0 0
3 0 0 0 0 
1 -4 -9 0 0
3 0 0 0 0 
1 -4 -9 0 0
3 0 0 0 0 
0 -4 -9 0 0
->
0 0 -3 0 0 
: hits 1, misses 1 
0 0 -3 0 0 
0 -4 -9 0 0
->
0 0 0 0 0 
: hits 2, misses 1 
0 -4 -9 0 0
0 0 0 0 0 
->
0 -4 -10 0 0
: hits 1, misses 1 
0 -4 -10 0 0
->
0 0 0 0 0 
: hits 5, misses 0 
0 -4 -9 0 0
0 0 0 0 0 
0 -4 -10 0 0
0 0 0 0 0 
->
0 -4 -10 0 0
: hits 1, misses 0 
0 -4 -9 0 0
0 0 0 0 0 
0 -4 -10 0 0
0 0 0 0 0 
0 -4 -10 0 0
0 0 -3 0 0 
0 -4 -10 0 0
0 0 -3 0 0 
->
0 -4 -10 0 0
: hits 1, misses 0 
0 -4 -10 0 0
0 0 -3 0 0 
0 -4 -10 0 0
3 0 0 0 0 
->
0 -4 -10 0 0
: hits 2, misses 1 
0 0 -3 0 0 
0 -4 -10 0 0
3 0 0 0 0 
0 -4 -10 0 0
->
0 0 0 0 0 
: hits 1, misses 1 
0 0 0 0 0 
0 -4 -10 0 0
->
0 0 0 0 0 
: hits 1, misses 0 
0 -4 -10 0 0
0 0 0 0 0 
->
0 -4 -9 0 0
: hits 2, misses 1 
0 0 0 0 0 
0 -4 -9 0 0
->
0 0 0 0 0 
: hits 3, misses 1 
0 -4 -9 0 0
0 0 0 0 0 
->
0 -4 -9 0 0
: hits 8, misses 0 
0 0 0 0 0 
0 -4 -9 0 0
->
3 0 0 0 0 
: hits 4, misses 1 
0 0 0 0 0 
0 -4 -9 0 0
3 0 0 0 0 
0 -4 -9 0 0
->
0 0 -3 0 0 
: hits 2, misses 2 
3 0 0 0 0 
0 -4 -9 0 0
0 0 -3 0 0 
0 -4 -9 0 0
->
0 0 -3 0 0 
: hits 2, misses 0 
0 -4 -9 0 0
0 0 0 0 0 
0 -4 -9 0 0
3 0 0 0 0 
0 -4 -9 0 0
0 0 -3 0 0 
0 -4 -9 0 0
0 0 -3 0 0 
->
0 -4 -9 0 0
: hits 1, misses 0 
0 0 0 0 0 
0 -4 -9 0 0
3 0 0 0 0 
0 -4 -9 0 0
0 0 -3 0 0 
0 -4 -9 0 0
0 0 -3 0 0 
0 -4 -9 0 0
->
0 0 -3 0 0 
: hits 1, misses 0 
0 0 -3 0 0 
0 -4 -9 0 0
0 0 -3 0 0 
0 -4 -9 0 0
->
0 0 0 0 0 
: hits 1, misses 1 
0 0 -3 0 0 
0 -4 -9 0 0
0 0 0 0 0 
0 -4 -9 0 0
->
0 0 0 0 0 
: hits 1, misses 0 
0 0 0 0 0 
0 -4 -9 0 0
0 0 0 0 0 
0 -4 -9 0 0
->
0 0 0 0 0 
: hits 1, misses 1 
0 0 0 0 0 
0 -4 -9 0 0
->
3 0 0 0 30 
: hits 1, misses 1 
0 -4 -9 0 0
0 0 0 0 0 
0 -4 -9 0 0
3 0 0 0 30 
->
0 -4 -9 0 30
: hits 1, misses 0 
0 0 0 0 0 
0 -4 -9 0 0
3 0 0 0 30 
0 -4 -9 0 30
->
0 0 -3 0 30 
: hits 1, misses 1 
0 -4 -9 0 0
3 0 0 0 30 
0 -4 -9 0 30
0 0 -3 0 30 
->
0 -4 -9 0 30
: hits 1, misses 0 
0 0 -3 0 30 
0 -4 -9 0 30
0 0 -3 0 30 
0 -4 -8 0 30
->
0 0 -3 0 30 
: hits 10, misses 1 
0 -4 -9 0 30
0 0 -3 0 30 
0 -4 -8 0 30
0 0 -3 0 30 
->
0 -4 -9 0 30
: hits 3, misses 3 
0 0 -3 0 30 
->
-1 -4 -9 0 30
: hits 3, misses 0 
0 0 -3 0 30 
-1 -4 -9 0 30
->
0 0 -3 0 30 
: hits 40, misses 0 
-1 -4 -9 0 30
0 0 -3 0 30 
->
-1 -4 -9 0 30
: hits 1, misses 1 
-1 -4 -9 0 30
0 0 -3 0 30 
->
-1 -3 -9 0 30
: hits 3, misses 1 
0 0 -3 0 30 
-1 -4 -9 0 30
0 0 -3 0 30 
-1 -3 -9 0 30
->
0 0 -3 0 30 
: hits 6, misses 0 
-1 -4 -9 0 30
0 0 -3 0 30 
-1 -3 -9 0 30
0 0 -3 0 30 
->
-1 -3 -9 0 30
: hits 1, misses 1 
-1 -4 -9 0 30
0 0 -3 0 30 
-1 -4 -9 0 30
0 0 -3 0 30 
-1 -3 -9 0 30
0 0 -3 0 30 
-1 -3 -9 0 30
0 0 -3 0 30 
->
-1 -3 -8 0 30
: hits 2, misses 0 
-1 -3 -9 0 30
0 0 -3 0 30 
-1 -3 -9 0 30
0 0 -3 0 30 
-1 -3 -8 0 30
0 0 -3 0 30 
-1 -3 -8 0 30
0 0 -3 0 30 
->
-1 -3 -8 0 30
: hits 4, misses 2 
-1 -3 -9 0 30
0 0 -3 0 30 
-1 -3 -8 0 30
0 0 -3 0 30 
-1 -3 -8 0 30
0 0 -3 0 30 
-1 -3 -8 0 30
0 0 -3 0 30 
->
-1 -3 -7 0 30
: hits 6, misses 2 
0 0 -3 0 30 
-1 -4 -9 0 30
0 0 -3 0 30 
-1 -3 -9 0 30
0 0 -3 0 30 
-1 -3 -9 0 30
0 0 -3 0 30 
-1 -3 -8 0 30
0 0 -3 0 30 
-1 -3 -8 0 30
0 0 -3 0 30 
-1 -3 -8 0 30
0 0 -3 0 30 
-1 -3 -7 0 30
0 0 -3 0 30 
-1 -3 -7 0 30
->
0 0 -3 0 30 
: hits 1, misses 0 
0 0 -3 0 30 
-1 -3 -7 0 30
0 0 -3 0 30 
-1 -3 -7 0 30
->
0 0 0 0 0 
: hits 3, misses 2 
-1 -3 -7 0 30
0 0 0 0 0 
->
-1 -3 -6 0 0
: hits 12, misses 2 
0 0 -3 0 30 
-1 -3 -7 0 30
0 0 0 0 0 
-1 -3 -6 0 0
->
0 0 3 0 0 
: hits 1, misses 1 
0 0 -3 0 30 
-1 -3 -7 0 30
0 0 0 0 0 
-1 -3 -6 0 0
0 0 3 0 0 
-1 -3 -6 0 0
0 0 3 0 0 
-1 -3 -6 0 0
->
0 0 3 0 0 
: hits 1, misses 1 
-1 -3 -7 0 30
0 0 0 0 0 
-1 -3 -6 0 0
0 0 3 0 0 
-1 -3 -6 0 0
0 0 3 0 0 
-1 -3 -6 0 0
0 0 3 0 0 
->
-1 -3 -6 0 0
: hits 9, misses 1 
0 0 3 0 0 
->
-1 -3 -6 0 0
: hits 63, misses 0 
0 0 3 0 0 
-1 -3 -6 0 0
->
3 0 0 0 0 
: hits 20, misses 1 
0 0 3 0 0 
-1 -3 -6 0 0
3 0 0 0 0 
-1 -3 -6 0 0
3 0 0 0 0 
-1 -3 -6 0 0
3 0 0 0 0 
->
-1 -3 -6 0 0
: hits 15, misses 1 
0 0 3 0 0 
-1 -3 -6 0 0
3 0 0 0 0 
-1 -3 -6 0 0
3 0 0 0 0 
-1 -3 -6 0 0
3 0 0 0 0 
-1 -3 -6 0 0
3 0 0 0 0 
->
6 -4 -11 0 0
: hits 5, misses 1 
-1 -3 -6 0 0
3 0 0 0 0 
-1 -3 -6 0 0
3 0 0 0 0 
6 -4 -11 0 0
3 0 0 0 0 
6 -4 -11 0 0
3 0 0 0 0 
6 -4 -11 0 0
3 0 0 0 0 
->
6 -4 -11 0 0
: hits 3, misses 2 
-1 -3 -6 0 0
3 0 0 0 0 
6 -4 -11 0 0
3 0 0 0 0 
6 -4 -11 0 0
3 0 0 0 0 
6 -4 -11 0 0
3 0 0 0 0 
6 -4 -11 0 0
3 0 0 0 0 
5 -4 -11 0 0
3 0 0 0 0 
5 -4 -11 0 0
3 0 0 0 0 
4 -4 -11 0 0
3 0 0 0 0 
->
4 -4 -12 0 0
: hits 1, misses 2 
6 -4 -11 0 0
3 0 0 0 0 
6 -4 -11 0 0
3 0 0 0 0 
6 -4 -11 0 0
3 0 0 0 0 
5 -4 -11 0 0
3 0 0 0 0 
5 -4 -11 0 0
3 0 0 0 0 
4 -4 -11 0 0
3 0 0 0 0 
4 -4 -12 0 0
3 0 0 0 0 
4 -4 -12 0 0
3 0 0 0 0 
->
3 -4 -12 0 0
: hits 1, misses 1 
4 -4 -12 0 0
3 0 0 0 0 
3 -4 -12 0 0
3 0 0 0 0 
3 -4 -12 0 0
3 0 0 0 0 
3 -4 -12 0 0
3 0 0 0 0 
->
3 -4 -12 0 0
: hits 4, misses 2 
5 -4 -11 0 0
3 0 0 0 0 
4 -4 -11 0 0
3 0 0 0 0 
4 -4 -12 0 0
3 0 0 0 0 
4 -4 -12 0 0
3 0 0 0 0 
3 -4 -12 0 0
3 0 0 0 0 
3 -4 -12 0 0
3 0 0 0 0 
3 -4 -12 0 0
3 0 0 0 0 
3 -4 -12 0 0
3 0 0 0 0 
->
2 -4 -12 0 0
: hits 2, misses 0 
3 0 0 0 0 
3 -4 -12 0 0
3 0 0 0 0 
2 -4 -12 0 0
->
3 0 0 0 0 
: hits 38, misses 1 
3 -4 -12 0 0
3 0 0 0 0 
3 -4 -12 0 0
3 0 0 0 0 
3 -4 -12 0 0
3 0 0 0 0 
2 -4 -12 0 0
3 0 0 0 0 
->
2 -4 -12 0 0
: hits 15, misses 4 
3 -4 -12 0 0
3 0 0 0 0 
2 -4 -12 0 0
3 0 0 0 0 
2 -4 -12 0 0
3 0 0 0 0 
2 -4 -12 0 0
3 0 0 0 0 
->
1 -4 -12 0 0
: hits 8, misses 4 
1 -4 -12 0 0
3 0 0 0 0 
1 -4 -12 0 0
3 0 0 0 0 
->
1 -4 -13 0 0
: hits 1, misses 2 
3 0 0 0 0 
1 -4 -12 0 0
3 0 0 0 0 
1 -4 -13 0 0
->
0 0 -3 0 0 
: hits 3, misses 1 
1 -4 -12 0 0
3 0 0 0 0 
1 -4 -13 0 0
0 0 -3 0 0 
->
0 -4 -13 0 0
: hits 1, misses 1 
1 -4 -12 0 0
3 0 0 0 0 
1 -4 -12 0 0
3 0 0 0 0 
1 -4 -13 0 0
0 0 -3 0 0 
0 -4 -13 0 0
0 0 -3 0 0 
->
0 -4 -13 0 0
: hits 1, misses 0 
1 -4 -13 0 0
0 0 -3 0 0 
0 -4 -13 0 0
0 0 -3 0 0 
0 -4 -13 0 0
0 0 -3 0 0 
0 -4 -13 0 0
0 0 -3 0 0 
->
0 -4 -13 0 0
: hits 13, misses 6 
0 -4 -13 0 0
0 0 -3 0 0 
0 -4 -13 0 0
0 0 -3 0 0 
0 -4 -13 0 0
0 0 -3 0 0 
0 -4 -13 0 0
0 0 -3 0 0 
0 -4 -13 0 0
0 0 -3 0 0 
0 -4 -13 0 0
0 0 -3 0 0 
0 -4 -13 0 0
0 0 -3 0 0 
0 -4 -13 0 0
0 0 -3 0 0 
->
0 -4 -12 0 0
: hits 3, misses 0 
0 -4 -13 0 0
0 0 -3 0 0 
0 -4 -12 0 0
0 0 -3 0 0 
0 -4 -12 0 0
0 0 -3 0 0 
0 -4 -12 0 0
0 0 -3 0 0 
->
0 -4 -12 0 0
: hits 10, misses 1 
0 -4 -12 0 0
0 0 -3 0 0 
0 -4 -12 0 0
0 0 -3 0 0 
0 -4 -12 0 0
0 0 -3 0 0 
0 -4 -12 0 0
0 0 -3 0 0 
->
0 -4 -11 0 0
: hits 9, misses 2 
0 -4 -12 0 0
0 0 -3 0 0 
0 -4 -11 0 0
0 0 -3 0 0 
0 -4 -11 0 0
0 0 -3 0 0 
0 -4 -11 0 0
0 0 -3 0 0 
->
0 -4 -11 0 0
: hits 13, misses 3 
0 -4 -11 0 0
0 0 -3 0 0 
0 -4 -11 0 0
0 0 -3 0 0 
0 -4 -11 0 0
0 0 -3 0 0 
0 -4 -11 0 0
0 0 -3 0 0 
->
0 -4 -10 0 0
: hits 10, misses 3 
0 0 -3 0 0 
0 -4 -10 0 0
0 0 -3 0 0 
0 -4 -10 0 0
->
0 0 -3 0 0 
: hits 38, misses 2 
0 0 -3 0 0 
0 -4 -10 0 0
->
0 0 0 0 0 
: hits 1, misses 1 
0 -4 -10 0 0
0 0 -3 0 0 
0 -4 -10 0 0
0 0 0 0 0 
->
0 -4 -9 0 0
: hits 1, misses 0 
0 0 -3 0 0 
0 -4 -10 0 0
0 0 0 0 0 
0 -4 -9 0 0
->
3 0 0 0 0 
: hits 1, misses 0 
0 0 0 0 0 
0 -4 -9 0 0
3 0 0 0 0 
0 -4 -9 0 0
->
3 0 0 0 0 
: hits 2, misses 1 
0 -4 -9 0 0
3 0 0 0 0 
0 -4 -9 0 0
3 0 0 0 0 
->
0 -4 -9 0 0
: hits 2, misses 1 
0 0 0 0 0 
0 -4 -9 0 0
3 0 0 0 0 
0 -4 -9 0 0
3 0 0 0 0 
0 -4 -9 0 0
3 0 0 0 0 
0 -4 -9 0 0
->
0 0 -3 0 0 
: hits 1, misses 0 
0 -4 -9 0 0
3 0 0 0 0 
0 -4 -9 0 0
0 0 -3 0 0 
->
1 -4 -9 0 0
: hits 1, misses 0 
0 -4 -9 0 0
3 0 0 0 0 
0 -4 -9 0 0
3 0 0 0 0 
0 -4 -9 0 0
0 0 -3 0 0 
1 -4 -9 0 0
0 0 -3 0 0 
->
1 -4 -9 0 0
: hits 1, misses 0 
3 0 0 0 0 
0 -4 -9 0 0
3 0 0 0 0 
0 -4 -9 0 0
0 0 -3 0 0 
1 -4 -9 0 0
0 0 -3 0 0 
1 -4 -9 0 0
->
0 0 -3 0 0 
: hits 1, misses 0 
1 -4 -9 0 0
0 0 -3 0 0 
1 -4 -9 0 0
0 0 -3 0 0 
->
0 -4 -8 0 0
: hits 2, misses 1 
1 -4 -9 0 0
0 0 -3 0 0 
1 -4 -9 0 0
0 0 -3 0 0 
0 -4 -8 0 0
0 0 -3 0 0 
0 -4 -8 0 0
0 0 -3 0 0 
->
0 -4 -8 0 0
: hits 1, misses 0 
0 0 -3 0 0 
1 -4 -9 0 0
0 0 -3 0 0 
0 -4 -8 0 0
0 0 -3 0 0 
0 -4 -8 0 0
0 0 -3 0 0 
0 -4 -8 0 0
->
0 0 -3 0 30 
: hits 1, misses 0 
0 -4 -8 0 0
0 0 -3 0 0 
0 -4 -8 0 0
0 0 -3 0 30 
->
0 -4 -8 0 30
: hits 3, misses 0 
0 0 -3 0 0 
0 -4 -8 0 0
0 0 -3 0 30 
0 -4 -8 0 30
->
0 0 -3 0 30 
: hits 7, misses 0 
0 0 -3 0 0 
0 -4 -8 0 0
0 0 -3 0 0 
0 -4 -8 0 0
0 0 -3 0 30 
0 -4 -8 0 30
0 0 -3 0 30 
0 -4 -8 0 30
->
3 0 0 0 30 
: hits 1, misses 1 
0 0 -3 0 30 
0 -4 -8 0 30
3 0 0 0 30 
0 -3 -8 0 30
->
0 0 0 0 30 
: hits 1, misses 0 
0 0 -3 0 30 
0 -4 -8 0 30
0 0 -3 0 30 
0 -4 -8 0 30
3 0 0 0 30 
0 -3 -8 0 30
0 0 0 0 30 
0 -3 -8 0 30
->
0 0 0 0 30 
: hits 1, misses 0 
0 0 0 0 30 
0 -3 -8 0 30
0 0 0 0 30 
0 -3 -8 0 30
->
3 0 0 0 30 
: hits 1, misses 0 
3 0 0 0 30 
0 -3 -8 0 30
0 0 0 0 30 
0 -3 -8 0 30
0 0 0 0 30 
0 -3 -8 0 30
3 0 0 0 30 
0 -3 -8 0 30
->
0 0 0 0 30 
: hits 1, misses 0 
0 -3 -8 0 30
0 0 0 0 30 
->
0 -3 -7 0 30
: hits 3, misses 1 
0 -3 -8 0 30
0 0 0 0 30 
0 -3 -7 0 30
0 0 -3 0 30 
->
0 -3 -7 0 30
: hits 1, misses 0 
0 0 0 0 30 
0 -3 -7 0 30
0 0 -3 0 30 
0 -3 -7 0 30
->
3 0 0 0 30 
: hits 1, misses 0 
0 -3 -7 0 30
3 0 0 0 30 
->
0 -3 -7 0 30
: hits 8, misses 3 
0 -3 -7 0 30
3 0 0 0 30 
0 -3 -7 0 30
3 0 0 0 30 
->
0 -3 -7 0 30
: hits 5, misses 1 
0 -3 -7 0 30
->
0 3 0 0 30 
: hits 3, misses 0 
0 3 0 0 30 
0 -3 -7 0 30
->
0 0 0 0 30 
: hits 1, misses 1 
0 0 0 0 30 
0 -3 -7 0 30
->
0 3 0 0 30 
: hits 2, misses 1 
0 3 0 0 30 
0 -3 -7 0 30
0 3 0 0 30 
0 -3 -7 0 30
->
0 0 -3 0 30 
: hits 1, misses 0 
0 -3 -7 0 30
0 3 0 0 30 
0 -3 -7 0 30
0 0 -3 0 30 
->
-1 -3 -7 0 30
: hits 1, misses 1 
0 3 0 0 30 
0 -3 -7 0 30
0 3 0 0 30 
0 -3 -7 0 30
0 0 -3 0 30 
-1 -3 -7 0 30
0 0 -3 0 30 
-1 -3 -7 0 30
->
0 0 -3 0 30 
: hits 1, misses 0 
0 -3 -7 0 30
0 3 0 0 30 
0 -3 -7 0 30
0 0 -3 0 30 
-1 -3 -7 0 30
0 0 -3 0 30 
-1 -3 -7 0 30
0 0 -3 0 30 
->
-1 -3 -8 0 30
: hits 1, misses 0 
0 0 -3 0 30 
->
-1 -2 -8 0 30
: hits 1, misses 0 
0 0 -3 0 30 
->
-1 -2 -7 0 30
: hits 4, misses 0 
-1 -2 -7 0 30
0 0 -3 0 30 
->
-1 -2 -7 0 30
: hits 3, misses 1 
0 0 -3 0 30 
-1 -2 -7 0 30
0 0 -3 0 30 
-1 -2 -7 0 30
->
0 0 -3 0 30 
: hits 10, misses 1 
0 0 -3 0 30 
-1 -2 -7 0 30
0 0 -3 0 30 
-1 -2 -7 0 30
0 0 -3 0 30 
-1 -2 -7 0 30
0 0 -3 0 30 
-1 -2 -7 0 30
->
0 0 0 0 0 
: hits 1, misses 0 
0 0 0 0 0 
->
-1 -2 -7 0 0
: hits 1, misses 0 
-1 -2 -7 0 30
0 0 0 0 0 
-1 -2 -7 0 0
0 0 3 0 0 
->
-1 -2 -6 0 0
: hits 2, misses 0 
0 0 0 0 0 
-1 -2 -7 0 0
0 0 3 0 0 
-1 -2 -6 0 0
->
0 0 3 0 0 
: hits 1, misses 0 
0 0 3 0 0 
-1 -2 -6 0 0
0 0 3 0 0 
-1 -2 -6 0 0
->
0 0 3 0 0 
: hits 27, misses 2 
0 0 3 0 0 
->
-1 -2 -6 0 0
: hits 3, misses 0 
0 0 3 0 0 
-1 -2 -6 0 0
->
3 0 0 0 0 
: hits 5, misses 1 
0 0 3 0 0 
-1 -2 -6 0 0
3 0 0 0 0 
->
-1 -2 -6 0 0
: hits 2, misses 1 
0 0 3 0 0 
-1 -2 -6 0 0
3 0 0 0 0 
-1 -2 -6 0 0
->
3 0 0 0 0 
: hits 5, misses 0 
0 0 3 0 0 
-1 -2 -6 0 0
3 0 0 0 0 
-1 -2 -6 0 0
3 0 0 0 0 
->
-1 -2 -6 0 0
: hits 1, misses 1 
3 0 0 0 0 
->
-1 -2 -5 0 0
: hits 1, misses 0 
-1 -2 -6 0 0
3 0 0 0 0 
-1 -2 -5 0 0
3 0 0 0 0 
6 -4 -11 0 0
3 0 0 0 0 
6 -4 -11 0 0
3 0 0 0 0 
->
5 -4 -11 0 0
: hits 1, misses 0 
5 -4 -11 0 0
3 0 0 0 0 
5 -4 -11 0 0
3 0 0 0 0 
4 -4 -11 0 0
3 0 0 0 0 
4 -4 -12 0 0
3 0 0 0 0 
->
4 -4 -11 0 0
: hits 9, misses 1 
5 -4 -11 0 0
3 0 0 0 0 
4 -4 -11 0 0
3 0 0 0 0 
4 -4 -12 0 0
3 0 0 0 0 
4 -4 -11 0 0
3 0 0 0 0 
->
3 -4 -12 0 0
: hits 4, misses 1 
5 -4 -11 0 0
3 0 0 0 0 
5 -4 -11 0 0
3 0 0 0 0 
4 -4 -11 0 0
3 0 0 0 0 
4 -4 -12 0 0
3 0 0 0 0 
4 -4 -11 0 0
3 0 0 0 0 
3 -4 -12 0 0
3 0 0 0 0 
3 -4 -12 0 0
3 0 0 0 0 
3 -4 -12 0 0
3 0 0 0 0 
->
3 -4 -12 0 0
: hits 1, misses 1 
4 -4 -11 0 0
3 0 0 0 0 
4 -4 -12 0 0
3 0 0 0 0 
4 -4 -11 0 0
3 0 0 0 0 
3 -4 -12 0 0
3 0 0 0 0 
3 -4 -12 0 0
3 0 0 0 0 
3 -4 -12 0 0
3 0 0 0 0 
3 -4 -12 0 0
3 0 0 0 0 
2 -4 -12 0 0
3 0 0 0 0 
->
2 -4 -12 0 0
: hits 2, misses 0 
3 0 0 0 0 
3 -4 -12 0 0
3 0 0 0 0 
2 -4 -12 0 0
3 0 0 0 0 
2 -4 -12 0 0
3 0 0 0 0 
2 -4 -12 0 0
->
0 0 -3 0 0 
: hits 1, misses 2 
2 -4 -12 0 0
0 0 -3 0 0 
->
1 -4 -13 0 0
: hits 5, misses 1 
2 -4 -12 0 0
0 0 -3 0 0 
1 -4 -13 0 0
0 0 -3 0 0 
->
1 -4 -13 0 0
: hits 3, misses 1 
2 -4 -12 0 0
0 0 -3 0 0 
1 -4 -13 0 0
0 0 -3 0 0 
1 -4 -13 0 0
0 0 -3 0 0 
1 -4 -13 0 0
0 0 -3 0 0 
->
0 -4 -13 0 0
: hits 2, misses 0 
2 -4 -12 0 0
0 0 -3 0 0 
1 -4 -13 0 0
0 0 -3 0 0 
1 -4 -13 0 0
0 0 -3 0 0 
1 -4 -13 0 0
0 0 -3 0 0 
0 -4 -13 0 0
0 0 -3 0 0 
0 -4 -13 0 0
0 0 -3 0 0 
0 -4 -13 0 0
0 0 -3 0 0 
0 -4 -13 0 0
0 0 -3 0 0 
->
0 -4 -12 0 0
: hits 1, misses 0 
1 -4 -13 0 0
0 0 -3 0 0 
1 -4 -13 0 0
0 0 -3 0 0 
1 -4 -13 0 0
0 0 -3 0 0 
0 -4 -13 0 0
0 0 -3 0 0 
0 -4 -13 0 0
0 0 -3 0 0 
0 -4 -13 0 0
0 0 -3 0 0 
0 -4 -13 0 0
0 0 -3 0 0 
0 -4 -12 0 0
0 0 -3 0 0 
->
0 -4 -12 0 0
: hits 4, misses 0 
0 -4 -13 0 0
0 0 -3 0 0 
0 -4 -12 0 0
0 0 -3 0 0 
0 -4 -12 0 0
0 0 -3 0 0 
0 -4 -12 0 0
0 0 -3 0 0 
->
1 -4 -11 0 0
: hits 1, misses 1 
0 0 -3 0 0 
0 -4 -12 0 0
0 0 -3 0 0 
1 -4 -11 0 0
->
0 0 -3 0 0 
: hits 32, misses 1 
0 -4 -12 0 0
0 0 -3 0 0 
0 -4 -12 0 0
0 0 -3 0 0 
0 -4 -12 0 0
0 0 -3 0 0 
1 -4 -11 0 0
0 0 -3 0 0 
->
1 -4 -11 0 0
: hits 2, misses 1 
0 -4 -12 0 0
0 0 -3 0 0 
1 -4 -11 0 0
0 0 -3 0 0 
1 -4 -11 0 0
0 0 -3 0 0 
1 -4 -11 0 0
0 0 -3 0 0 
->
1 -4 -11 0 0
: hits 2, misses 1 
0 -4 -12 0 0
0 0 -3 0 0 
0 -4 -12 0 0
0 0 -3 0 0 
0 -4 -12 0 0
0 0 -3 0 0 
1 -4 -11 0 0
0 0 -3 0 0 
1 -4 -11 0 0
0 0 -3 0 0 
1 -4 -11 0 0
0 0 -3 0 0 
1 -4 -11 0 0
0 0 -3 0 0 
1 -4 -11 0 0
0 0 -3 0 0 
->
1 -4 -10 0 0
: hits 1, misses 0 
0 0 -3 0 0 
1 -4 -11 0 0
0 0 -3 0 0 
1 -4 -10 0 0
->
0 0 -3 0 0 
: hits 8, misses 1 
1 -4 -10 0 0
0 0 -3 0 0 
1 -4 -10 0 0
0 0 -3 0 0 
->
1 -4 -9 0 0
: hits 1, misses 2 
1 -4 -10 0 0
0 0 -3 0 0 
1 -4 -9 0 0
0 0 -3 0 0 
->
1 -4 -9 0 0
: hits 1, misses 1 
0 0 -3 0 0 
1 -4 -10 0 0
0 0 -3 0 0 
1 -4 -10 0 0
0 0 -3 0 0 
1 -4 -9 0 0
0 0 -3 0 0 
1 -4 -9 0 0
->
3 0 0 0 0 
: hits 1, misses 0 
1 -4 -9 0 0
0 0 -3 0 0 
1 -4 -9 0 0
3 0 0 0 0 
->
1 -4 -9 0 0
: hits 1, misses 0 
1 -4 -10 0 0
0 0 -3 0 0 
1 -4 -9 0 0
0 0 -3 0 0 
1 -4 -9 0 0
3 0 0 0 0 
1 -4 -9 0 0
3 0 0 0 0 
->
1 -4 -9 0 0
: hits 1, misses 0 
1 -4 -9 0 0
0 0 -3 0 0 
1 -4 -9 0 0
3 0 0 0 0 
1 -4 -9 0 0
3 0 0 0 0 
1 -4 -9 0 0
3 0 0 0 0 
->
1 -4 -9 0 0
: hits 1, misses 0 
1 -4 -9 0 0
3 0 0 0 0 
1 -4 -9 0 0
3 0 0 0 0 
1 -4 -9 0 0
3 0 0 0 0 
1 -4 -9 0 0
3 0 0 0 0 
->
1 -4 -8 0 0
: hits 3, misses 0 
3 0 0 0 0 
1 -4 -9 0 0
3 0 0 0 0 
1 -4 -9 0 0
3 0 0 0 0 
1 -4 -9 0 0
3 0 0 0 0 
1 -4 -8 0 0
->
3 0 0 0 0 
: hits 3, misses 0 
1 -4 -8 0 0
3 0 0 0 0 
->
0 -4 -8 0 0
: hits 2, misses 0 
1 -4 -8 0 0
3 0 0 0 0 
0 -4 -8 0 0
3 0 0 0 0 
->
0 -4 -8 0 0
: hits 1, misses 0 
3 0 0 0 0 
0 -4 -8 0 0
3 0 0 0 0 
0 -4 -8 0 0
->
0 0 -3 0 30 
: hits 1, misses 0 
1 -4 -8 0 0
3 0 0 0 0 
0 -4 -8 0 0
3 0 0 0 0 
0 -4 -8 0 0
0 0 -3 0 30 
0 -4 -9 0 30
0 0 -3 0 30 
->
0 -4 -8 0 30
: hits 1, misses 0 
0 -4 -8 0 0
3 0 0 0 0 
0 -4 -8 0 0
0 0 -3 0 30 
0 -4 -9 0 30
0 0 -3 0 30 
0 -4 -8 0 30
0 0 -3 0 30 
->
0 -4 -9 0 30
: hits 1, misses 0 
0 0 -3 0 30 
->
-2 -4 -9 0 30
: hits 6, misses 0 
-2 -4 -9 0 30
0 0 -3 0 30 
->
-2 -4 -9 0 30
: hits 4, misses 1 
-2 -4 -9 0 30
0 0 -3 0 30 
-2 -4 -9 0 30
0 0 -3 0 30 
->
-2 -3 -9 0 30
: hits 3, misses 1 
-2 -4 -9 0 30
0 0 -3 0 30 
-2 -3 -9 0 30
0 0 -3 0 30 
->
-1 -3 -8 0 30
: hits 1, misses 1 
-2 -4 -9 0 30
0 0 -3 0 30 
-2 -4 -9 0 30
0 0 -3 0 30 
-2 -3 -9 0 30
0 0 -3 0 30 
-1 -3 -8 0 30
0 0 -3 0 30 
->
-1 -3 -8 0 30
: hits 1, misses 2 
0 -4 -9 0 30
0 0 -3 0 30 
0 -4 -9 0 30
0 0 -3 0 30 
-2 -4 -9 0 30
0 0 -3 0 30 
-2 -4 -9 0 30
0 0 -3 0 30 
-2 -3 -9 0 30
0 0 -3 0 30 
-1 -3 -8 0 30
0 0 -3 0 30 
-1 -3 -8 0 30
0 0 -3 0 30 
-1 -3 -8 0 30
0 0 -3 0 30 
->
-1 -3 -8 0 30
: hits 1, misses 0 
0 -4 -9 0 30
0 0 -3 0 30 
-2 -4 -9 0 30
0 0 -3 0 30 
-2 -4 -9 0 30
0 0 -3 0 30 
-2 -3 -9 0 30
0 0 -3 0 30 
-1 -3 -8 0 30
0 0 -3 0 30 
-1 -3 -8 0 30
0 0 -3 0 30 
-1 -3 -8 0 30
0 0 -3 0 30 
-1 -3 -8 0 30
0 0 -3 0 30 
->
-1 -3 -8 0 30
: hits 1, misses 0 
-2 -4 -9 0 30
0 0 -3 0 30 
-2 -4 -9 0 30
0 0 -3 0 30 
-2 -3 -9 0 30
0 0 -3 0 30 
-1 -3 -8 0 30
0 0 -3 0 30 
-1 -3 -8 0 30
0 0 -3 0 30 
-1 -3 -8 0 30
0 0 -3 0 30 
-1 -3 -8 0 30
0 0 -3 0 30 
-1 -3 -8 0 30
0 0 -3 0 30 
->
-1 -3 -7 0 30
: hits 1, misses 0 
-1 -3 -8 0 30
0 0 -3 0 30 
-1 -3 -8 0 30
0 0 -3 0 30 
-1 -3 -7 0 30
0 0 -3 0 30 
-1 -3 -7 0 30
0 0 -3 0 30 
->
-1 -3 -7 0 30
: hits 9, misses 1 
0 0 -3 0 30 
-1 -3 -8 0 30
0 0 -3 0 30 
-1 -3 -8 0 30
0 0 -3 0 30 
-1 -3 -8 0 30
0 0 -3 0 30 
-1 -3 -8 0 30
0 0 -3 0 30 
-1 -3 -8 0 30
0 0 -3 0 30 
-1 -3 -7 0 30
0 0 -3 0 30 
-1 -3 -7 0 30
0 0 -3 0 30 
-1 -3 -7 0 30
->
0 0 0 0 30 
: hits 1, misses 2 
0 0 -3 0 30 
-1 -3 -7 0 30
0 0 0 0 30 
-1 -3 -6 0 30
->
0 0 0 0 0 
: hits 2, misses 0 
-1 -3 -7 0 30
0 0 0 0 30 
-1 -3 -6 0 30
0 0 0 0 0 
->
-1 -3 -6 0 0
: hits 7, misses 0 
0 0 0 0 30 
-1 -3 -6 0 30
0 0 0 0 0 
-1 -3 -6 0 0
->
0 0 3 0 0 
: hits 3, misses 1 
-1 -3 -6 0 30
0 0 0 0 0 
-1 -3 -6 0 0
0 0 3 0 0 
-1 -3 -6 0 0
0 0 3 0 0 
-1 -3 -6 0 0
0 0 3 0 0 
->
-1 -3 -5 0 0
: hits 1, misses 0 
-1 -3 -6 0 0
0 0 3 0 0 
-1 -3 -6 0 0
0 0 3 0 0 
-1 -3 -5 0 0
0 0 3 0 0 
-1 -3 -6 0 0
0 0 3 0 0 
->
-1 -3 -6 0 0
: hits 24, misses 3 
0 0 3 0 0 
->
-1 -3 -6 0 0
: hits 49, misses 0 
0 0 3 0 0 
-1 -3 -6 0 0
3 0 0 0 0 
-1 -3 -6 0 0
3 0 0 0 0 
->
-1 -3 -6 0 0
: hits 12, misses 0 
0 0 3 0 0 
-1 -3 -6 0 0
3 0 0 0 0 
-1 -3 -6 0 0
3 0 0 0 0 
-1 -3 -6 0 0
3 0 0 0 0 
-1 -3 -6 0 0
3 0 0 0 0 
->
6 -4 -11 0 0
: hits 4, misses 1 
0 0 3 0 0 
-1 -3 -6 0 0
3 0 0 0 0 
-1 -3 -6 0 0
3 0 0 0 0 
-1 -3 -6 0 0
3 0 0 0 0 
-1 -3 -6 0 0
3 0 0 0 0 
6 -4 -11 0 0
3 0 0 0 0 
6 -4 -11 0 0
3 0 0 0 0 
6 -4 -11 0 0
3 0 0 0 0 
->
5 -4 -11 0 0
: hits 1, misses 1 
0 0 3 0 0 
-1 -3 -6 0 0
3 0 0 0 0 
-1 -3 -6 0 0
3 0 0 0 0 
-1 -3 -6 0 0
3 0 0 0 0 
-1 -3 -6 0 0
3 0 0 0 0 
6 -4 -11 0 0
3 0 0 0 0 
6 -4 -11 0 0
3 0 0 0 0 
6 -4 -11 0 0
3 0 0 0 0 
5 -4 -11 0 0
3 0 0 0 0 
5 -4 -11 0 0
3 0 0 0 0 
5 -4 -11 0 0
3 0 0 0 0 
4 -4 -11 0 0
3 0 0 0 0 
->
4 -4 -11 0 0
: hits 1, misses 1 
6 -4 -11 0 0
3 0 0 0 0 
6 -4 -11 0 0
3 0 0 0 0 
6 -4 -11 0 0
3 0 0 0 0 
5 -4 -11 0 0
3 0 0 0 0 
5 -4 -11 0 0
3 0 0 0 0 
5 -4 -11 0 0
3 0 0 0 0 
4 -4 -11 0 0
3 0 0 0 0 
4 -4 -11 0 0
3 0 0 0 0 
->
4 -4 -12 0 0
: hits 2, misses 1 
0 0 3 0 0 
-1 -3 -6 0 0
3 0 0 0 0 
-1 -3 -6 0 0
3 0 0 0 0 
-1 -3 -6 0 0
3 0 0 0 0 
-1 -3 -6 0 0
3 0 0 0 0 
6 -4 -11 0 0
3 0 0 0 0 
6 -4 -11 0 0
3 0 0 0 0 
6 -4 -11 0 0
3 0 0 0 0 
5 -4 -11 0 0
3 0 0 0 0 
5 -4 -11 0 0
3 0 0 0 0 
5 -4 -11 0 0
3 0 0 0 0 
4 -4 -11 0 0
3 0 0 0 0 
4 -4 -11 0 0
3 0 0 0 0 
4 -4 -12 0 0
3 0 0 0 0 
->
4 -4 -12 0 0
: hits 1, misses 0 
5 -4 -11 0 0
3 0 0 0 0 
5 -4 -11 0 0
3 0 0 0 0 
4 -4 -11 0 0
3 0 0 0 0 
4 -4 -11 0 0
3 0 0 0 0 
4 -4 -12 0 0
3 0 0 0 0 
4 -4 -12 0 0
3 0 0 0 0 
3 -4 -12 0 0
3 0 0 0 0 
3 -4 -12 0 0
3 0 0 0 0 
->
2 -4 -12 0 0
: hits 1, misses 1 
3 0 0 0 0 
3 -4 -12 0 0
3 0 0 0 0 
3 -4 -12 0 0
3 0 0 0 0 
2 -4 -12 0 0
3 0 0 0 0 
2 -4 -12 0 0
->
3 0 0 0 0 
: hits 13, misses 0 
4 -4 -11 0 0
3 0 0 0 0 
4 -4 -11 0 0
3 0 0 0 0 
4 -4 -12 0 0
3 0 0 0 0 
4 -4 -12 0 0
3 0 0 0 0 
3 -4 -12 0 0
3 0 0 0 0 
3 -4 -12 0 0
3 0 0 0 0 
2 -4 -12 0 0
3 0 0 0 0 
2 -4 -12 0 0
3 0 0 0 0 
->
2 -5 -12 0 0
: hits 1, misses 1 
3 -4 -12 0 0
3 0 0 0 0 
2 -4 -12 0 0
3 0 0 0 0 
2 -4 -12 0 0
3 0 0 0 0 
2 -5 -12 0 0
3 0 0 0 0 
->
2 -5 -12 0 0
: hits 2, misses 1 
3 0 0 0 0 
2 -5 -12 0 0
3 0 0 0 0 
2 -5 -12 0 0
->
3 0 0 0 0 
: hits 13, misses 0 
2 -4 -12 0 0
3 0 0 0 0 
2 -4 -12 0 0
3 0 0 0 0 
2 -5 -12 0 0
3 0 0 0 0 
2 -5 -12 0 0
3 0 0 0 0 
->
1 -5 -12 0 0
: hits 2, misses 2 
2 -5 -12 0 0
3 0 0 0 0 
1 -5 -12 0 0
3 0 0 0 0 
->
1 -5 -13 0 0
: hits 1, misses 1 
3 0 0 0 0 
2 -5 -12 0 0
3 0 0 0 0 
2 -5 -12 0 0
3 0 0 0 0 
1 -5 -12 0 0
3 0 0 0 0 
1 -5 -13 0 0
->
3 0 0 0 0 
: hits 1, misses 0 
1 -5 -12 0 0
3 0 0 0 0 
1 -5 -13 0 0
3 0 0 0 0 
->
1 -4 -13 0 0
: hits 1, misses 1 
3 0 0 0 0 
2 -5 -12 0 0
3 0 0 0 0 
1 -5 -12 0 0
3 0 0 0 0 
1 -5 -13 0 0
3 0 0 0 0 
1 -4 -13 0 0
->
3 0 0 0 0 
: hits 1, misses 0 
1 -5 -13 0 0
3 0 0 0 0 
1 -4 -13 0 0
3 0 0 0 0 
->
1 -5 -13 0 0
: hits 1, misses 1 
1 -5 -12 0 0
3 0 0 0 0 
1 -5 -13 0 0
3 0 0 0 0 
1 -4 -13 0 0
3 0 0 0 0 
1 -5 -13 0 0
3 0 0 0 0 
->
0 -4 -13 0 0
: hits 1, misses 0 
3 0 0 0 0 
0 -4 -13 0 0
->
0 0 0 0 0 
: hits 2, misses 1 
0 -4 -13 0 0
0 0 0 0 0 
->
0 -4 -13 0 0
: hits 5, misses 0 
0 -4 -13 0 0
0 0 -3 0 0 
->
0 -4 -14 0 0
: hits 1, misses 1 
0 -4 -14 0 0
0 0 -3 0 0 
->
-1 -4 -13 0 0
: hits 3, misses 1 
0 -4 -14 0 0
0 0 -3 0 0 
-1 -4 -13 0 0
0 0 -3 0 0 
->
0 -4 -13 0 0
: hits 1, misses 1 
0 -4 -13 0 0
0 0 -3 0 0 
0 -4 -13 0 0
0 0 -3 0 0 
0 -4 -14 0 0
0 0 -3 0 0 
-1 -4 -13 0 0
0 0 -3 0 0 
0 -4 -13 0 0
0 0 -3 0 0 
0 -4 -13 0 0
0 0 -3 0 0 
0 -4 -13 0 0
0 0 -3 0 0 
0 -4 -13 0 0
0 0 -3 0 0 
->
0 -4 -12 0 0
: hits 1, misses 0 
0 -4 -13 0 0
0 0 -3 0 0 
0 -4 -14 0 0
0 0 -3 0 0 
-1 -4 -13 0 0
0 0 -3 0 0 
0 -4 -13 0 0
0 0 -3 0 0 
0 -4 -13 0 0
0 0 -3 0 0 
0 -4 -13 0 0
0 0 -3 0 0 
0 -4 -13 0 0
0 0 -3 0 0 
0 -4 -12 0 0
0 0 -3 0 0 
->
0 -4 -12 0 0
: hits 1, misses 0 
0 -4 -13 0 0
0 0 -3 0 0 
0 -4 -13 0 0
0 0 -3 0 0 
0 -4 -13 0 0
0 0 -3 0 0 
0 -4 -13 0 0
0 0 -3 0 0 
0 -4 -12 0 0
0 0 -3 0 0 
0 -4 -12 0 0
0 0 -3 0 0 
0 -4 -12 0 0
0 0 -3 0 0 
0 -4 -12 0 0
0 0 -3 0 0 
->
0 -4 -11 0 0
: hits 4, misses 1 
0 -4 -13 0 0
0 0 -3 0 0 
0 -4 -13 0 0
0 0 -3 0 0 
0 -4 -12 0 0
0 0 -3 0 0 
0 -4 -12 0 0
0 0 -3 0 0 
0 -4 -12 0 0
0 0 -3 0 0 
0 -4 -12 0 0
0 0 -3 0 0 
0 -4 -11 0 0
0 0 -3 0 0 
0 -4 -11 0 0
0 0 -3 0 0 
->
0 -4 -11 0 0
: hits 5, misses 0 
0 -4 -12 0 0
0 0 -3 0 0 
0 -4 -12 0 0
0 0 -3 0 0 
0 -4 -12 0 0
0 0 -3 0 0 
0 -4 -11 0 0
0 0 -3 0 0 
0 -4 -11 0 0
0 0 -3 0 0 
0 -4 -11 0 0
0 0 -3 0 0 
0 -4 -11 0 0
0 0 -3 0 0 
0 -4 -11 0 0
0 0 -3 0 0 
->
0 -4 -10 0 0
: hits 3, misses 0 
0 -4 -11 0 0
0 0 -3 0 0 
0 -4 -10 0 0
0 0 -3 0 0 
0 -4 -10 0 0
0 0 -3 0 0 
0 -4 -10 0 0
0 0 -3 0 0 
->
0 -4 -10 0 0
: hits 9, misses 3 
0 -4 -10 0 0
0 0 -3 0 0 
0 -4 -10 0 0
0 0 -3 0 0 
0 -4 -10 0 0
0 0 -3 0 0 
0 -4 -10 0 0
0 0 -3 0 0 
->
0 -4 -9 0 0
: hits 3, misses 1 
0 -4 -10 0 0
0 0 -3 0 0 
0 -4 -10 0 0
0 0 -3 0 0 
0 -4 -10 0 0
0 0 -3 0 0 
0 -4 -9 0 0
0 0 -3 0 0 
->
0 -4 -9 0 0
: hits 3, misses 0 
0 0 -3 0 0 
0 -4 -10 0 0
0 0 -3 0 0 
0 -4 -10 0 0
0 0 -3 0 0 
0 -4 -9 0 0
0 0 -3 0 0 
0 -4 -9 0 0
->
0 0 -3 0 0 
: hits 2, misses 1 
0 -4 -10 0 0
0 0 -3 0 0 
0 -4 -9 0 0
0 0 -3 0 0 
0 -4 -9 0 0
0 0 -3 0 0 
0 -4 -9 0 0
0 0 -3 0 0 
->
0 -4 -9 0 0
: hits 1, misses 1 
0 0 -3 0 0 
0 -4 -9 0 0
0 0 -3 0 0 
0 -4 -9 0 0
0 0 -3 0 0 
0 -4 -9 0 0
0 0 -3 0 0 
0 -4 -9 0 0
->
0 0 -3 0 30 
: hits 2, misses 0 
0 -4 -9 0 0
0 0 -3 0 0 
0 -4 -9 0 0
0 0 -3 0 0 
0 -4 -9 0 0
0 0 -3 0 30 
0 -4 -8 0 30
0 0 -3 0 30 
->
0 -4 -8 0 30
: hits 2, misses 0 
0 0 -3 0 0 
0 -4 -9 0 0
0 0 -3 0 0 
0 -4 -9 0 0
0 0 -3 0 30 
0 -4 -8 0 30
0 0 -3 0 30 
0 -4 -8 0 30
->
0 0 -3 0 30 
: hits 1, misses 1 
0 -4 -8 0 30
0 0 -3 0 30 
0 -4 -8 0 30
0 0 -3 0 30 
0 -4 -8 0 30
0 0 -3 0 30 
0 -4 -8 0 30
0 0 -3 0 30 
->
0 -3 -8 0 30
: hits 1, misses 0 
0 0 -3 0 30 
0 -4 -8 0 30
0 0 -3 0 30 
0 -4 -8 0 30
0 0 -3 0 30 
0 -4 -8 0 30
0 0 -3 0 30 
0 -3 -8 0 30
->
3 0 0 0 30 
: hits 1, misses 0 
3 0 0 0 30 
0 -3 -8 0 30
3 0 0 0 30 
0 -3 -7 0 30
->
3 0 0 0 30 
: hits 1, misses 1 
3 0 0 0 30 
0 -3 -7 0 30
3 0 0 0 30 
0 -3 -7 0 30
->
0 0 -3 0 30 
: hits 1, misses 0 
0 -3 -7 0 30
3 0 0 0 30 
0 -3 -7 0 30
0 0 -3 0 30 
->
0 -3 -7 0 30
: hits 1, misses 0 
0 -3 -7 0 30
0 0 -3 0 30 
0 -3 -7 0 30
0 0 -3 0 30 
->
0 -3 -7 0 30
: hits 1, misses 1 
0 -3 -7 0 30
0 0 -3 0 30 
0 -3 -7 0 30
0 0 -3 0 30 
->
0 -4 -7 0 30
: hits 1, misses 1 
0 0 -3 0 30 
0 -3 -7 0 30
0 0 -3 0 30 
0 -4 -7 0 30
->
3 0 0 0 30 
: hits 1, misses 0 
0 -3 -7 0 30
0 0 -3 0 30 
0 -4 -7 0 30
3 0 0 0 30 
->
0 -4 -7 0 30
: hits 1, misses 0 
0 0 -3 0 30 
0 -4 -7 0 30
3 0 0 0 30 
0 -4 -7 0 30
->
3 0 0 0 30 
: hits 2, misses 0 
3 0 0 0 30 
->
0 -4 -6 0 30
: hits 1, misses 0 
3 0 0 0 30 
0 -4 -7 0 30
3 0 0 0 30 
0 -4 -6 0 30
->
0 0 -3 0 30 
: hits 1, misses 0 
0 -4 -7 0 30
3 0 0 0 30 
0 -4 -6 0 30
0 0 -3 0 30 
->
0 -3 -6 0 30
: hits 1, misses 0 
0 -4 -6 0 30
0 0 -3 0 30 
0 -3 -6 0 30
0 0 -3 0 30 
->
0 -3 -6 0 30
: hits 3, misses 0 
0 0 -3 0 30 
0 -3 -6 0 30
0 0 -3 0 30 
0 -3 -6 0 30
->
0 0 -3 0 30 
: hits 2, misses 1 
0 -4 -7 0 30
3 0 0 0 30 
0 -4 -6 0 30
0 0 -3 0 30 
0 -3 -6 0 30
0 0 -3 0 30 
0 -3 -6 0 30
0 0 -3 0 30 
->
0 -3 -6 0 30
: hits 1, misses 0 
0 -3 -6 0 30
->
0 0 0 0 0 
: hits 1, misses 0 
0 -3 -6 0 30
0 0 0 0 0 
->
-1 -3 -6 0 0
: hits 4, misses 0 
0 0 -3 0 30 
0 -3 -6 0 30
0 0 0 0 0 
-1 -3 -6 0 0
->
0 0 3 0 0 
: hits 1, misses 0 
0 -3 -6 0 30
0 0 0 0 0 
-1 -3 -6 0 0
0 0 3 0 0 
->
-1 -4 -6 0 0
: hits 1, misses 0 
0 0 0 0 0 
-1 -3 -6 0 0
0 0 3 0 0 
-1 -4 -6 0 0
->
0 0 3 0 0 
: hits 3, misses 1 
0 0 3 0 0 
->
0 -3 -5 0 0
: hits 1, misses 0 
0 -3 -5 0 0
0 0 3 0 0 
->
-1 -3 -6 0 0
: hits 9, misses 0 
-1 -4 -6 0 0
0 0 3 0 0 
0 -3 -5 0 0
0 0 3 0 0 
-1 -3 -6 0 0
0 0 3 0 0 
-1 -3 -5 0 0
0 0 3 0 0 
->
-1 -3 -5 0 0
: hits 1, misses 0 
0 -3 -5 0 0
0 0 3 0 0 
-1 -3 -6 0 0
0 0 3 0 0 
-1 -3 -5 0 0
0 0 3 0 0 
-1 -3 -5 0 0
0 0 3 0 0 
->
-1 -3 -5 0 0
: hits 1, misses 0 
-1 -4 -6 0 0
0 0 3 0 0 
0 -3 -5 0 0
0 0 3 0 0 
-1 -3 -6 0 0
0 0 3 0 0 
-1 -3 -5 0 0
0 0 3 0 0 
-1 -3 -5 0 0
0 0 3 0 0 
-1 -3 -5 0 0
0 0 3 0 0 
-1 -3 -5 0 0
0 0 3 0 0 
-1 -3 -5 0 0
0 0 3 0 0 
->
-1 -3 -6 0 0
: hits 4, misses 0 
0 0 0 0 0 
->
-1 -3 -6 0 0
: hits 39, misses 0 
0 0 0 0 0 
-1 -3 -6 0 0
->
3 0 0 0 0 
: hits 11, misses 1 
-1 -3 -6 0 0
3 0 0 0 0 
-1 -3 -6 0 0
3 0 0 0 0 
->
-1 -3 -5 0 0
: hits 1, misses 1 
3 0 0 0 0 
-1 -3 -6 0 0
3 0 0 0 0 
-1 -3 -5 0 0
->
3 0 0 0 0 
: hits 8, misses 0 
-1 -3 -6 0 0
3 0 0 0 0 
-1 -3 -5 0 0
3 0 0 0 0 
->
-1 -3 -6 0 0
: hits 8, misses 0 
-1 -3 -6 0 0
3 0 0 0 0 
-1 -3 -5 0 0
3 0 0 0 0 
-1 -3 -6 0 0
3 0 0 0 0 
6 -4 -11 0 0
3 0 0 0 0 
6 -4 -11 0 0
3 0 0 0 0 
6 -4 -11 0 0
3 0 0 0 0 
5 -4 -11 0 0
3 0 0 0 0 
5 -4 -11 0 0
3 0 0 0 0 
5 -4 -11 0 0
3 0 0 0 0 
->
5 -4 -11 0 0
: hits 1, misses 1 
6 -4 -11 0 0
3 0 0 0 0 
6 -4 -11 0 0
3 0 0 0 0 
6 -4 -11 0 0
3 0 0 0 0 
5 -4 -11 0 0
3 0 0 0 0 
5 -4 -11 0 0
3 0 0 0 0 
5 -4 -11 0 0
3 0 0 0 0 
5 -4 -11 0 0
3 0 0 0 0 
4 -4 -11 0 0
3 0 0 0 0 
->
4 -4 -11 0 0
: hits 5, misses 1 
6 -4 -11 0 0
3 0 0 0 0 
5 -4 -11 0 0
3 0 0 0 0 
5 -4 -11 0 0
3 0 0 0 0 
5 -4 -11 0 0
3 0 0 0 0 
5 -4 -11 0 0
3 0 0 0 0 
4 -4 -11 0 0
3 0 0 0 0 
4 -4 -11 0 0
3 0 0 0 0 
4 -4 -11 0 0
3 0 0 0 0 
->
4 -4 -11 0 0
: hits 2, misses 2 
4 -4 -11 0 0
3 0 0 0 0 
4 -4 -11 0 0
3 0 0 0 0 
4 -4 -11 0 0
3 0 0 0 0 
4 -4 -11 0 0
3 0 0 0 0 
->
3 -4 -11 0 0
: hits 3, misses 2 
4 -4 -11 0 0
3 0 0 0 0 
4 -4 -11 0 0
3 0 0 0 0 
4 -4 -11 0 0
3 0 0 0 0 
3 -4 -11 0 0
3 0 0 0 0 
->
3 -4 -12 0 0
: hits 4, misses 1 
4 -4 -11 0 0
3 0 0 0 0 
4 -4 -11 0 0
3 0 0 0 0 
3 -4 -11 0 0
3 0 0 0 0 
3 -4 -12 0 0
3 0 0 0 0 
->
2 -4 -12 0 0
: hits 2, misses 1 
4 -4 -11 0 0
3 0 0 0 0 
4 -4 -11 0 0
3 0 0 0 0 
4 -4 -11 0 0
3 0 0 0 0 
3 -4 -11 0 0
3 0 0 0 0 
3 -4 -12 0 0
3 0 0 0 0 
2 -4 -12 0 0
3 0 0 0 0 
2 -4 -12 0 0
3 0 0 0 0 
2 -4 -12 0 0
3 0 0 0 0 
->
1 -4 -12 0 0
: hits 1, misses 1 
3 0 0 0 0 
2 -4 -12 0 0
3 0 0 0 0 
2 -4 -12 0 0
3 0 0 0 0 
2 -4 -12 0 0
3 0 0 0 0 
1 -4 -12 0 0
->
3 0 0 0 0 
: hits 11, misses 2 
2 -4 -12 0 0
3 0 0 0 0 
2 -4 -12 0 0
3 0 0 0 0 
1 -4 -12 0 0
3 0 0 0 0 
1 -4 -12 0 0
3 0 0 0 0 
->
1 -4 -12 0 0
: hits 5, misses 1 
3 0 0 0 0 
->
0 -4 -12 0 0
: hits 6, misses 0 
0 -4 -12 0 0
3 0 0 0 0 
->
0 -4 -12 0 0
: hits 5, misses 1 
3 0 0 0 0 
0 -4 -12 0 0
3 0 0 0 0 
0 -4 -12 0 0
->
3 0 0 0 0 
: hits 11, misses 3 
0 -4 -12 0 0
3 0 0 0 0 
0 -4 -12 0 0
3 0 0 0 0 
->
0 -4 -13 0 0
: hits 4, misses 4 
3 0 0 0 0 
->
-1 -4 -13 0 0
: hits 3, misses 0 
-1 -4 -13 0 0
3 0 0 0 0 
->
-1 -4 -13 0 0
: hits 2, misses 0 
3 0 0 0 0 
-1 -4 -13 0 0
->
0 0 -3 0 0 
: hits 4, misses 0 
-1 -4 -13 0 0
0 0 -3 0 0 
-1 -4 -14 0 0
0 0 -3 0 0 
->
-2 -4 -14 0 0
: hits 1, misses 1 
-1 -4 -14 0 0
0 0 -3 0 0 
-2 -4 -14 0 0
0 0 -3 0 0 
->
-2 -3 -14 0 0
: hits 2, misses 1 
-2 -3 -14 0 0
0 0 -3 0 0 
-2 -3 -14 0 0
0 0 -3 0 0 
->
-2 -3 -14 0 0
: hits 4, misses 1 
-2 -3 -14 0 0
0 0 -3 0 0 
-2 -3 -14 0 0
0 0 -3 0 0 
->
-2 -3 -13 0 0
: hits 4, misses 1 
0 0 -3 0 0 
->
-2 -3 -12 0 0
: hits 4, misses 0 
-2 -3 -12 0 0
0 0 -3 0 0 
->
-2 -3 -12 0 0
: hits 3, misses 1 
-2 -3 -12 0 0
0 0 -3 0 0 
-2 -3 -12 0 0
0 0 -3 0 0 
->
-1 -3 -11 0 0
: hits 2, misses 0 
-1 -3 -11 0 0
0 0 -3 0 0 
-1 -3 -11 0 0
0 0 -3 0 0 
->
-1 -4 -11 0 0
: hits 4, misses 1 
0 0 -3 0 0 
->
-1 -4 -10 0 0
: hits 4, misses 0 
-1 -4 -10 0 0
0 0 -3 0 0 
->
-1 -4 -10 0 0
: hits 3, misses 1 
0 0 -3 0 0 
-1 -4 -10 0 0
0 0 -3 0 0 
-1 -4 -10 0 0
->
0 0 -3 0 0 
: hits 5, misses 1 
-1 -4 -10 0 0
0 0 -3 0 0 
-1 -4 -10 0 0
0 0 -3 0 0 
->
-1 -4 -10 0 0
: hits 2, misses 1 
-1 -4 -10 0 0
->
3 0 0 0 30 
: hits 2, misses 1 
3 0 0 0 30 
->
-1 -3 -10 0 30
: hits 1, misses 0 
-1 -3 -10 0 30
->
0 0 -3 0 30 
: hits 9, misses 0 
0 0 -3 0 30 
->
-1 -3 -10 0 30
: hits 1, misses 0 
0 0 -3 0 30 
-1 -3 -10 0 30
->
0 0 -3 0 30 
: hits 7, misses 0 
-1 -3 -10 0 30
0 0 -3 0 30 
->
-1 -4 -9 0 30
: hits 1, misses 1 
-1 -3 -10 0 30
0 0 -3 0 30 
-1 -4 -9 0 30
0 0 -3 0 30 
->
-1 -3 -9 0 30
: hits 1, misses 0 
-1 -4 -9 0 30
0 0 -3 0 30 
-1 -3 -9 0 30
0 0 -3 0 30 
->
-2 -3 -9 0 30
: hits 2, misses 0 
-2 -3 -9 0 30
0 0 -3 0 30 
-2 -3 -9 0 30
0 0 -3 0 30 
->
-2 -3 -8 0 30
: hits 6, misses 1 
-2 -3 -8 0 30
->
-3 0 0 0 30 
: hits 4, misses 0 
-3 0 0 0 30 
->
-2 -3 -8 0 30
: hits 1, misses 0 
-2 -3 -8 0 30
-3 0 0 0 30 
-2 -3 -8 0 30
0 0 -3 0 30 
->
-2 -3 -8 0 30
: hits 1, misses 0 
0 0 -3 0 30 
->
-2 -3 -7 0 30
: hits 4, misses 0 
-2 -3 -7 0 30
0 0 -3 0 30 
->
-2 -3 -7 0 30
: hits 3, misses 1 
0 0 -3 0 30 
-2 -3 -7 0 30
0 0 -3 0 30 
-2 -3 -7 0 30
->
0 0 -3 0 30 
: hits 11, misses 1 
0 0 -3 0 30 
-2 -3 -7 0 30
->
-3 0 0 0 30 
: hits 2, misses 1 
-3 0 0 0 30 
->
-2 -3 -7 0 30
: hits 4, misses 0 
-2 -3 -7 0 30
->
0 -3 0 0 30 
: hits 1, misses 0 
-2 -3 -7 0 30
-3 0 0 0 30 
->
-2 -3 -7 0 30
: hits 2, misses 0 
-3 0 0 0 30 
-2 -3 -7 0 30
->
-3 0 0 0 30 
: hits 1, misses 1 
-2 -3 -7 0 30
->
0 0 0 0 0 
: hits 4, misses 0 
0 0 0 0 0 
->
-2 -3 -7 0 0
: hits 3, misses 0 
-3 0 0 0 30 
-2 -3 -7 0 30
0 0 0 0 0 
-2 -3 -7 0 0
->
0 0 3 0 0 
: hits 1, misses 0 
-2 -3 -7 0 0
0 0 3 0 0 
->
-2 -3 -7 0 0
: hits 2, misses 1 
-2 -3 -7 0 0
0 0 3 0 0 
->
-1 -4 -5 0 0
: hits 1, misses 1 
-2 -3 -7 0 0
0 0 3 0 0 
-1 -4 -5 0 0
0 0 3 0 0 
->
-1 -4 -5 0 0
: hits 1, misses 0 
-1 -4 -5 0 0
0 0 3 0 0 
-1 -4 -5 0 0
0 0 3 0 0 
->
-1 -4 -5 0 0
: hits 12, misses 1 
-1 -4 -5 0 0
0 0 3 0 0 
-1 -4 -5 0 0
0 0 3 0 0 
->
-1 -4 -6 0 0
: hits 13, misses 1 
-1 -4 -5 0 0
0 0 3 0 0 
-1 -4 -5 0 0
0 0 3 0 0 
-1 -4 -5 0 0
0 0 3 0 0 
-1 -4 -6 0 0
0 0 3 0 0 
->
-1 -4 -5 0 0
: hits 9, misses 4 
-1 -4 -5 0 0
0 0 3 0 0 
-1 -4 -5 0 0
0 0 3 0 0 
-1 -4 -6 0 0
0 0 3 0 0 
-1 -4 -5 0 0
0 0 3 0 0 
->
-1 -4 -6 0 0
: hits 8, misses 3 
-1 -4 -5 0 0
0 0 3 0 0 
-1 -4 -6 0 0
0 0 3 0 0 
-1 -4 -5 0 0
0 0 3 0 0 
-1 -4 -6 0 0
0 0 3 0 0 
->
-1 -4 -6 0 0
: hits 7, misses 2 
-1 -4 -5 0 0
0 0 3 0 0 
-1 -4 -5 0 0
0 0 3 0 0 
-1 -4 -5 0 0
0 0 3 0 0 
-1 -4 -6 0 0
0 0 3 0 0 
-1 -4 -5 0 0
0 0 3 0 0 
-1 -4 -6 0 0
0 0 3 0 0 
-1 -4 -6 0 0
0 0 3 0 0 
-1 -4 -6 0 0
0 0 3 0 0 
->
-1 -4 -5 0 0
: hits 3, misses 1 
-1 -4 -6 0 0
0 0 3 0 0 
-1 -4 -6 0 0
0 0 3 0 0 
-1 -4 -6 0 0
0 0 3 0 0 
-1 -4 -5 0 0
0 0 3 0 0 
->
-1 -4 -5 0 0
: hits 6, misses 3 
-1 -4 -5 0 0
0 0 3 0 0 
-1 -4 -6 0 0
0 0 3 0 0 
-1 -4 -5 0 0
0 0 3 0 0 
-1 -4 -6 0 0
0 0 3 0 0 
-1 -4 -6 0 0
0 0 3 0 0 
-1 -4 -6 0 0
0 0 3 0 0 
-1 -4 -5 0 0
0 0 3 0 0 
-1 -4 -5 0 0
0 0 3 0 0 
->
-1 -4 -5 0 0
: hits 1, misses 0 
-1 -4 -6 0 0
0 0 3 0 0 
-1 -4 -5 0 0
0 0 3 0 0 
-1 -4 -6 0 0
0 0 3 0 0 
-1 -4 -6 0 0
0 0 3 0 0 
-1 -4 -6 0 0
0 0 3 0 0 
-1 -4 -5 0 0
0 0 3 0 0 
-1 -4 -5 0 0
0 0 3 0 0 
-1 -4 -5 0 0
0 0 3 0 0 
->
-1 -4 -6 0 0
: hits 1, misses 0 
-1 -4 -5 0 0
0 0 3 0 0 
-1 -4 -6 0 0
0 0 3 0 0 
-1 -4 -6 0 0
0 0 3 0 0 
-1 -4 -6 0 0
0 0 3 0 0 
-1 -4 -5 0 0
0 0 3 0 0 
-1 -4 -5 0 0
0 0 3 0 0 
-1 -4 -5 0 0
0 0 3 0 0 
-1 -4 -6 0 0
0 0 3 0 0 
->
-1 -4 -5 0 0
: hits 1, misses 0 
-1 -4 -6 0 0
0 0 3 0 0 
-1 -4 -6 0 0
0 0 3 0 0 
-1 -4 -5 0 0
0 0 3 0 0 
-1 -4 -5 0 0
0 0 3 0 0 
-1 -4 -5 0 0
0 0 3 0 0 
-1 -4 -6 0 0
0 0 3 0 0 
-1 -4 -5 0 0
0 0 3 0 0 
-1 -4 -5 0 0
0 0 3 0 0 
->
-1 -4 -6 0 0
: hits 1, misses 0 
-1 -4 -5 0 0
0 0 3 0 0 
-1 -4 -5 0 0
0 0 3 0 0 
-1 -4 -6 0 0
0 0 3 0 0 
-1 -4 -5 0 0
0 0 3 0 0 
-1 -4 -5 0 0
0 0 3 0 0 
-1 -4 -6 0 0
0 0 3 0 0 
-1 -4 -5 0 0
0 0 3 0 0 
-1 -4 -5 0 0
0 0 3 0 0 
->
-1 -4 -6 0 0
: hits 3, misses 0 
-1 -4 -5 0 0
0 0 3 0 0 
-1 -4 -6 0 0
0 0 3 0 0 
-1 -4 -5 0 0
0 0 3 0 0 
-1 -4 -5 0 0
0 0 3 0 0 
-1 -4 -6 0 0
0 0 3 0 0 
-1 -4 -5 0 0
0 0 3 0 0 
-1 -4 -5 0 0
0 0 3 0 0 
-1 -4 -6 0 0
0 0 3 0 0 
->
-1 -4 -5 0 0
: hits 2, misses 1 
-1 -4 -6 0 0
0 0 3 0 0 
-1 -4 -5 0 0
0 0 3 0 0 
-1 -4 -5 0 0
0 0 3 0 0 
-1 -4 -6 0 0
0 0 3 0 0 
-1 -4 -5 0 0
0 0 3 0 0 
-1 -4 -5 0 0
0 0 3 0 0 
-1 -4 -6 0 0
0 0 3 0 0 
-1 -4 -5 0 0
0 0 3 0 0 
->
-1 -4 -6 0 0
: hits 2, misses 0 
-1 -4 -6 0 0
0 0 3 0 0 
-1 -4 -6 0 0
0 0 3 0 0 
-1 -4 -5 0 0
0 0 3 0 0 
-1 -4 -5 0 0
0 0 3 0 0 
-1 -4 -5 0 0
0 0 3 0 0 
-1 -4 -6 0 0
0 0 3 0 0 
-1 -4 -5 0 0
0 0 3 0 0 
-1 -4 -5 0 0
0 0 3 0 0 
-1 -4 -6 0 0
0 0 3 0 0 
-1 -4 -5 0 0
0 0 3 0 0 
-1 -4 -5 0 0
0 0 3 0 0 
-1 -4 -6 0 0
0 0 3 0 0 
-1 -4 -5 0 0
0 0 3 0 0 
-1 -4 -6 0 0
0 0 3 0 0 
-1 -4 -6 0 0
0 0 3 0 0 
-1 -4 -5 0 0
0 0 3 0 0 
->
-1 -4 -6 0 0
: hits 1, misses 0 
-1 -4 -5 0 0
0 0 3 0 0 
-1 -4 -6 0 0
0 0 3 0 0 
-1 -4 -5 0 0
0 0 3 0 0 
-1 -4 -6 0 0
0 0 3 0 0 
-1 -4 -6 0 0
0 0 3 0 0 
-1 -4 -5 0 0
0 0 3 0 0 
-1 -4 -6 0 0
0 0 3 0 0 
-1 -4 -6 0 0
0 0 3 0 0 
->
-1 -4 -6 0 0
: hits 1, misses 0 
0 0 3 0 0 
->
-2 -4 -6 0 0
: hits 2, misses 0 
-1 -4 -6 0 0
0 0 3 0 0 
->
-2 -4 -6 0 0
: hits 1, misses 1 
0 0 3 0 0 
->
-2 -4 -5 0 0
: hits 1, misses 0 
0 0 0 0 0 
->
6 -4 -11 0 0
: hits 14, misses 0 
6 -4 -11 0 0
->
0 0 0 0 0 
: hits 2, misses 1 
0 0 0 0 0 
6 -4 -11 0 0
->
0 0 0 0 0 
: hits 1, misses 1 
0 0 0 0 0 
6 -4 -11 0 0
0 0 0 0 0 
6 -4 -11 0 0
->
3 0 0 0 0 
: hits 2, misses 0 
6 -4 -11 0 0
0 0 0 0 0 
6 -4 -11 0 0
0 0 0 0 0 
6 -4 -11 0 0
3 0 0 0 0 
6 -4 -11 0 0
3 0 0 0 0 
6 -4 -11 0 0
3 0 0 0 0 
->
6 -4 -11 0 0
: hits 2, misses 0 
0 0 0 0 0 
6 -4 -11 0 0
0 0 0 0 0 
6 -4 -11 0 0
0 0 0 0 0 
6 -4 -11 0 0
3 0 0 0 0 
6 -4 -11 0 0
3 0 0 0 0 
6 -4 -11 0 0
3 0 0 0 0 
6 -4 -11 0 0
3 0 0 0 0 
6 -4 -11 0 0
3 0 0 0 0 
->
6 -4 -11 0 0
: hits 1, misses 1 
0 0 0 0 0 
6 -4 -11 0 0
0 0 0 0 0 
6 -4 -11 0 0
0 0 0 0 0 
6 -4 -11 0 0
3 0 0 0 0 
6 -4 -11 0 0
3 0 0 0 0 
6 -4 -11 0 0
3 0 0 0 0 
6 -4 -11 0 0
3 0 0 0 0 
6 -4 -11 0 0
3 0 0 0 0 
6 -4 -11 0 0
3 0 0 0 0 
->
5 -4 -11 0 0
: hits 1, misses 0 
3 0 0 0 0 
5 -4 -11 0 0
->
3 0 0 0 0 
: hits 30, misses 0 
6 -4 -11 0 0
0 0 0 0 0 
6 -4 -11 0 0
0 0 0 0 0 
6 -4 -11 0 0
3 0 0 0 0 
6 -4 -11 0 0
3 0 0 0 0 
6 -4 -11 0 0
3 0 0 0 0 
6 -4 -11 0 0
3 0 0 0 0 
6 -4 -11 0 0
3 0 0 0 0 
6 -4 -11 0 0
3 0 0 0 0 
5 -4 -11 0 0
3 0 0 0 0 
->
5 -4 -11 0 0
: hits 1, misses 0 
0 0 0 0 0 
6 -4 -11 0 0
0 0 0 0 0 
6 -4 -11 0 0
0 0 0 0 0 
6 -4 -11 0 0
3 0 0 0 0 
6 -4 -11 0 0
3 0 0 0 0 
6 -4 -11 0 0
3 0 0 0 0 
6 -4 -11 0 0
3 0 0 0 0 
6 -4 -11 0 0
3 0 0 0 0 
6 -4 -11 0 0
3 0 0 0 0 
5 -4 -11 0 0
3 0 0 0 0 
5 -4 -11 0 0
3 0 0 0 0 
->
4 -4 -11 0 0
: hits 1, misses 0 
6 -4 -11 0 0
3 0 0 0 0 
6 -4 -11 0 0
3 0 0 0 0 
5 -4 -11 0 0
3 0 0 0 0 
5 -4 -11 0 0
3 0 0 0 0 
4 -4 -11 0 0
3 0 0 0 0 
4 -4 -11 0 0
3 0 0 0 0 
4 -4 -11 0 0
3 0 0 0 0 
4 -4 -11 0 0
3 0 0 0 0 
->
3 -4 -12 0 0
: hits 2, misses 1 
6 -4 -11 0 0
3 0 0 0 0 
5 -4 -11 0 0
3 0 0 0 0 
5 -4 -11 0 0
3 0 0 0 0 
4 -4 -11 0 0
3 0 0 0 0 
4 -4 -11 0 0
3 0 0 0 0 
4 -4 -11 0 0
3 0 0 0 0 
4 -4 -11 0 0
3 0 0 0 0 
3 -4 -12 0 0
3 0 0 0 0 
->
3 -4 -12 0 0
: hits 2, misses 0 
5 -4 -11 0 0
3 0 0 0 0 
5 -4 -11 0 0
3 0 0 0 0 
4 -4 -11 0 0
3 0 0 0 0 
4 -4 -11 0 0
3 0 0 0 0 
4 -4 -11 0 0
3 0 0 0 0 
4 -4 -11 0 0
3 0 0 0 0 
3 -4 -12 0 0
3 0 0 0 0 
3 -4 -12 0 0
3 0 0 0 0 
->
3 -4 -12 0 0
: hits 2, misses 0 
5 -4 -11 0 0
3 0 0 0 0 
4 -4 -11 0 0
3 0 0 0 0 
4 -4 -11 0 0
3 0 0 0 0 
4 -4 -11 0 0
3 0 0 0 0 
4 -4 -11 0 0
3 0 0 0 0 
3 -4 -12 0 0
3 0 0 0 0 
3 -4 -12 0 0
3 0 0 0 0 
3 -4 -12 0 0
3 0 0 0 0 
->
2 -4 -12 0 0
: hits 2, misses 0 
4 -4 -11 0 0
3 0 0 0 0 
4 -4 -11 0 0
3 0 0 0 0 
4 -4 -11 0 0
3 0 0 0 0 
4 -4 -11 0 0
3 0 0 0 0 
3 -4 -12 0 0
3 0 0 0 0 
3 -4 -12 0 0
3 0 0 0 0 
3 -4 -12 0 0
3 0 0 0 0 
2 -4 -12 0 0
3 0 0 0 0 
->
2 -4 -12 0 0
: hits 2, misses 0 
3 0 0 0 0 
1 -4 -12 0 0
3 0 0 0 0 
1 -4 -12 0 0
->
0 0 0 0 0 
: hits 1, misses 1 
0 0 0 0 0 
1 -4 -12 0 0
->
3 0 0 0 0 
: hits 6, misses 0 
3 0 0 0 0 
->
0 -5 -13 0 0
: hits 2, misses 0 
0 -5 -13 0 0
3 0 0 0 0 
->
0 -5 -13 0 0
: hits 1, misses 1 
0 -5 -13 0 0
3 0 0 0 0 
0 -5 -13 0 0
3 0 0 0 0 
->
0 -4 -13 0 0
: hits 2, misses 0 
3 0 0 0 0 
0 -5 -13 0 0
3 0 0 0 0 
0 -4 -13 0 0
->
3 0 0 0 0 
: hits 1, misses 0 
3 0 0 0 0 
0 -4 -13 0 0
3 0 0 0 0 
0 -4 -13 0 0
->
0 0 -3 0 0 
: hits 1, misses 1 
0 -4 -13 0 0
0 0 -3 0 0 
0 -4 -13 0 0
0 0 -3 0 0 
->
-1 -4 -13 0 0
: hits 1, misses 1 
0 -4 -13 0 0
0 0 -3 0 0 
-1 -4 -13 0 0
0 0 -3 0 0 
->
-1 -4 -14 0 0
: hits 1, misses 1 
-1 -4 -13 0 0
0 0 -3 0 0 
-1 -4 -14 0 0
0 0 -3 0 0 
->
-1 -4 -13 0 0
: hits 2, misses 0 
0 -4 -13 0 0
0 0 -3 0 0 
-1 -4 -13 0 0
0 0 -3 0 0 
-1 -4 -14 0 0
0 0 -3 0 0 
-1 -4 -13 0 0
0 0 -3 0 0 
->
-1 -4 -13 0 0
: hits 1, misses 0 
-1 -4 -13 0 0
0 0 -3 0 0 
-1 -4 -14 0 0
0 0 -3 0 0 
-1 -4 -13 0 0
0 0 -3 0 0 
-1 -4 -13 0 0
0 0 -3 0 0 
->
0 -4 -13 0 0
: hits 1, misses 0 
-1 -4 -14 0 0
0 0 -3 0 0 
-1 -4 -13 0 0
0 0 -3 0 0 
-1 -4 -13 0 0
0 0 -3 0 0 
0 -4 -13 0 0
0 0 -3 0 0 
->
0 -4 -12 0 0
: hits 1, misses 0 
-1 -4 -13 0 0
0 0 -3 0 0 
-1 -4 -13 0 0
0 0 -3 0 0 
0 -4 -13 0 0
0 0 -3 0 0 
0 -4 -12 0 0
0 0 -3 0 0 
->
0 -4 -12 0 0
: hits 1, misses 0 
0 0 -3 0 0 
0 -4 -12 0 0
0 0 -3 0 0 
0 -4 -12 0 0
->
3 0 0 0 0 
: hits 2, misses 1 
0 -4 -12 0 0
0 0 -3 0 0 
0 -4 -12 0 0
3 0 0 0 0 
->
0 -4 -12 0 0
: hits 2, misses 0 
0 -4 -12 0 0
3 0 0 0 0 
0 -4 -12 0 0
3 0 0 0 0 
->
0 -4 -12 0 0
: hits 2, misses 2 
0 0 -3 0 0 
0 -4 -12 0 0
0 0 -3 0 0 
0 -4 -12 0 0
3 0 0 0 0 
0 -4 -12 0 0
3 0 0 0 0 
0 -4 -12 0 0
->
3 0 0 0 0 
: hits 2, misses 0 
3 0 0 0 0 
->
0 -4 -11 0 0
: hits 6, misses 0 
0 -4 -11 0 0
3 0 0 0 0 
->
0 -4 -11 0 0
: hits 5, misses 0 
3 0 0 0 0 
0 -4 -11 0 0
3 0 0 0 0 
0 -4 -11 0 0
->
0 0 -3 0 0 
: hits 2, misses 1 
0 -4 -11 0 0
3 0 0 0 0 
0 -4 -11 0 0
0 0 -3 0 0 
->
0 -4 -11 0 0
: hits 2, misses 0 
0 -4 -11 0 0
0 0 -3 0 0 
0 -4 -11 0 0
0 0 -3 0 0 
->
-1 -4 -11 0 0
: hits 2, misses 1 
0 -4 -11 0 0
0 0 -3 0 0 
0 -4 -11 0 0
0 0 -3 0 0 
0 -4 -11 0 0
0 0 -3 0 0 
-1 -4 -11 0 0
0 0 -3 0 0 
->
-1 -4 -11 0 0
: hits 2, misses 1 
0 -4 -11 0 0
0 0 -3 0 0 
-1 -4 -11 0 0
0 0 -3 0 0 
-1 -4 -11 0 0
0 0 -3 0 0 
-1 -4 -11 0 0
0 0 -3 0 0 
->
-1 -4 -11 0 0
: hits 2, misses 1 
-1 -4 -11 0 0
0 0 -3 0 0 
-1 -4 -11 0 0
0 0 -3 0 0 
-1 -4 -11 0 0
0 0 -3 0 0 
-1 -4 -11 0 0
0 0 -3 0 0 
->
-1 -4 -10 0 0
: hits 1, misses 0 
0 0 -3 0 0 
-1 -4 -10 0 0
->
3 0 0 0 30 
: hits 1, misses 0 
3 0 0 0 30 
->
-1 -4 -10 0 30
: hits 1, misses 0 
3 0 0 0 30 
-1 -4 -10 0 30
->
0 0 -3 0 30 
: hits 1, misses 0 
0 0 -3 0 30 
->
-1 -4 -10 0 30
: hits 3, misses 0 
-1 -4 -10 0 30
0 0 -3 0 30 
->
-1 -4 -10 0 30
: hits 2, misses 2 
0 0 -3 0 30 
->
-2 -4 -10 0 30
: hits 3, misses 0 
-2 -4 -10 0 30
0 0 -3 0 30 
->
-2 -4 -10 0 30
: hits 2, misses 1 
-2 -4 -10 0 30
0 0 -3 0 30 
->
-2 -4 -9 0 30
: hits 1, misses 0 
-2 -4 -10 0 30
0 0 -3 0 30 
-2 -4 -9 0 30
0 0 -3 0 30 
->
-2 -4 -9 0 30
: hits 1, misses 0 
-2 -4 -9 0 30
0 0 -3 0 30 
-2 -4 -9 0 30
0 0 -3 0 30 
->
-2 -4 -9 0 30
: hits 2, misses 1 
-2 -4 -9 0 30
0 0 -3 0 30 
-2 -4 -9 0 30
0 0 -3 0 30 
-2 -4 -9 0 30
0 0 -3 0 30 
-2 -4 -9 0 30
0 0 -3 0 30 
->
-2 -3 -8 0 30
: hits 2, misses 0 
0 0 -3 0 30 
-2 -4 -9 0 30
0 0 -3 0 30 
-2 -3 -8 0 30
->
0 0 -3 0 30 
: hits 3, misses 0 
-2 -4 -10 0 30
0 0 -3 0 30 
-2 -4 -10 0 30
0 0 -3 0 30 
-2 -4 -10 0 30
0 0 -3 0 30 
-2 -4 -9 0 30
0 0 -3 0 30 
-2 -4 -9 0 30
0 0 -3 0 30 
-2 -4 -9 0 30
0 0 -3 0 30 
-2 -4 -9 0 30
0 0 -3 0 30 
-2 -3 -8 0 30
0 0 -3 0 30 
->
-2 -3 -8 0 30
: hits 1, misses 0 
-2 -4 -9 0 30
0 0 -3 0 30 
-2 -4 -9 0 30
0 0 -3 0 30 
-2 -3 -8 0 30
0 0 -3 0 30 
-2 -3 -8 0 30
0 0 -3 0 30 
->
-2 -3 -8 0 30
: hits 1, misses 1 
-2 -4 -10 0 30
0 0 -3 0 30 
-2 -4 -9 0 30
0 0 -3 0 30 
-2 -4 -9 0 30
0 0 -3 0 30 
-2 -4 -9 0 30
0 0 -3 0 30 
-2 -4 -9 0 30
0 0 -3 0 30 
-2 -3 -8 0 30
0 0 -3 0 30 
-2 -3 -8 0 30
0 0 -3 0 30 
-2 -3 -8 0 30
0 0 -3 0 30 
->
-1 -3 -7 0 30
: hits 1, misses 0 
0 0 -3 0 30 
-2 -3 -8 0 30
0 0 -3 0 30 
-1 -3 -7 0 30
0 0 -3 0 30 
-1 -3 -7 0 30
0 0 -3 0 30 
-1 -3 -7 0 30
->
0 0 3 0 0 
: hits 1, misses 1 
-1 -3 -7 0 30
0 0 -3 0 30 
-1 -3 -7 0 30
0 0 3 0 0 
->
-1 -3 -7 0 0
: hits 2, misses 1 
0 0 3 0 0 
->
-1 -3 -6 0 0
: hits 26, misses 0 
0 0 3 0 0 
-1 -3 -6 0 0
3 0 0 0 0 
-1 -3 -6 0 0
3 0 0 0 0 
-1 -3 -6 0 0
3 0 0 0 0 
->
-1 -3 -6 0 0
: hits 5, misses 0 
0 0 3 0 0 
-1 -3 -6 0 0
3 0 0 0 0 
-1 -3 -6 0 0
3 0 0 0 0 
-1 -3 -6 0 0
3 0 0 0 0 
-1 -3 -6 0 0
3 0 0 0 0 
6 -4 -11 0 0
3 0 0 0 0 
6 -4 -11 0 0
3 0 0 0 0 
6 -4 -11 0 0
3 0 0 0 0 
->
6 -4 -11 0 0
: hits 1, misses 0 
-1 -3 -6 0 0
3 0 0 0 0 
-1 -3 -6 0 0
3 0 0 0 0 
-1 -3 -6 0 0
3 0 0 0 0 
-1 -3 -6 0 0
3 0 0 0 0 
6 -4 -11 0 0
3 0 0 0 0 
6 -4 -11 0 0
3 0 0 0 0 
6 -4 -11 0 0
3 0 0 0 0 
6 -4 -11 0 0
3 0 0 0 0 
5 -4 -11 0 0
3 0 0 0 0 
->
5 -4 -11 0 0
: hits 2, misses 0 
0 0 3 0 0 
-1 -3 -6 0 0
3 0 0 0 0 
-1 -3 -6 0 0
3 0 0 0 0 
-1 -3 -6 0 0
3 0 0 0 0 
-1 -3 -6 0 0
3 0 0 0 0 
6 -4 -11 0 0
3 0 0 0 0 
6 -4 -11 0 0
3 0 0 0 0 
6 -4 -11 0 0
3 0 0 0 0 
6 -4 -11 0 0
3 0 0 0 0 
5 -4 -11 0 0
3 0 0 0 0 
5 -4 -11 0 0
3 0 0 0 0 
->
4 -4 -11 0 0
: hits 1, misses 0 
5 -4 -11 0 0
3 0 0 0 0 
4 -4 -11 0 0
3 0 0 0 0 
->
5 -4 -11 0 0
: hits 4, misses 0 
0 0 3 0 0 
-1 -3 -6 0 0
3 0 0 0 0 
-1 -3 -6 0 0
3 0 0 0 0 
-1 -3 -6 0 0
3 0 0 0 0 
-1 -3 -6 0 0
3 0 0 0 0 
6 -4 -11 0 0
3 0 0 0 0 
6 -4 -11 0 0
3 0 0 0 0 
6 -4 -11 0 0
3 0 0 0 0 
6 -4 -11 0 0
3 0 0 0 0 
5 -4 -11 0 0
3 0 0 0 0 
5 -4 -11 0 0
3 0 0 0 0 
4 -4 -11 0 0
3 0 0 0 0 
5 -4 -11 0 0
3 0 0 0 0 
4 -4 -11 0 0
3 0 0 0 0 
->
4 -4 -12 0 0
: hits 1, misses 0 
5 -4 -11 0 0
3 0 0 0 0 
4 -4 -11 0 0
3 0 0 0 0 
4 -4 -12 0 0
3 0 0 0 0 
3 -4 -12 0 0
3 0 0 0 0 
3 -4 -12 0 0
3 0 0 0 0 
3 -4 -12 0 0
3 0 0 0 0 
2 -4 -12 0 0
3 0 0 0 0 
2 -4 -12 0 0
3 0 0 0 0 
->
2 -4 -12 0 0
: hits 1, misses 0 
4 -4 -11 0 0
3 0 0 0 0 
4 -4 -12 0 0
3 0 0 0 0 
3 -4 -12 0 0
3 0 0 0 0 
3 -4 -12 0 0
3 0 0 0 0 
3 -4 -12 0 0
3 0 0 0 0 
2 -4 -12 0 0
3 0 0 0 0 
2 -4 -12 0 0
3 0 0 0 0 
2 -4 -12 0 0
3 0 0 0 0 
->
1 -4 -12 0 0
: hits 1, misses 0 
3 0 0 0 0 
2 -4 -12 0 0
3 0 0 0 0 
2 -4 -12 0 0
3 0 0 0 0 
1 -4 -12 0 0
3 0 0 0 0 
1 -4 -12 0 0
->
0 0 -3 0 0 
: hits 2, misses 0 
1 -4 -12 0 0
3 0 0 0 0 
1 -4 -12 0 0
0 0 -3 0 0 
->
1 -4 -13 0 0
: hits 1, misses 1 
2 -4 -12 0 0
3 0 0 0 0 
1 -4 -12 0 0
3 0 0 0 0 
1 -4 -12 0 0
0 0 -3 0 0 
1 -4 -13 0 0
0 0 -3 0 0 
->
1 -4 -13 0 0
: hits 1, misses 0 
1 -4 -12 0 0
3 0 0 0 0 
1 -4 -12 0 0
0 0 -3 0 0 
1 -4 -13 0 0
0 0 -3 0 0 
1 -4 -13 0 0
0 0 -3 0 0 
->
0 -4 -13 0 0
: hits 1, misses 0 
0 0 -3 0 0 
1 -4 -13 0 0
0 0 -3 0 0 
1 -4 -13 0 0
0 0 -3 0 0 
0 -4 -13 0 0
0 0 -3 0 0 
0 -4 -13 0 0
->
0 0 -3 0 0 
: hits 7, misses 0 
1 -4 -12 0 0
3 0 0 0 0 
1 -4 -12 0 0
0 0 -3 0 0 
1 -4 -13 0 0
0 0 -3 0 0 
1 -4 -13 0 0
0 0 -3 0 0 
0 -4 -13 0 0
0 0 -3 0 0 
0 -4 -13 0 0
0 0 -3 0 0 
0 -4 -13 0 0
0 0 -3 0 0 
0 -4 -13 0 0
0 0 -3 0 0 
->
0 -4 -12 0 0
: hits 1, misses 0 
1 -4 -13 0 0
0 0 -3 0 0 
0 -4 -13 0 0
0 0 -3 0 0 
0 -4 -13 0 0
0 0 -3 0 0 
0 -4 -13 0 0
0 0 -3 0 0 
0 -4 -13 0 0
0 0 -3 0 0 
0 -4 -12 0 0
0 0 -3 0 0 
0 -4 -12 0 0
0 0 -3 0 0 
0 -4 -12 0 0
0 0 -3 0 0 
->
0 -4 -12 0 0
: hits 1, misses 1 
3 -4 -12 0 0
3 0 0 0 0 
2 -4 -12 0 0
3 0 0 0 0 
2 -4 -12 0 0
3 0 0 0 0 
2 -4 -12 0 0
3 0 0 0 0 
1 -4 -12 0 0
3 0 0 0 0 
1 -4 -12 0 0
0 0 -3 0 0 
1 -4 -13 0 0
0 0 -3 0 0 
1 -4 -13 0 0
0 0 -3 0 0 
0 -4 -13 0 0
0 0 -3 0 0 
0 -4 -13 0 0
0 0 -3 0 0 
0 -4 -13 0 0
0 0 -3 0 0 
0 -4 -13 0 0
0 0 -3 0 0 
0 -4 -12 0 0
0 0 -3 0 0 
0 -4 -12 0 0
0 0 -3 0 0 
0 -4 -12 0 0
0 0 -3 0 0 
0 -4 -12 0 0
0 0 -3 0 0 
->
0 -4 -11 0 0
: hits 1, misses 0 
0 0 -3 0 0 
0 -4 -11 0 0
0 0 -3 0 0 
0 -4 -10 0 0
->
3 0 0 0 0 
: hits 1, misses 1 
0 0 -3 0 0 
0 -4 -10 0 0
3 0 0 0 0 
0 -4 -10 0 0
->
3 0 0 0 0 
: hits 1, misses 0 
0 -4 -10 0 0
3 0 0 0 0 
0 -4 -10 0 0
3 0 0 0 0 
->
0 -4 -10 0 0
: hits 2, misses 1 
3 0 0 0 0 
0 -4 -10 0 0
3 0 0 0 0 
0 -4 -10 0 0
->
3 0 0 0 0 
: hits 5, misses 1 
0 0 -3 0 0 
0 -4 -10 0 0
3 0 0 0 0 
0 -4 -10 0 0
3 0 0 0 0 
0 -4 -10 0 0
3 0 0 0 0 
0 -4 -10 0 0
->
3 0 0 0 0 
: hits 1, misses 0 
0 -4 -10 0 0
3 0 0 0 0 
0 -4 -10 0 0
3 0 0 0 0 
0 -4 -10 0 0
3 0 0 0 0 
0 -4 -10 0 0
3 0 0 0 0 
->
1 -4 -10 0 0
: hits 2, misses 0 
3 0 0 0 0 
1 -4 -10 0 0
->
0 0 -3 0 0 
: hits 3, misses 0 
3 0 0 0 0 
1 -4 -10 0 0
3 0 0 0 0 
1 -4 -10 0 0
0 0 -3 0 0 
0 -4 -10 0 0
0 0 -3 0 0 
0 -4 -10 0 0
->
0 0 -3 0 0 
: hits 1, misses 0 
1 -4 -10 0 0
3 0 0 0 0 
1 -4 -10 0 0
0 0 -3 0 0 
0 -4 -10 0 0
0 0 -3 0 0 
0 -4 -10 0 0
0 0 -3 0 0 
->
0 -4 -10 0 0
: hits 1, misses 0 
0 -4 -10 0 0
3 0 0 0 0 
0 -4 -10 0 0
3 0 0 0 0 
0 -4 -10 0 0
3 0 0 0 0 
1 -4 -10 0 0
3 0 0 0 0 
1 -4 -10 0 0
0 0 -3 0 0 
0 -4 -10 0 0
0 0 -3 0 0 
0 -4 -10 0 0
0 0 -3 0 0 
0 -4 -10 0 0
0 0 -3 0 0 
->
0 -4 -10 0 0
: hits 1, misses 0 
1 -4 -10 0 0
0 0 -3 0 0 
0 -4 -10 0 0
0 0 -3 0 0 
0 -4 -10 0 0
0 0 -3 0 0 
0 -4 -10 0 0
0 0 -3 0 0 
0 -4 -10 0 0
0 0 -3 0 0 
0 -4 -10 0 0
0 0 -3 0 0 
0 -4 -10 0 0
0 0 -3 0 0 
0 -4 -10 0 0
0 0 -3 0 0 
->
0 -4 -9 0 0
: hits 1, misses 0 
0 0 -3 0 0 
0 -4 -10 0 0
0 0 -3 0 0 
0 -4 -9 0 0
->
0 0 -3 0 0 
: hits 2, misses 0 
0 0 -3 0 0 
0 -4 -10 0 0
0 0 -3 0 0 
0 -4 -10 0 0
0 0 -3 0 0 
0 -4 -9 0 0
0 0 -3 0 0 
0 -4 -9 0 0
->
0 0 -3 0 30 
: hits 1, misses 1 
0 -4 -10 0 0
0 0 -3 0 0 
0 -4 -10 0 0
0 0 -3 0 0 
0 -4 -9 0 0
0 0 -3 0 0 
0 -4 -9 0 0
0 0 -3 0 30 
->
0 -4 -9 0 30
: hits 1, misses 1 
0 0 -3 0 30 
->
0 -3 -9 0 30
: hits 2, misses 0 
0 -3 -9 0 30
0 0 -3 0 30 
->
0 -3 -9 0 30
: hits 1, misses 0 
0 0 -3 0 30 
0 -3 -9 0 30
0 0 -3 0 30 
0 -3 -9 0 30
->
3 0 0 0 30 
: hits 1, misses 0 
0 -3 -9 0 30
0 0 -3 0 30 
0 -3 -9 0 30
3 0 0 0 30 
->
0 -3 -8 0 30
: hits 1, misses 0 
3 0 0 0 30 
->
-1 -3 -9 0 30
: hits 1, misses 0 
3 0 0 0 30 
0 -3 -8 0 30
3 0 0 0 30 
-1 -3 -9 0 30
->
3 0 0 0 30 
: hits 1, misses 0 
3 0 0 0 30 
->
-1 -3 -8 0 30
: hits 1, misses 0 
3 0 0 0 30 
-1 -3 -9 0 30
3 0 0 0 30 
-1 -3 -8 0 30
->
0 0 -3 0 30 
: hits 1, misses 0 
-1 -3 -9 0 30
3 0 0 0 30 
-1 -3 -8 0 30
0 0 -3 0 30 
->
-1 -3 -8 0 30
: hits 1, misses 0 
0 -3 -8 0 30
3 0 0 0 30 
-1 -3 -9 0 30
3 0 0 0 30 
-1 -3 -8 0 30
0 0 -3 0 30 
-1 -3 -8 0 30
0 0 -3 0 30 
->
-1 -3 -8 0 30
: hits 1, misses 0 
0 -3 -9 0 30
0 0 -3 0 30 
0 -3 -9 0 30
3 0 0 0 30 
0 -3 -8 0 30
3 0 0 0 30 
-1 -3 -9 0 30
3 0 0 0 30 
-1 -3 -8 0 30
0 0 -3 0 30 
-1 -3 -8 0 30
0 0 -3 0 30 
-1 -3 -8 0 30
0 0 -3 0 30 
-1 -3 -8 0 30
0 0 -3 0 30 
->
-1 -3 -8 0 30
: hits 1, misses 0 
3 0 0 0 30 
-1 -3 -9 0 30
3 0 0 0 30 
-1 -3 -8 0 30
0 0 -3 0 30 
-1 -3 -8 0 30
0 0 -3 0 30 
-1 -3 -8 0 30
0 0 -3 0 30 
-1 -3 -8 0 30
0 0 -3 0 30 
-1 -3 -8 0 30
0 0 -3 0 30 
-1 -3 -7 0 30
0 0 -3 0 30 
-1 -3 -7 0 30
->
0 0 -3 0 30 
: hits 1, misses 0 
0 0 -3 0 30 
-1 -3 -7 0 30
0 0 -3 0 30 
-1 -3 -7 0 30
0 0 -3 0 30 
-1 -3 -7 0 30
0 0 -3 0 30 
-1 -3 -7 0 30
->
0 0 -3 0 30 
: hits 3, misses 1 
0 0 -3 0 30 
-1 -3 -8 0 30
0 0 -3 0 30 
-1 -3 -8 0 30
0 0 -3 0 30 
-1 -3 -8 0 30
0 0 -3 0 30 
-1 -3 -7 0 30
0 0 -3 0 30 
-1 -3 -7 0 30
0 0 -3 0 30 
-1 -3 -7 0 30
0 0 -3 0 30 
-1 -3 -7 0 30
0 0 -3 0 30 
-1 -3 -7 0 30
->
0 0 -3 0 30 
: hits 1, misses 1 
0 0 -3 0 30 
-1 -3 -7 0 30
0 0 -3 0 30 
-1 -3 -7 0 30
0 0 -3 0 30 
-1 -3 -7 0 30
0 0 -3 0 30 
-1 -3 -7 0 30
->
0 0 0 0 0 
: hits 1, misses 0 
0 0 -3 0 30 
-1 -3 -7 0 30
0 0 0 0 0 
-1 -3 -7 0 0
->
0 0 0 0 0 
: hits 2, misses 0 
0 0 0 0 0 
-1 -3 -7 0 0
0 0 0 0 0 
-1 -3 -6 0 0
->
0 0 0 0 0 
: hits 3, misses 1 
-1 -3 -7 0 0
0 0 0 0 0 
-1 -3 -6 0 0
0 0 0 0 0 
->
-1 -3 -6 0 0
: hits 4, misses 0 
0 0 -3 0 30 
-1 -3 -7 0 30
0 0 0 0 0 
-1 -3 -7 0 0
0 0 0 0 0 
-1 -3 -6 0 0
0 0 0 0 0 
-1 -3 -6 0 0
->
0 0 0 0 0 
: hits 1, misses 1 
0 0 0 0 0 
-1 -3 -7 0 0
0 0 0 0 0 
-1 -3 -6 0 0
0 0 0 0 0 
-1 -3 -6 0 0
0 0 0 0 0 
-1 -3 -6 0 0
->
0 0 3 0 0 
: hits 1, misses 0 
-1 -3 -6 0 0
0 0 0 0 0 
-1 -3 -6 0 0
0 0 3 0 0 
->
-1 -3 -5 0 0
: hits 2, misses 1 
-1 -3 -6 0 0
->
0 -3 0 0 0 
: hits 1, misses 0 
-1 -3 -5 0 0
0 0 3 0 0 
-1 -3 -6 0 0
0 -3 0 0 0 
->
-1 -3 -6 0 0
: hits 4, misses 0 
-1 -3 -6 0 0
0 -3 0 0 0 
-1 -3 -6 0 0
0 0 3 0 0 
->
-1 -3 -5 0 0
: hits 2, misses 1 
-1 -3 -6 0 0
->
-3 0 0 0 0 
: hits 1, misses 0 
-1 -3 -6 0 0
0 0 3 0 0 
-1 -3 -6 0 0
0 0 3 0 0 
-1 -3 -6 0 0
-3 0 0 0 0 
->
-1 -3 -6 0 0
: hits 2, misses 0 
3 0 0 0 0 
->
-1 -3 -6 0 0
: hits 14, misses 0 
-1 -3 -6 0 0
3 0 0 0 0 
-1 -3 -6 0 0
3 0 0 0 0 
6 -4 -11 0 0
3 0 0 0 0 
6 -4 -11 0 0
3 0 0 0 0 
->
5 -4 -11 0 0
: hits 1, misses 0 
3 0 0 0 0 
-1 -3 -6 0 0
3 0 0 0 0 
-1 -3 -6 0 0
3 0 0 0 0 
-1 -3 -6 0 0
3 0 0 0 0 
-1 -3 -6 0 0
3 0 0 0 0 
6 -4 -11 0 0
3 0 0 0 0 
6 -4 -11 0 0
3 0 0 0 0 
5 -4 -11 0 0
3 0 0 0 0 
->
5 -4 -11 0 0
: hits 1, misses 0 
-1 -3 -6 0 0
3 0 0 0 0 
6 -4 -11 0 0
3 0 0 0 0 
6 -4 -11 0 0
3 0 0 0 0 
5 -4 -11 0 0
3 0 0 0 0 
5 -4 -11 0 0
3 0 0 0 0 
5 -4 -11 0 0
3 0 0 0 0 
5 -4 -11 0 0
3 0 0 0 0 
4 -4 -11 0 0
3 0 0 0 0 
->
4 -4 -11 0 0
: hits 1, misses 0 
6 -4 -11 0 0
3 0 0 0 0 
6 -4 -11 0 0
3 0 0 0 0 
5 -4 -11 0 0
3 0 0 0 0 
5 -4 -11 0 0
3 0 0 0 0 
5 -4 -11 0 0
3 0 0 0 0 
5 -4 -11 0 0
3 0 0 0 0 
4 -4 -11 0 0
3 0 0 0 0 
4 -4 -11 0 0
3 0 0 0 0 
->
3 -4 -11 0 0
: hits 1, misses 0 
6 -4 -11 0 0
3 0 0 0 0 
5 -4 -11 0 0
3 0 0 0 0 
5 -4 -11 0 0
3 0 0 0 0 
5 -4 -11 0 0
3 0 0 0 0 
5 -4 -11 0 0
3 0 0 0 0 
4 -4 -11 0 0
3 0 0 0 0 
4 -4 -11 0 0
3 0 0 0 0 
3 -4 -11 0 0
3 0 0 0 0 
->
3 -4 -11 0 0
: hits 1, misses 0 
5 -4 -11 0 0
3 0 0 0 0 
5 -4 -11 0 0
3 0 0 0 0 
5 -4 -11 0 0
3 0 0 0 0 
5 -4 -11 0 0
3 0 0 0 0 
4 -4 -11 0 0
3 0 0 0 0 
4 -4 -11 0 0
3 0 0 0 0 
3 -4 -11 0 0
3 0 0 0 0 
3 -4 -11 0 0
3 0 0 0 0 
->
3 -4 -12 0 0
: hits 1, misses 0 
5 -4 -11 0 0
3 0 0 0 0 
5 -4 -11 0 0
3 0 0 0 0 
5 -4 -11 0 0
3 0 0 0 0 
4 -4 -11 0 0
3 0 0 0 0 
4 -4 -11 0 0
3 0 0 0 0 
3 -4 -11 0 0
3 0 0 0 0 
3 -4 -11 0 0
3 0 0 0 0 
3 -4 -12 0 0
3 0 0 0 0 
->
2 -4 -12 0 0
: hits 1, misses 0 
5 -4 -11 0 0
3 0 0 0 0 
4 -4 -11 0 0
3 0 0 0 0 
4 -4 -11 0 0
3 0 0 0 0 
3 -4 -11 0 0
3 0 0 0 0 
3 -4 -11 0 0
3 0 0 0 0 
3 -4 -12 0 0
3 0 0 0 0 
2 -4 -12 0 0
3 0 0 0 0 
2 -4 -12 0 0
3 0 0 0 0 
->
2 -4 -12 0 0
: hits 1, misses 0 
4 -4 -11 0 0
3 0 0 0 0 
4 -4 -11 0 0
3 0 0 0 0 
3 -4 -11 0 0
3 0 0 0 0 
3 -4 -11 0 0
3 0 0 0 0 
3 -4 -12 0 0
3 0 0 0 0 
2 -4 -12 0 0
3 0 0 0 0 
2 -4 -12 0 0
3 0 0 0 0 
2 -4 -12 0 0
3 0 0 0 0 
->
2 -5 -12 0 0
: hits 1, misses 0 
4 -4 -11 0 0
3 0 0 0 0 
3 -4 -11 0 0
3 0 0 0 0 
3 -4 -11 0 0
3 0 0 0 0 
3 -4 -12 0 0
3 0 0 0 0 
2 -4 -12 0 0
3 0 0 0 0 
2 -4 -12 0 0
3 0 0 0 0 
2 -4 -12 0 0
3 0 0 0 0 
2 -5 -12 0 0
3 0 0 0 0 
->
1 -5 -12 0 0
: hits 1, misses 0 
2 -5 -12 0 0
3 0 0 0 0 
1 -5 -12 0 0
3 0 0 0 0 
->
1 -4 -12 0 0
: hits 1, misses 0 
1 -5 -12 0 0
3 0 0 0 0 
1 -4 -12 0 0
0 0 -3 0 0 
->
1 -4 -12 0 0
: hits 1, misses 0 
2 -5 -12 0 0
3 0 0 0 0 
1 -5 -12 0 0
3 0 0 0 0 
1 -4 -12 0 0
0 0 -3 0 0 
1 -4 -12 0 0
0 0 -3 0 0 
->
1 -4 -12 0 0
: hits 1, misses 0 
1 -5 -12 0 0
3 0 0 0 0 
1 -4 -12 0 0
0 0 -3 0 0 
1 -4 -12 0 0
0 0 -3 0 0 
1 -4 -12 0 0
0 0 -3 0 0 
->
0 -4 -13 0 0
: hits 1, misses 0 
1 -4 -12 0 0
0 0 -3 0 0 
1 -4 -12 0 0
0 0 -3 0 0 
1 -4 -12 0 0
0 0 -3 0 0 
0 -4 -13 0 0
0 0 -3 0 0 
->
0 -4 -13 0 0
: hits 2, misses 0 
2 -5 -12 0 0
3 0 0 0 0 
1 -5 -12 0 0
3 0 0 0 0 
1 -4 -12 0 0
0 0 -3 0 0 
1 -4 -12 0 0
0 0 -3 0 0 
1 -4 -12 0 0
0 0 -3 0 0 
0 -4 -13 0 0
0 0 -3 0 0 
0 -4 -13 0 0
0 0 -3 0 0 
0 -4 -13 0 0
0 0 -3 0 0 
->
0 -4 -13 0 0
: hits 1, misses 0 
1 -4 -12 0 0
0 0 -3 0 0 
1 -4 -12 0 0
0 0 -3 0 0 
1 -4 -12 0 0
0 0 -3 0 0 
0 -4 -13 0 0
0 0 -3 0 0 
0 -4 -13 0 0
0 0 -3 0 0 
0 -4 -13 0 0
0 0 -3 0 0 
0 -4 -13 0 0
0 0 -3 0 0 
0 -4 -13 0 0
0 0 -3 0 0 
->
0 -4 -12 0 0
: hits 1, misses 0 
0 0 -3 0 0 
0 -4 -13 0 0
0 0 -3 0 0 
0 -4 -13 0 0
0 0 -3 0 0 
0 -4 -12 0 0
0 0 -3 0 0 
0 -4 -12 0 0
->
3 0 0 0 0 
: hits 1, misses 0 
0 -4 -13 0 0
0 0 -3 0 0 
0 -4 -12 0 0
0 0 -3 0 0 
0 -4 -12 0 0
3 0 0 0 0 
0 -4 -12 0 0
3 0 0 0 0 
->
0 -4 -12 0 0
: hits 1, misses 0 
0 -4 -12 0 0
3 0 0 0 0 
0 -4 -12 0 0
3 0 0 0 0 
->
0 -4 -11 0 0
: hits 4, misses 0 
3 0 0 0 0 
0 -4 -11 0 0
3 0 0 0 0 
0 -4 -11 0 0
3 0 0 0 0 
0 -4 -11 0 0
3 0 0 0 0 
0 -4 -11 0 0
->
0 0 -3 0 0 
: hits 1, misses 0 
0 -4 -12 0 0
3 0 0 0 0 
0 -4 -11 0 0
3 0 0 0 0 
0 -4 -11 0 0
3 0 0 0 0 
0 -4 -11 0 0
3 0 0 0 0 
0 -4 -11 0 0
0 0 -3 0 0 
0 -4 -11 0 0
0 0 -3 0 0 
0 -4 -11 0 0
0 0 -3 0 0 
0 -4 -11 0 0
0 0 -3 0 0 
->
0 -4 -11 0 0
: hits 1, misses 0 
0 -4 -11 0 0
0 0 -3 0 0 
0 -4 -11 0 0
0 0 -3 0 0 
0 -4 -11 0 0
0 0 -3 0 0 
0 -4 -11 0 0
0 0 -3 0 0 
0 -4 -11 0 0
0 0 -3 0 0 
0 -4 -11 0 0
0 0 -3 0 0 
0 -4 -11 0 0
0 0 -3 0 0 
0 -4 -11 0 0
0 0 -3 0 0 
->
0 -4 -10 0 0
: hits 3, misses 0 
0 -4 -11 0 0
0 0 -3 0 0 
0 -4 -11 0 0
0 0 -3 0 0 
0 -4 -11 0 0
0 0 -3 0 0 
0 -4 -10 0 0
0 0 -3 0 0 
0 -4 -10 0 0
0 0 -3 0 0 
0 -4 -10 0 0
0 0 -3 0 0 
0 -4 -10 0 0
0 0 -3 0 0 
0 -4 -10 0 0
0 0 -3 0 0 
->
0 -4 -9 0 0
: hits 1, misses 0 
0 0 -3 0 0 
0 -4 -11 0 0
0 0 -3 0 0 
0 -4 -10 0 0
0 0 -3 0 0 
0 -4 -10 0 0
0 0 -3 0 0 
0 -4 -10 0 0
0 0 -3 0 0 
0 -4 -10 0 0
0 0 -3 0 0 
0 -4 -10 0 0
0 0 -3 0 0 
0 -4 -9 0 0
0 0 -3 0 0 
0 -4 -9 0 0
->
0 0 -3 0 0 
: hits 1, misses 0 
0 -4 -11 0 0
0 0 -3 0 0 
0 -4 -10 0 0
0 0 -3 0 0 
0 -4 -10 0 0
0 0 -3 0 0 
0 -4 -10 0 0
0 0 -3 0 0 
0 -4 -10 0 0
0 0 -3 0 0 
0 -4 -10 0 0
0 0 -3 0 0 
0 -4 -9 0 0
0 0 -3 0 0 
0 -4 -9 0 0
0 0 -3 0 0 
->
0 -4 -9 0 0
: hits 1, misses 0 
0 -4 -10 0 0
0 0 -3 0 0 
0 -4 -9 0 0
0 0 -3 0 0 
0 -4 -9 0 0
0 0 -3 0 0 
0 -4 -9 0 0
0 0 -3 0 30 
->
0 -4 -9 0 30
: hits 1, misses 0 
0 0 -3 0 0 
0 -4 -9 0 0
0 0 -3 0 0 
0 -4 -9 0 0
0 0 -3 0 30 
0 -4 -9 0 30
0 0 -3 0 30 
0 -4 -8 0 30
->
3 0 0 0 30 
: hits 1, misses 0 
0 -4 -9 0 30
0 0 -3 0 30 
0 -4 -8 0 30
3 0 0 0 30 
->
0 -4 -8 0 30
: hits 1, misses 0 
0 -4 -9 0 0
0 0 -3 0 30 
0 -4 -9 0 30
0 0 -3 0 30 
0 -4 -8 0 30
3 0 0 0 30 
0 -4 -8 0 30
3 0 0 0 30 
->
0 -4 -8 0 30
: hits 1, misses 0 
0 -4 -8 0 30
0 0 -3 0 30 
->
-1 -3 -8 0 30
: hits 1, misses 0 
0 -4 -8 0 30
0 0 -3 0 30 
-1 -3 -8 0 30
0 0 -3 0 30 
->
-1 -3 -8 0 30
: hits 1, misses 0 
0 -4 -8 0 30
3 0 0 0 30 
0 -4 -8 0 30
0 0 -3 0 30 
-1 -3 -8 0 30
0 0 -3 0 30 
-1 -3 -8 0 30
0 0 -3 0 30 
->
-1 -3 -8 0 30
: hits 1, misses 0 
-1 -3 -8 0 30
0 0 -3 0 30 
-1 -3 -8 0 30
0 0 -3 0 30 
->
-1 -4 -8 0 30
: hits 1, misses 0 
-1 -3 -8 0 30
0 0 -3 0 30 
-1 -3 -8 0 30
0 0 -3 0 30 
-1 -3 -8 0 30
0 0 -3 0 30 
-1 -4 -8 0 30
0 0 -3 0 30 
->
-1 -4 -7 0 30
: hits 1, misses 1 
-1 -3 -8 0 30
0 0 -3 0 30 
-1 -3 -8 0 30
0 0 -3 0 30 
-1 -4 -8 0 30
0 0 -3 0 30 
-1 -4 -7 0 30
0 0 -3 0 30 
->
-1 -3 -7 0 30
: hits 1, misses 0 
-1 -4 -7 0 30
0 0 -3 0 30 
-1 -3 -7 0 30
0 0 -3 0 30 
-1 -3 -7 0 30
0 0 -3 0 30 
-1 -3 -7 0 30
0 0 -3 0 30 
->
-1 -3 -7 0 30
: hits 1, misses 0 
0 0 -3 0 30 
-1 -3 -8 0 30
0 0 -3 0 30 
-1 -3 -8 0 30
0 0 -3 0 30 
-1 -4 -8 0 30
0 0 -3 0 30 
-1 -4 -7 0 30
0 0 -3 0 30 
-1 -3 -7 0 30
0 0 -3 0 30 
-1 -3 -7 0 30
0 0 -3 0 30 
-1 -3 -7 0 30
0 0 -3 0 30 
-1 -3 -7 0 30
->
0 0 0 0 30 
: hits 1, misses 0 
-1 -3 -7 0 30
0 0 -3 0 30 
-1 -3 -7 0 30
0 0 -3 0 30 
-1 -3 -7 0 30
0 0 -3 0 30 
-1 -3 -7 0 30
0 0 0 0 30 
->
-1 -3 -7 0 30
: hits 1, misses 0 
0 0 -3 0 30 
-1 -3 -7 0 30
0 0 -3 0 30 
-1 -3 -7 0 30
0 0 0 0 30 
-1 -3 -7 0 30
0 0 0 0 0 
-1 -3 -6 0 0
->
0 0 0 0 0 
: hits 1, misses 0 
0 0 -3 0 30 
-1 -3 -7 0 30
0 0 0 0 30 
-1 -3 -7 0 30
0 0 0 0 0 
-1 -3 -6 0 0
0 0 0 0 0 
-1 -3 -6 0 0
->
0 0 3 0 0 
: hits 1, misses 0 
-1 -3 -7 0 30
0 0 0 0 30 
-1 -3 -7 0 30
0 0 0 0 0 
-1 -3 -6 0 0
0 0 0 0 0 
-1 -3 -6 0 0
0 0 3 0 0 
->
-1 -3 -6 0 0
: hits 1, misses 0 
0 0 0 0 0 
-1 -3 -6 0 0
0 0 3 0 0 
-1 -3 -6 0 0
->
0 0 0 0 0 
: hits 1, misses 1 
0 0 0 0 0 
-1 -3 -6 0 0
0 0 3 0 0 
-1 -3 -6 0 0
0 0 0 0 0 
-1 -3 -5 0 0
0 0 3 0 0 
-1 -3 -6 0 0
->
0 0 3 0 0 
: hits 1, misses 0 
-1 -3 -7 0 30
0 0 0 0 0 
-1 -3 -6 0 0
0 0 0 0 0 
-1 -3 -6 0 0
0 0 3 0 0 
-1 -3 -6 0 0
0 0 0 0 0 
-1 -3 -5 0 0
0 0 3 0 0 
-1 -3 -6 0 0
0 0 3 0 0 
-1 -3 -6 0 0
0 0 3 0 0 
-1 -3 -6 0 0
0 0 3 0 0 
->
-1 -3 -5 0 0
: hits 1, misses 0 
-1 -3 -5 0 0
0 0 3 0 0 
->
0 -3 -6 0 0
: hits 1, misses 0 
-1 -3 -5 0 0
0 0 3 0 0 
0 -3 -6 0 0
0 0 3 0 0 
->
0 -3 -6 0 0
: hits 1, misses 0 
0 -3 -6 0 0
0 0 3 0 0 
0 -3 -6 0 0
0 0 3 0 0 
->
-1 -3 -6 0 0
: hits 2, misses 0 
-1 -3 -6 0 0
->
0 3 0 0 0 
: hits 1, misses 0 
0 -3 -6 0 0
0 0 3 0 0 
-1 -3 -6 0 0
0 0 3 0 0 
-1 -3 -6 0 0
0 3 0 0 0 
-1 -3 -6 0 0
0 0 3 0 0 
->
-1 -3 -6 0 0
: hits 1, misses 0 
