3 0 0 0 0 
->
3 -2 -5 0 0
: hits 18, misses 2 
3 -2 -5 0 0
->
3 0 0 0 0 
: hits 46, misses 0 
3 0 0 0 0 
->
2 -2 -5 0 0
: hits 28, misses 1 
3 0 0 0 0 
->
2 -2 -6 0 0
: hits 7, misses 1 
2 -2 -6 0 0
->
3 0 0 0 0 
: hits 51, misses 1 
3 0 0 0 0 
->
1 -2 -6 0 0
: hits 23, misses 1 
3 0 0 0 0 
->
0 -2 -6 0 0
: hits 19, misses 1 
0 -2 -6 0 0
->
3 0 0 0 0 
: hits 34, misses 1 
0 -2 -6 0 0
->
0 0 -3 0 0 
: hits 95, misses 1 
0 0 -3 0 0 
->
0 -2 -6 0 0
: hits 45, misses 2 
0 0 -3 0 0 
->
0 -2 -5 0 0
: hits 42, misses 1 
0 0 -3 0 0 
->
0 -2 -4 0 0
: hits 23, misses 1 
0 -2 -4 0 0
->
0 0 -3 0 0 
: hits 54, misses 1 
0 -2 -4 0 0
->
0 0 0 0 30 
: hits 4, misses 2 
0 0 0 0 30 
->
0 -2 -4 0 30
: hits 4, misses 1 
0 -2 -4 0 30
->
3 0 0 0 30 
: hits 14, misses 1 
3 0 0 0 30 
->
0 -2 -4 0 30
: hits 7, misses 1 
3 0 0 0 30 
0 -2 -4 0 30
->
0 0 0 0 30 
: hits 2, misses 1 
0 0 0 0 30 
0 -2 -4 0 30
->
3 0 0 0 30 
: hits 3, misses 1 
3 0 0 0 30 
0 -2 -4 0 30
->
3 0 0 0 30 
: hits 8, misses 2 
3 0 0 0 30 
->
0 -1 -4 0 30
: hits 2, misses 1 
0 -1 -4 0 30
->
0 0 -3 0 30 
: hits 40, misses 2 
0 0 -3 0 30 
->
0 -2 -4 0 30
: hits 17, misses 1 
0 0 -3 0 30 
->
0 -1 -4 0 30
: hits 7, misses 1 
0 0 -3 0 30 
0 -1 -4 0 30
->
3 0 0 0 30 
: hits 2, misses 2 
3 0 0 0 30 
->
0 -1 -3 0 30
: hits 3, misses 1 
0 -1 -3 0 30
->
3 0 0 0 30 
: hits 6, misses 1 
3 0 0 0 30 
0 -1 -3 0 30
->
0 0 -3 0 30 
: hits 2, misses 1 
0 0 -3 0 30 
->
0 -1 -3 0 30
: hits 18, misses 1 
0 0 -3 0 30 
0 -1 -3 0 30
->
0 0 -3 0 30 
: hits 26, misses 5 
0 -1 -3 0 30
->
3 0 0 0 0 
: hits 14, misses 1 
3 0 0 0 0 
->
0 -1 -3 0 0
: hits 12, misses 1 
0 -1 -3 0 0
->
0 0 0 0 0 
: hits 9, misses 1 
0 0 0 0 0 
->
0 -1 -3 0 0
: hits 1, misses 1 
0 -1 -3 0 0
->
0 0 3 0 0 
: hits 44, misses 3 
0 0 3 0 0 
->
0 -1 -3 0 0
: hits 36, misses 1 
0 0 -3 0 0 
->
0 -1 -3 0 0
: hits 24, misses 1 
0 0 -3 0 0 
0 -1 -3 0 0
->
3 0 0 0 0 
: hits 4, misses 1 
3 0 0 0 0 
0 -1 -3 0 0
->
3 0 0 0 0 
: hits 12, misses 1 
0 -1 -3 0 0
3 0 0 0 0 
->
3 -2 -5 0 0
: hits 3, misses 2 
3 -2 -5 0 0
3 0 0 0 0 
->
2 -2 -5 0 0
: hits 22, misses 4 
3 0 0 0 0 
->
1 -2 -5 0 0
: hits 2, misses 1 
1 -2 -5 0 0
->
3 0 0 0 0 
: hits 41, misses 1 
1 -2 -5 0 0
3 0 0 0 0 
->
1 -2 -6 0 0
: hits 14, misses 4 
1 -2 -6 0 0
->
0 0 0 0 0 
: hits 1, misses 1 
0 0 0 0 0 
->
1 -2 -6 0 0
: hits 1, misses 1 
0 0 -3 0 0 
->
1 -2 -6 0 0
: hits 2, misses 1 
1 -2 -6 0 0
0 0 -3 0 0 
->
0 -2 -6 0 0
: hits 34, misses 3 
0 -2 -6 0 0
0 0 -3 0 0 
->
0 -2 -5 0 0
: hits 31, misses 4 
0 0 -3 0 0 
->
1 -2 -5 0 0
: hits 6, misses 1 
1 -2 -5 0 0
->
0 0 -3 0 0 
: hits 34, misses 1 
1 -2 -5 0 0
0 0 -3 0 0 
->
1 -2 -5 0 0
: hits 5, misses 2 
0 0 -3 0 0 
1 -2 -5 0 0
->
0 0 -3 0 0 
: hits 32, misses 2 
0 0 -3 0 0 
->
1 -2 -4 0 0
: hits 3, misses 1 
1 -2 -4 0 0
0 0 -3 0 0 
->
1 -2 -4 0 0
: hits 2, misses 1 
0 0 -3 0 0 
1 -2 -4 0 0
->
3 0 0 0 0 
: hits 3, misses 1 
3 0 0 0 0 
->
1 -2 -4 0 0
: hits 5, misses 1 
3 0 0 0 0 
1 -2 -4 0 0
->
3 0 0 0 0 
: hits 10, misses 1 
1 -2 -4 0 0
3 0 0 0 0 
->
1 -2 -4 0 0
: hits 4, misses 2 
3 0 0 0 0 
->
0 -2 -4 0 0
: hits 9, misses 1 
0 -2 -4 0 0
3 0 0 0 0 
->
0 -2 -4 0 0
: hits 8, misses 1 
3 0 0 0 0 
0 -2 -4 0 0
->
0 0 -3 0 0 
: hits 2, misses 1 
0 -2 -4 0 0
0 0 -3 0 0 
->
0 -2 -4 0 0
: hits 21, misses 3 
0 0 -3 0 0 
0 -2 -4 0 0
->
0 0 -3 0 0 
: hits 44, misses 3 
0 -2 -4 0 0
->
0 0 -3 0 30 
: hits 15, misses 1 
0 -2 -4 0 0
0 0 -3 0 30 
->
0 -2 -4 0 30
: hits 12, misses 1 
0 -2 -4 0 30
3 0 0 0 30 
->
0 -2 -4 0 30
: hits 5, misses 2 
3 0 0 0 30 
->
0 -2 -3 0 30
: hits 4, misses 1 
3 0 0 0 30 
0 -2 -4 0 30
3 0 0 0 30 
0 -2 -3 0 30
->
3 0 0 0 30 
: hits 1, misses 1 
3 0 0 0 30 
0 -2 -4 0 30
->
0 0 -3 0 30 
: hits 2, misses 1 
0 0 -3 0 30 
->
0 -2 -3 0 30
: hits 10, misses 1 
0 -2 -3 0 30
0 0 -3 0 30 
->
0 -2 -3 0 30
: hits 9, misses 3 
0 -2 -3 0 30
0 0 -3 0 30 
->
0 -1 -3 0 30
: hits 13, misses 2 
0 -1 -3 0 30
->
0 0 0 0 30 
: hits 6, misses 1 
0 0 0 0 30 
->
0 -1 -3 0 30
: hits 5, misses 1 
0 0 0 0 30 
0 -1 -3 0 30
->
0 0 -3 0 30 
: hits 1, misses 1 
0 0 -3 0 30 
0 -1 -3 0 30
->
0 0 3 0 0 
: hits 2, misses 1 
0 -1 -3 0 30
0 0 3 0 0 
->
0 -1 -3 0 0
: hits 18, misses 2 
0 0 3 0 0 
0 -1 -3 0 0
->
0 0 3 0 0 
: hits 28, misses 2 
0 0 3 0 0 
->
0 -2 -2 0 0
: hits 3, misses 1 
0 -2 -2 0 0
->
0 0 3 0 0 
: hits 14, misses 1 
0 0 3 0 0 
->
0 -2 -3 0 0
: hits 7, misses 1 
0 -2 -2 0 0
0 0 3 0 0 
->
0 -2 -3 0 0
: hits 4, misses 2 
0 -2 -3 0 0
->
3 0 0 0 0 
: hits 21, misses 0 
3 0 0 0 0 
->
0 -2 -2 0 0
: hits 2, misses 1 
3 0 0 0 0 
0 -2 -2 0 0
->
3 0 0 0 0 
: hits 4, misses 1 
3 0 0 0 0 
->
0 -2 -3 0 0
: hits 2, misses 0 
0 -2 -3 0 0
3 0 0 0 0 
->
0 -2 -2 0 0
: hits 1, misses 1 
0 -2 -2 0 0
3 0 0 0 0 
->
3 -2 -5 0 0
: hits 1, misses 1 
3 -2 -5 0 0
3 0 0 0 0 
->
3 -2 -5 0 0
: hits 6, misses 1 
3 -2 -5 0 0
3 0 0 0 0 
3 -2 -5 0 0
3 0 0 0 0 
->
2 -2 -5 0 0
: hits 6, misses 2 
2 -2 -5 0 0
3 0 0 0 0 
->
2 -2 -6 0 0
: hits 6, misses 1 
2 -2 -6 0 0
3 0 0 0 0 
->
1 -2 -6 0 0
: hits 16, misses 2 
3 0 0 0 0 
1 -2 -6 0 0
->
3 0 0 0 0 
: hits 31, misses 2 
1 -2 -6 0 0
3 0 0 0 0 
->
0 -2 -6 0 0
: hits 14, misses 3 
3 0 0 0 0 
0 -2 -6 0 0
->
0 0 -3 0 0 
: hits 4, misses 1 
0 -2 -6 0 0
3 0 0 0 0 
0 -2 -6 0 0
0 0 -3 0 0 
->
0 -2 -6 0 0
: hits 2, misses 2 
0 -2 -6 0 0
0 0 -3 0 0 
0 -2 -6 0 0
0 0 -3 0 0 
->
0 -2 -5 0 0
: hits 6, misses 1 
0 -2 -5 0 0
0 0 -3 0 0 
0 -2 -5 0 0
0 0 -3 0 0 
->
0 -2 -5 0 0
: hits 23, misses 2 
0 0 -3 0 0 
0 -2 -5 0 0
->
3 0 0 0 0 
: hits 3, misses 2 
3 0 0 0 0 
->
0 -2 -5 0 0
: hits 1, misses 0 
3 0 0 0 0 
0 -2 -5 0 0
->
3 0 0 0 0 
: hits 16, misses 1 
0 -2 -5 0 0
3 0 0 0 0 
0 -2 -5 0 0
3 0 0 0 0 
->
0 -2 -4 0 0
: hits 2, misses 0 
3 0 0 0 0 
0 -2 -4 0 0
3 0 0 0 0 
0 -2 -4 0 0
->
0 0 -3 0 0 
: hits 1, misses 2 
3 0 0 0 0 
0 -2 -4 0 0
0 0 -3 0 0 
0 -2 -4 0 0
->
0 0 -3 0 0 
: hits 1, misses 0 
0 0 -3 0 0 
0 -2 -4 0 0
0 0 -3 0 0 
0 -2 -4 0 0
->
3 0 0 0 0 
: hits 2, misses 1 
0 -2 -4 0 0
->
0 0 0 0 0 
: hits 1, misses 0 
0 0 0 0 0 
->
0 -2 -4 0 0
: hits 1, misses 1 
0 0 0 0 0 
0 -2 -4 0 0
->
0 0 -3 0 0 
: hits 1, misses 0 
0 0 -3 0 0 
0 -2 -4 0 0
0 0 -3 0 0 
0 -2 -4 0 0
->
0 0 -3 0 0 
: hits 8, misses 1 
0 -2 -4 0 0
0 0 -3 0 0 
->
0 -2 -3 0 0
: hits 2, misses 1 
0 0 -3 0 0 
0 -2 -3 0 0
0 0 -3 0 0 
0 -2 -3 0 0
->
3 0 0 0 0 
: hits 1, misses 0 
0 -2 -3 0 0
3 0 0 0 0 
->
0 -2 -3 0 0
: hits 1, misses 1 
0 -2 -3 0 0
3 0 0 0 0 
->
0 -1 -3 0 0
: hits 8, misses 1 
3 0 0 0 0 
0 -1 -3 0 0
->
3 0 0 0 30 
: hits 1, misses 1 
0 -1 -3 0 0
3 0 0 0 30 
->
0 -1 -3 0 30
: hits 1, misses 1 
3 0 0 0 30 
0 -1 -3 0 30
0 0 -3 0 30 
0 -1 -3 0 30
->
0 0 -3 0 30 
: hits 1, misses 0 
0 -1 -3 0 30
0 0 -3 0 30 
0 -1 -3 0 30
0 0 -3 0 30 
->
0 -2 -3 0 30
: hits 2, misses 2 
0 -2 -3 0 30
0 0 -3 0 30 
0 -2 -3 0 30
0 0 -3 0 30 
->
0 -1 -3 0 30
: hits 4, misses 0 
0 -1 -3 0 30
0 0 -3 0 30 
0 -2 -3 0 30
0 0 -3 0 30 
0 -2 -3 0 30
0 0 -3 0 30 
0 -1 -3 0 30
0 0 -3 0 30 
->
0 -1 -3 0 30
: hits 1, misses 0 
0 -1 -3 0 30
0 0 -3 0 30 
0 -1 -3 0 30
0 0 -3 0 30 
->
0 -1 -3 0 30
: hits 7, misses 0 
0 0 -3 0 30 
0 -1 -3 0 30
->
0 0 0 0 30 
: hits 2, misses 1 
0 -1 -3 0 30
0 0 0 0 30 
->
0 -1 -3 0 30
: hits 4, misses 2 
0 0 0 0 30 
0 -1 -3 0 30
->
0 0 0 0 30 
: hits 2, misses 1 
0 0 0 0 30 
0 -1 -3 0 30
->
0 0 0 0 0 
: hits 1, misses 1 
0 0 0 0 0 
->
0 -1 -2 0 0
: hits 7, misses 2 
0 0 0 0 0 
0 -1 -2 0 0
->
0 0 0 0 0 
: hits 5, misses 2 
0 -1 -2 0 0
->
3 0 0 0 0 
: hits 9, misses 0 
3 0 0 0 0 
->
0 -1 -2 0 0
: hits 1, misses 0 
3 0 0 0 0 
0 -1 -2 0 0
->
0 0 0 0 0 
: hits 1, misses 1 
0 0 0 0 0 
->
-1 -1 -2 0 0
: hits 7, misses 1 
-1 -1 -2 0 0
->
0 0 0 0 0 
: hits 6, misses 2 
-1 -1 -2 0 0
->
3 0 0 0 0 
: hits 1, misses 1 
3 0 0 0 0 
->
-1 -1 -2 0 0
: hits 1, misses 0 
3 0 0 0 0 
-1 -1 -2 0 0
->
0 0 0 0 0 
: hits 1, misses 0 
-1 -1 -2 0 0
->
0 0 3 0 0 
: hits 1, misses 0 
-1 -1 -2 0 0
0 0 3 0 0 
->
0 -1 -3 0 0
: hits 3, misses 0 
0 0 3 0 0 
->
0 -1 -2 0 0
: hits 8, misses 0 
0 -1 -2 0 0
0 0 3 0 0 
->
0 -1 -3 0 0
: hits 17, misses 2 
0 -1 -3 0 0
0 0 3 0 0 
->
0 -1 -2 0 0
: hits 7, misses 1 
0 -1 -3 0 0
0 0 3 0 0 
0 -1 -2 0 0
0 0 3 0 0 
->
0 -1 -3 0 0
: hits 12, misses 2 
0 0 3 0 0 
0 -1 -3 0 0
->
0 0 0 0 0 
: hits 1, misses 1 
0 -1 -3 0 0
0 0 0 0 0 
->
0 -1 -2 0 0
: hits 2, misses 0 
0 0 0 0 0 
0 -1 -2 0 0
->
0 0 3 0 0 
: hits 1, misses 0 
0 -1 -2 0 0
0 0 0 0 0 
0 -1 -2 0 0
0 0 3 0 0 
->
0 -1 -3 0 0
: hits 3, misses 0 
0 0 0 0 0 
0 -1 -2 0 0
0 0 3 0 0 
0 -1 -3 0 0
->
0 0 3 0 0 
: hits 1, misses 1 
0 -1 -2 0 0
0 0 3 0 0 
0 -1 -3 0 0
0 0 3 0 0 
->
0 -1 -2 0 0
: hits 5, misses 0 
0 0 3 0 0 
->
0 -1 -3 0 0
: hits 14, misses 0 
0 0 3 0 0 
0 -1 -3 0 0
->
3 0 0 0 0 
: hits 2, misses 1 
0 0 3 0 0 
0 -1 -3 0 0
3 0 0 0 0 
0 -1 -3 0 0
->
3 0 0 0 0 
: hits 2, misses 0 
3 0 0 0 0 
0 -1 -3 0 0
3 0 0 0 0 
0 -1 -3 0 0
->
3 0 0 0 0 
: hits 4, misses 0 
0 -1 -3 0 0
3 0 0 0 0 
0 -1 -3 0 0
3 0 0 0 0 
->
3 -2 -5 0 0
: hits 2, misses 1 
0 -1 -3 0 0
3 0 0 0 0 
3 -2 -5 0 0
3 0 0 0 0 
->
3 -2 -5 0 0
: hits 2, misses 0 
3 -2 -5 0 0
3 0 0 0 0 
3 -2 -5 0 0
3 0 0 0 0 
->
3 -2 -5 0 0
: hits 2, misses 1 
0 -1 -3 0 0
3 0 0 0 0 
3 -2 -5 0 0
3 0 0 0 0 
3 -2 -5 0 0
3 0 0 0 0 
3 -2 -5 0 0
3 0 0 0 0 
->
2 -2 -5 0 0
: hits 2, misses 0 
2 -2 -5 0 0
3 0 0 0 0 
2 -2 -5 0 0
3 0 0 0 0 
->
2 -2 -5 0 0
: hits 7, misses 2 
2 -2 -5 0 0
3 0 0 0 0 
2 -2 -5 0 0
3 0 0 0 0 
->
2 -2 -6 0 0
: hits 3, misses 1 
2 -2 -5 0 0
3 0 0 0 0 
2 -2 -6 0 0
3 0 0 0 0 
->
1 -2 -6 0 0
: hits 2, misses 1 
3 0 0 0 0 
2 -2 -6 0 0
3 0 0 0 0 
1 -2 -6 0 0
->
3 0 0 0 0 
: hits 11, misses 1 
2 -2 -6 0 0
3 0 0 0 0 
1 -2 -6 0 0
3 0 0 0 0 
->
1 -2 -6 0 0
: hits 9, misses 3 
1 -2 -6 0 0
3 0 0 0 0 
1 -2 -6 0 0
3 0 0 0 0 
->
0 -2 -6 0 0
: hits 4, misses 1 
3 0 0 0 0 
0 -2 -6 0 0
3 0 0 0 0 
0 -2 -6 0 0
->
0 0 -3 0 0 
: hits 2, misses 1 
0 0 -3 0 0 
0 -2 -6 0 0
->
0 0 -3 0 0 
: hits 39, misses 2 
0 -2 -6 0 0
0 0 -3 0 0 
0 -2 -6 0 0
0 0 -3 0 0 
->
0 -2 -6 0 0
: hits 15, misses 1 
0 -2 -6 0 0
0 0 -3 0 0 
0 -2 -6 0 0
0 0 -3 0 0 
0 -2 -6 0 0
0 0 -3 0 0 
0 -2 -6 0 0
0 0 -3 0 0 
->
0 -2 -5 0 0
: hits 4, misses 1 
0 -2 -5 0 0
0 0 -3 0 0 
0 -2 -5 0 0
0 0 -3 0 0 
->
0 -2 -4 0 0
: hits 2, misses 1 
0 -2 -4 0 0
0 0 -3 0 0 
0 -2 -4 0 0
0 0 -3 0 0 
->
0 -2 -4 0 0
: hits 3, misses 0 
0 0 -3 0 0 
0 -2 -4 0 0
0 0 -3 0 0 
0 -2 -4 0 0
0 0 -3 0 0 
0 -2 -4 0 0
0 0 -3 0 0 
0 -2 -4 0 0
->
3 0 0 0 0 
: hits 1, misses 0 
3 0 0 0 0 
0 -2 -4 0 0
3 0 0 0 0 
0 -2 -4 0 0
->
3 0 0 0 0 
: hits 1, misses 1 
3 0 0 0 0 
0 -2 -4 0 0
->
0 0 0 0 30 
: hits 1, misses 0 
0 -2 -4 0 0
0 0 0 0 30 
->
0 -2 -4 0 30
: hits 2, misses 0 
0 -2 -4 0 30
3 0 0 0 30 
->
0 -2 -3 0 30
: hits 3, misses 1 
0 0 0 0 30 
0 -2 -4 0 30
3 0 0 0 30 
0 -2 -3 0 30
->
3 0 0 0 30 
: hits 2, misses 0 
3 0 0 0 30 
0 -2 -3 0 30
3 0 0 0 30 
0 -2 -3 0 30
->
0 0 0 0 30 
: hits 1, misses 1 
0 0 0 0 30 
->
0 -2 -3 0 30
: hits 1, misses 0 
0 -2 -3 0 30
3 0 0 0 30 
0 -2 -3 0 30
3 0 0 0 30 
->
0 -2 -4 0 30
: hits 2, misses 0 
3 0 0 0 30 
0 -2 -3 0 30
3 0 0 0 30 
0 -2 -4 0 30
->
3 0 0 0 30 
: hits 1, misses 1 
3 0 0 0 30 
0 -2 -4 0 30
3 0 0 0 30 
0 -2 -4 0 30
->
0 0 -3 0 30 
: hits 1, misses 0 
0 -2 -4 0 30
3 0 0 0 30 
0 -2 -4 0 30
0 0 -3 0 30 
->
0 -2 -4 0 30
: hits 1, misses 0 
0 0 -3 0 30 
0 -2 -4 0 30
->
0 0 -3 0 30 
: hits 15, misses 1 
0 -2 -4 0 30
0 0 -3 0 30 
0 -2 -4 0 30
0 0 -3 0 30 
->
0 -2 -4 0 30
: hits 7, misses 3 
0 0 -3 0 30 
0 -2 -4 0 30
->
0 0 0 0 30 
: hits 1, misses 1 
0 0 0 0 30 
0 -2 -4 0 30
->
0 0 -3 0 30 
: hits 1, misses 0 
0 0 0 0 30 
0 -2 -4 0 30
0 0 -3 0 30 
0 -2 -4 0 30
->
0 0 -3 0 30 
: hits 1, misses 0 
0 -2 -4 0 30
0 0 -3 0 30 
0 -2 -4 0 30
0 0 -3 0 30 
->
0 -2 -3 0 30
: hits 1, misses 1 
0 0 -3 0 30 
0 -2 -4 0 30
0 0 -3 0 30 
0 -2 -3 0 30
->
0 0 -3 0 30 
: hits 4, misses 0 
0 0 -3 0 30 
0 -1 -3 0 30
0 0 -3 0 30 
0 -1 -3 0 30
->
0 0 3 0 0 
: hits 1, misses 1 
0 0 -3 0 30 
0 -1 -3 0 30
0 0 3 0 0 
0 -1 -3 0 0
->
0 0 3 0 0 
: hits 1, misses 1 
0 0 3 0 0 
0 -1 -3 0 0
->
3 0 0 0 0 
: hits 1, misses 1 
0 0 3 0 0 
0 -1 -3 0 0
3 0 0 0 0 
->
0 -1 -3 0 0
: hits 1, misses 0 
0 -1 -3 0 0
3 0 0 0 0 
0 -1 -3 0 0
3 0 0 0 0 
->
0 -1 -3 0 0
: hits 2, misses 1 
0 -1 -3 0 0
3 0 0 0 0 
0 -1 -3 0 0
3 0 0 0 0 
0 -1 -3 0 0
3 0 0 0 0 
0 -1 -3 0 0
3 0 0 0 0 
->
3 -2 -5 0 0
: hits 1, misses 0 
0 -1 -3 0 0
3 0 0 0 0 
0 -1 -3 0 0
3 0 0 0 0 
3 -2 -5 0 0
3 0 0 0 0 
3 -2 -5 0 0
3 0 0 0 0 
->
3 -2 -5 0 0
: hits 1, misses 0 
3 -2 -5 0 0
3 0 0 0 0 
3 -2 -5 0 0
3 0 0 0 0 
2 -2 -5 0 0
3 0 0 0 0 
2 -2 -5 0 0
3 0 0 0 0 
->
2 -2 -5 0 0
: hits 2, misses 0 
2 -2 -5 0 0
3 0 0 0 0 
2 -2 -5 0 0
3 0 0 0 0 
2 -2 -5 0 0
3 0 0 0 0 
2 -2 -5 0 0
3 0 0 0 0 
->
2 -2 -6 0 0
: hits 2, misses 0 
2 -2 -6 0 0
3 0 0 0 0 
2 -2 -6 0 0
3 0 0 0 0 
->
2 -2 -6 0 0
: hits 1, misses 1 
2 -2 -5 0 0
3 0 0 0 0 
2 -2 -6 0 0
3 0 0 0 0 
2 -2 -6 0 0
3 0 0 0 0 
2 -2 -6 0 0
3 0 0 0 0 
->
1 -2 -6 0 0
: hits 1, misses 0 
3 0 0 0 0 
2 -2 -6 0 0
3 0 0 0 0 
1 -2 -6 0 0
->
0 0 -3 0 0 
: hits 1, misses 1 
1 -2 -6 0 0
0 0 -3 0 0 
->
1 -2 -6 0 0
: hits 1, misses 1 
0 0 -3 0 0 
1 -2 -6 0 0
->
3 0 0 0 0 
: hits 1, misses 1 
1 -2 -6 0 0
0 0 -3 0 0 
1 -2 -6 0 0
3 0 0 0 0 
->
1 -2 -6 0 0
: hits 1, misses 0 
2 -2 -6 0 0
3 0 0 0 0 
1 -2 -6 0 0
0 0 -3 0 0 
1 -2 -6 0 0
3 0 0 0 0 
1 -2 -6 0 0
3 0 0 0 0 
->
1 -2 -6 0 0
: hits 1, misses 0 
3 0 0 0 0 
1 -2 -6 0 0
0 0 -3 0 0 
1 -2 -6 0 0
3 0 0 0 0 
1 -2 -6 0 0
3 0 0 0 0 
1 -2 -6 0 0
->
3 0 0 0 0 
: hits 1, misses 0 
1 -2 -6 0 0
3 0 0 0 0 
1 -2 -6 0 0
3 0 0 0 0 
1 -2 -6 0 0
3 0 0 0 0 
1 -2 -6 0 0
3 0 0 0 0 
->
0 -2 -6 0 0
: hits 2, misses 0 
3 0 0 0 0 
1 -2 -6 0 0
3 0 0 0 0 
0 -2 -6 0 0
->
3 0 0 0 0 
: hits 8, misses 0 
3 0 0 0 0 
->
0 -2 -7 0 0
: hits 1, misses 0 
0 0 -3 0 0 
->
0 -2 -7 0 0
: hits 3, misses 0 
0 -2 -7 0 0
0 0 -3 0 0 
->
0 -2 -7 0 0
: hits 2, misses 1 
0 0 -3 0 0 
->
-1 -2 -7 0 0
: hits 3, misses 0 
-1 -2 -7 0 0
->
0 0 -3 0 0 
: hits 4, misses 0 
-1 -2 -7 0 0
0 0 -3 0 0 
->
-1 -2 -7 0 0
: hits 2, misses 1 
0 0 -3 0 0 
->
-1 -2 -6 0 0
: hits 1, misses 0 
0 0 -3 0 0 
-1 -2 -6 0 0
->
0 0 -3 0 0 
: hits 1, misses 0 
-1 -2 -7 0 0
0 0 -3 0 0 
-1 -2 -6 0 0
0 0 -3 0 0 
->
0 -2 -6 0 0
: hits 1, misses 0 
0 -2 -6 0 0
0 0 -3 0 0 
0 -2 -6 0 0
0 0 -3 0 0 
0 -2 -6 0 0
0 0 -3 0 0 
0 -2 -6 0 0
0 0 -3 0 0 
->
0 -2 -6 0 0
: hits 2, misses 1 
-1 -2 -7 0 0
0 0 -3 0 0 
-1 -2 -6 0 0
0 0 -3 0 0 
0 -2 -6 0 0
0 0 -3 0 0 
0 -2 -6 0 0
0 0 -3 0 0 
0 -2 -6 0 0
0 0 -3 0 0 
0 -2 -6 0 0
0 0 -3 0 0 
0 -2 -6 0 0
0 0 -3 0 0 
0 -2 -6 0 0
0 0 -3 0 0 
->
0 -2 -5 0 0
: hits 1, misses 0 
0 -2 -6 0 0
0 0 -3 0 0 
0 -2 -6 0 0
0 0 -3 0 0 
0 -2 -5 0 0
0 0 -3 0 0 
0 -2 -5 0 0
0 0 -3 0 0 
->
0 -2 -5 0 0
: hits 2, misses 0 
0 0 -3 0 0 
0 -2 -5 0 0
->
0 0 -3 0 30 
: hits 1, misses 0 
0 -2 -5 0 0
0 0 -3 0 0 
0 -2 -5 0 0
0 0 -3 0 30 
->
0 -2 -4 0 30
: hits 1, misses 0 
0 -2 -5 0 0
0 0 -3 0 0 
0 -2 -5 0 0
0 0 -3 0 30 
0 -2 -4 0 30
0 0 -3 0 30 
0 -2 -4 0 30
0 0 -3 0 30 
->
0 -2 -4 0 30
: hits 1, misses 0 
0 -2 -4 0 30
0 0 -3 0 30 
->
0 -1 -4 0 30
: hits 4, misses 0 
0 -2 -4 0 30
0 0 -3 0 30 
0 -1 -4 0 30
0 0 -3 0 30 
->
0 -1 -4 0 30
: hits 3, misses 1 
0 -1 -4 0 30
0 0 -3 0 30 
->
0 -1 -3 0 30
: hits 5, misses 0 
0 0 -3 0 30 
0 -1 -4 0 30
0 0 -3 0 30 
0 -1 -3 0 30
->
0 0 -3 0 30 
: hits 4, misses 1 
0 0 -3 0 30 
0 -1 -3 0 30
0 0 -3 0 30 
0 -1 -3 0 30
->
0 0 0 0 30 
: hits 1, misses 0 
0 0 0 0 30 
0 -1 -3 0 30
->
0 0 3 0 0 
: hits 1, misses 0 
0 0 0 0 30 
0 -1 -3 0 30
0 0 3 0 0 
0 -1 -3 0 0
->
0 0 3 0 0 
: hits 1, misses 0 
0 -1 -3 0 30
0 0 3 0 0 
0 -1 -3 0 0
0 0 3 0 0 
0 -1 -3 0 0
0 0 3 0 0 
0 -1 -3 0 0
0 0 3 0 0 
->
0 -1 -2 0 0
: hits 1, misses 0 
0 -1 -3 0 0
0 0 3 0 0 
0 -1 -2 0 0
0 0 3 0 0 
->
0 -1 -2 0 0
: hits 4, misses 0 
