 3 0 0 0 0
 6 -4 -11 -1 0
 3 0 0 0 0
 6 -4 -11 0 0
 3 0 0 0 0
 6 -4 -11 -1 0
 3 0 0 0 0
 6 -4 -11 -1 0
 3 0 0 0 0
 6 -4 -11 -1 0
 3 0 0 0 0
 6 -4 -11 -1 0
 3 0 0 0 0
 5 -4 -11 -1 0
 3 0 0 0 0
 5 -4 -11 -1 0
 3 0 0 0 0
 5 -4 -11 -1 0
 3 0 0 0 0
 4 -4 -11 0 0
 3 0 0 0 0
 4 -4 -11 -1 0
 3 0 0 0 0
 4 -4 -11 -1 0
 3 0 0 0 0
 4 -4 -12 -1 0
 3 0 0 0 0
 3 -4 -12 -1 0
 3 0 0 0 0
 3 -4 -12 0 0
 3 0 0 0 0
 3 -4 -12 -1 0
 3 0 0 0 0
 2 -4 -12 -1 0
 3 0 0 0 0
 2 -5 -12 -1 0
 3 0 0 0 0
 2 -5 -12 -1 0
 3 0 0 0 0
 1 -5 -12 0 0
 3 0 0 0 0
 1 -5 -12 -1 0
 3 0 0 0 0
 1 -5 -13 -1 0
 3 0 0 0 0
 0 -4 -13 -1 0
 3 0 0 0 0
 0 -4 -13 -1 0
 0 0 -3 0 0
 0 -4 -13 0 0
 0 0 -3 0 0
 0 -4 -13 -1 0
 0 0 -3 0 0
 0 -4 -13 -1 0
 0 0 -3 0 0
 -1 -4 -13 -1 0
 0 0 -3 0 0
 0 -4 -13 -1 0
 0 0 -3 0 0
 0 -4 -13 -1 0
 0 0 -3 0 0
 0 -4 -13 -1 0
 0 0 -3 0 0
 0 -4 -13 -1 0
 0 0 -3 0 0
 0 -4 -12 0 0
 0 0 -3 0 0
 0 -4 -12 -1 0
 0 0 -3 0 0
 0 -4 -12 0 0
 0 0 -3 0 0
 0 -4 -11 0 0
 0 0 -3 0 0
 0 -4 -11 0 0
 0 0 -3 0 0
 0 -4 -11 -1 0
 0 0 -3 0 0
 0 -4 -11 0 0
 0 0 -3 0 0
 0 -4 -11 -1 0
 0 0 -3 0 0
 0 -4 -10 -1 0
 0 0 -3 0 0
 0 -4 -10 -1 0
 0 0 -3 0 0
 0 -4 -10 -1 0
 0 0 -3 0 0
 0 -4 -10 0 0
 0 0 -3 0 0
 0 -4 -10 -1 0
 0 0 -3 0 0
 0 -4 -10 0 0
 0 0 -3 0 0
 0 -4 -9 -1 0
 0 0 -3 0 0
 0 -4 -9 0 0
 0 0 0 -3 30
 0 -4 -9 0 30
 3 0 0 0 30
 0 -4 -9 0 30
 0 0 0 -3 30
 0 -4 -8 2 30
 3 0 0 0 30
 0 -4 -8 0 30
 3 0 0 0 30
 0 -3 -8 0 30
 3 0 0 0 30
 0 -3 -8 2 30
 0 0 -3 0 30
 0 -4 -8 2 30
 0 0 -3 0 30
 0 -4 -8 0 30
 0 0 -3 0 30
 0 -4 -8 2 30
 0 0 -3 0 30
 -1 -4 -8 0 30
 0 0 -3 0 30
 -1 -4 -8 0 30
 0 0 -3 0 30
 -1 -3 -8 2 30
 0 0 -3 0 30
 -1 -3 -8 2 30
 0 0 -3 0 30
 -1 -3 -8 0 30
 3 0 0 0 30
 -1 -3 -7 0 30
 3 0 0 0 30
 -1 -3 -7 0 30
 0 0 -3 0 30
 -1 -3 -7 0 30
 0 0 -3 0 30
 0 -3 -7 0 30
 0 0 -3 0 30
 0 -3 -6 0 30
 0 0 -3 0 30
 -1 -3 -6 2 30
 3 0 0 0 0
 -1 -3 -6 2 0
 0 0 0 3 0
 -1 -3 -6 0 0
 0 0 3 0 0
 -1 -3 -6 0 0
 0 0 3 0 0
 -1 -3 -6 0 0
 0 0 3 0 0
 -1 -3 -6 0 0
 0 0 3 0 0
 -1 -3 -6 0 0
 0 0 3 0 0
 -1 -3 -6 0 0
 0 0 3 0 0
 -1 -3 -6 0 0
 0 0 3 0 0
 -1 -3 -6 0 0
 0 0 3 0 0
 -1 -3 -6 0 0
 0 0 3 0 0
 -1 -3 -6 0 0
 0 0 3 0 0
 -1 -3 -6 0 0
 0 0 3 0 0
 -1 -3 -6 0 0
 0 0 3 0 0
 -1 -3 -6 0 0
finish
 0 0 -3 0 0
 -1 -3 -6 2 0
 3 0 0 0 0
 -1 -3 -6 2 0
 3 0 0 0 0
 -1 -3 -6 2 0
 3 0 0 0 0
 0 -3 -7 0 0
 3 0 0 0 0
 6 -4 -11 0 0
 3 0 0 0 0
 6 -4 -11 0 0
 3 0 0 0 0
 6 -4 -11 0 0
 3 0 0 0 0
 5 -4 -11 0 0
 3 0 0 0 0
 5 -4 -11 0 0
 3 0 0 0 0
 5 -4 -11 0 0
 3 0 0 0 0
 4 -4 -11 0 0
 3 0 0 0 0
 4 -4 -11 0 0
 3 0 0 0 0
 4 -4 -11 0 0
 3 0 0 0 0
 4 -5 -11 0 0
 3 0 0 0 0
 3 -4 -11 0 0
 3 0 0 0 0
 3 -4 -11 0 0
 3 0 0 0 0
 3 -4 -12 0 0
 0 0 0 3 0
 2 -5 -12 -1 0
 0 0 -3 0 0
 2 -5 -12 0 0
 0 0 -3 0 0
 1 -5 -12 0 0
 0 0 -3 0 0
 1 -5 -12 0 0
 0 0 -3 0 0
 1 -5 -12 0 0
 0 0 -3 0 0
 1 -5 -12 0 0
 0 0 -3 0 0
 1 -4 -12 0 0
 0 0 -3 0 0
 1 -5 -12 0 0
 0 0 -3 0 0
 1 -5 -11 0 0
 0 0 -3 0 0
 1 -4 -11 0 0
 0 0 -3 0 0
 1 -4 -11 0 0
 0 0 -3 0 0
 1 -4 -11 0 0
 0 0 -3 0 0
 2 -4 -11 0 0
 0 0 -3 0 0
 2 -4 -10 0 0
 0 0 -3 0 0
 2 -4 -10 0 0
 0 0 -3 0 0
 2 -4 -10 0 0
 0 0 -3 0 0
 2 -4 -10 0 0
 0 0 -3 0 0
 2 -4 -10 0 0
 0 0 -3 0 0
 2 -4 -9 0 0
 0 0 -3 0 0
 2 -4 -9 0 0
 0 0 -3 0 0
 2 -4 -9 0 0
 3 0 0 0 0
 2 -4 -9 0 0
 3 0 0 0 0
 2 -4 -8 0 0
 3 0 0 0 0
 2 -4 -8 0 0
 3 0 0 0 0
 2 -4 -8 0 0
 3 0 0 0 0
 2 -4 -8 -1 0
 3 0 0 0 0
 1 -4 -8 0 0
 3 0 0 0 0
 1 -4 -8 -1 0
 0 0 -3 0 0
 1 -4 -8 0 0
 0 0 -3 0 0
 1 -4 -8 0 0
 0 0 -3 0 0
 1 -4 -8 0 0
 0 0 -3 0 0
 0 -4 -8 0 0
 0 0 -3 0 0
 0 -4 -8 -1 0
 0 0 -3 0 30
 0 -4 -8 0 30
 3 0 0 0 30
 0 -4 -8 0 30
 3 0 0 0 30
 0 -4 -8 0 30
 3 0 0 0 30
 0 -4 -7 0 30
 3 0 0 0 30
 0 -4 -8 0 30
 0 0 -3 0 30
 0 -4 -7 0 30
 0 0 -3 0 30
 0 -4 -7 0 30
 0 0 -3 0 30
 0 -4 -7 0 30
 0 0 -3 0 30
 -1 -4 -7 0 30
 0 0 -3 0 30
 -1 -4 -7 0 30
 0 0 -3 0 30
 -1 -4 -7 0 30
 0 0 -3 0 30
 -1 -4 -7 0 30
 0 0 -3 0 30
 -1 -3 -7 0 30
 0 0 0 -3 30
 -1 -3 -6 0 30
 0 0 -3 0 30
 -1 -3 -6 0 30
 0 0 3 0 0
 -1 -3 -6 0 0
 0 0 3 0 0
 -1 -3 -6 -1 0
 0 0 3 0 0
 -1 -4 -5 0 0
 0 0 3 0 0
 -1 -4 -6 2 0
 0 0 3 0 0
 -1 -4 -5 0 0
 0 0 3 0 0
 -1 -4 -5 0 0
 0 0 3 0 0
 -1 -4 -6 0 0
 0 0 3 0 0
 -1 -4 -6 0 0
 0 0 3 0 0
 -1 -4 -6 0 0
finish
 0 0 3 0 0
 -1 -4 -6 0 0
 3 0 0 0 0
 -1 -4 -5 0 0
 3 0 0 0 0
 -1 -4 -6 0 0
 3 0 0 0 0
 -1 -4 -5 0 0
 3 0 0 0 0
 6 -4 -11 0 0
 3 0 0 0 0
 6 -4 -11 0 0
 3 0 0 0 0
 6 -4 -11 0 0
 3 0 0 0 0
 5 -4 -11 0 0
 3 0 0 0 0
 5 -4 -11 0 0
 3 0 0 0 0
 5 -4 -11 -1 0
 3 0 0 0 0
 5 -4 -11 -1 0
 3 0 0 0 0
 4 -4 -11 -1 0
 3 0 0 0 0
 4 -4 -12 0 0
 3 0 0 0 0
 4 -4 -12 0 0
 3 0 0 0 0
 3 -4 -12 0 0
 3 0 0 0 0
 3 -4 -12 0 0
 3 0 0 0 0
 2 -4 -12 0 0
 3 0 0 0 0
 2 -4 -12 0 0
 3 0 0 0 0
 2 -5 -12 0 0
 3 0 0 0 0
 1 -5 -12 0 0
 3 0 0 0 0
 1 -5 -12 -1 0
 0 0 -3 0 0
 1 -5 -13 0 0
 0 0 -3 0 0
 1 -5 -13 0 0
 0 0 -3 0 0
 0 -5 -13 0 0
 0 0 -3 0 0
 0 -4 -13 -1 0
 0 0 -3 0 0
 0 -4 -13 0 0
 0 0 -3 0 0
 0 -4 -13 0 0
 0 0 -3 0 0
 0 -4 -13 0 0
 0 0 -3 0 0
 0 -4 -12 2 0
 0 0 -3 0 0
 0 -4 -12 0 0
 0 0 -3 0 0
 0 -4 -12 0 0
 0 0 -3 0 0
 0 -4 -11 0 0
 0 0 -3 0 0
 0 -4 -11 0 0
 0 0 -3 0 0
 0 -4 -11 0 0
 0 0 -3 0 0
 0 -4 -11 2 0
 0 0 -3 0 0
 1 -4 -11 2 0
 0 0 -3 0 0
 1 -4 -10 2 0
 0 0 -3 0 0
 1 -4 -10 0 0
 0 0 -3 0 0
 1 -4 -10 0 0
 3 0 0 0 0
 1 -4 -10 0 0
 3 0 0 0 0
 1 -4 -9 0 0
 3 0 0 0 0
 1 -4 -9 0 0
 0 0 -3 0 0
 1 -4 -9 0 0
 0 0 -3 0 0
 1 -4 -9 0 0
 0 0 -3 0 0
 1 -4 -9 0 0
 0 0 -3 0 0
 0 -4 -9 0 0
 0 0 -3 0 0
 0 -4 -9 0 0
 0 0 -3 0 0
 0 -4 -9 0 0
 0 0 -3 0 0
 0 -4 -9 0 0
 3 0 0 0 0
 0 -4 -9 0 0
 3 0 0 0 0
 0 -4 -8 0 0
 0 0 0 -3 0
 0 -4 -8 2 0
 0 0 -3 0 0
 0 -4 -8 0 0
 0 0 -3 0 0
 0 -4 -8 2 0
 0 0 -3 0 0
 0 -4 -8 0 0
 0 0 -3 0 0
 0 -4 -8 0 0
 0 0 -3 0 0
 0 -4 -7 0 0
 0 0 -3 0 0
 0 -4 -7 2 0
 3 0 0 0 0
 0 -4 -7 2 0
 3 0 0 0 0
 0 -3 -7 2 0
 3 0 0 0 0
 0 -3 -7 2 0
 3 0 0 0 30
 0 -3 -6 0 30
 0 0 -3 0 30
 0 -3 -6 2 30
 0 0 -3 0 30
 0 -4 -6 0 30
 0 0 -3 0 30
 0 -4 -6 2 30
 0 0 -3 0 30
 -1 -3 -7 2 30
 0 0 -3 0 30
 -1 -3 -7 0 30
 0 0 -3 0 30
 -1 -3 -6 2 30
 0 0 0 -3 30
 -1 -3 -6 2 30
 0 0 0 -3 30
 -1 -3 -6 2 30
 0 0 0 -3 30
 -1 -3 -6 2 30
 0 0 0 -3 0
 -1 -3 -5 2 0
 0 0 0 -3 0
 -1 -3 -5 2 0
 0 0 0 -3 0
 -1 -3 -5 0 0
 0 0 0 -3 0
 -1 -3 -5 0 0
 0 0 0 -3 0
 -1 -3 -5 0 0
 3 0 0 0 0
 -1 -3 -5 0 0
 0 0 0 3 0
 -2 -3 -5 0 0
 0 0 0 3 0
 -2 -3 -5 0 0
 0 0 0 3 0
 -2 -2 -5 0 0
 3 0 0 0 0
 -2 -2 -5 0 0
 0 0 0 3 0
 -2 -2 -5 0 0
 0 0 0 3 0
 -2 -3 -5 0 0
 0 0 0 3 0
 -2 -3 -5 0 0
 0 0 0 3 0
 -2 -3 -5 0 0
 0 0 3 0 0
 -1 -3 -6 0 0
 0 0 3 0 0
 -1 -3 -6 0 0
 0 0 3 0 0
 -1 -3 -5 0 0
 0 0 3 0 0
 -1 -3 -6 0 0
 0 0 3 0 0
 -1 -3 -5 0 0
 0 0 3 0 0
 -1 -3 -6 0 0
 0 0 3 0 0
 -1 -3 -6 0 0
 0 0 0 3 0
 -1 -3 -5 0 0
 0 0 0 3 0
 -1 -3 -5 0 0
 0 0 3 0 0
 -1 -3 -6 0 0
 0 0 3 0 0
 -1 -3 -5 0 0
 0 0 3 0 0
 -1 -3 -6 0 0
finish
 0 0 3 0 0
 -1 -3 -6 2 0
 3 0 0 0 0
 -1 -3 -6 0 0
 3 0 0 0 0
 -1 -3 -6 2 0
 3 0 0 0 0
 -1 -3 -6 0 0
 3 0 0 0 0
 6 -4 -11 0 0
 3 0 0 0 0
 6 -4 -11 0 0
 3 0 0 0 0
 6 -4 -11 -1 0
 3 0 0 0 0
 5 -4 -11 0 0
 3 0 0 0 0
 5 -4 -11 0 0
 3 0 0 0 0
 5 -4 -11 -1 0
 3 0 0 0 0
 4 -4 -11 -1 0
 3 0 0 0 0
 4 -4 -11 -1 0
 3 0 0 0 0
 4 -4 -11 0 0
 3 0 0 0 0
 4 -5 -12 -1 0
 3 0 0 0 0
 3 -4 -12 -1 0
 3 0 0 0 0
 3 -4 -12 -1 0
 3 0 0 0 0
 3 -4 -12 -1 0
 3 0 0 0 0
 2 -4 -12 -1 0
 3 0 0 0 0
 2 -5 -12 -1 0
 3 0 0 0 0
 1 -5 -12 -1 0
 3 0 0 0 0
 1 -5 -12 0 0
 3 0 0 0 0
 1 -5 -13 0 0
 3 0 0 0 0
 1 -5 -13 -1 0
 0 0 -3 0 0
 0 -5 -13 0 0
 0 0 -3 0 0
 0 -5 -13 -1 0
 0 0 -3 0 0
 0 -5 -13 -1 0
 0 0 -3 0 0
 0 -4 -13 -1 0
 0 0 -3 0 0
 0 -4 -13 -1 0
 0 0 -3 0 0
 0 -4 -13 -1 0
 0 0 -3 0 0
 0 -4 -13 -1 0
 0 0 -3 0 0
 0 -4 -13 -1 0
 0 0 -3 0 0
 0 -4 -12 -1 0
 0 0 -3 0 0
 0 -4 -12 -1 0
 0 0 -3 0 0
 0 -4 -12 -1 0
 0 0 -3 0 0
 0 -4 -12 -1 0
 0 0 -3 0 0
 0 -4 -11 0 0
 0 0 -3 0 0
 0 -4 -11 2 0
 0 0 -3 0 0
 0 -4 -11 2 0
 0 0 -3 0 0
 0 -4 -11 -1 0
 0 0 -3 0 0
 0 -4 -10 -1 0
 0 0 -3 0 0
 0 -4 -10 -1 0
 0 0 -3 0 0
 0 -4 -10 0 0
 0 0 -3 0 0
 0 -4 -10 0 0
 0 0 -3 0 0
 0 -4 -10 0 0
 0 0 -3 0 0
 0 -4 -9 2 0
 0 0 -3 0 0
 0 -4 -9 0 0
 0 0 -3 0 0
 0 -4 -9 -1 0
 0 0 -3 0 0
 1 -4 -9 0 0
 0 0 -3 0 0
 1 -4 -9 0 0
 3 0 0 0 0
 1 -4 -8 2 0
 3 0 0 0 0
 1 -4 -8 -1 0
 3 0 0 0 0
 1 -4 -8 -1 0
 0 0 0 3 30
 1 -4 -8 0 30
 3 0 0 0 30
 1 -4 -7 0 30
 3 0 0 0 30
 0 -4 -7 0 30
 0 0 0 -3 30
 0 -4 -7 0 30
 3 0 0 0 30
 0 -4 -7 0 30
 3 0 0 0 30
 0 -4 -8 0 30
 3 0 0 0 30
 -1 -4 -8 0 30
 0 0 -3 0 30
 -1 -4 -8 0 30
 0 0 -3 0 30
 -1 -4 -8 0 30
 0 0 -3 0 30
 -1 -4 -8 2 30
 0 0 0 -3 30
 -1 -4 -8 -1 30
 0 0 -3 0 30
 -1 -4 -8 0 30
 0 0 -3 0 30
 -1 -4 -8 0 30
 0 0 -3 0 30
 -1 -4 -8 0 30
 0 0 -3 0 30
 -1 -4 -8 0 30
 0 0 -3 0 30
 -1 -4 -7 0 30
 0 0 -3 0 30
 -1 -3 -7 0 30
 0 0 -3 0 30
 -1 -3 -7 2 30
 0 0 -3 0 30
 -1 -3 -7 0 30
 0 0 3 0 0
 -1 -3 -7 0 0
 0 0 3 0 0
 -1 -3 -6 2 0
 0 0 3 0 0
 -1 -3 -6 0 0
 0 0 3 0 0
 -1 -3 -6 2 0
 0 0 3 0 0
 -1 -3 -6 0 0
 0 0 3 0 0
 -1 -3 -6 0 0
 0 0 3 0 0
 -1 -3 -6 0 0
 0 0 3 0 0
 -1 -3 -6 0 0
 0 0 3 0 0
 -1 -3 -6 0 0
finish
 0 0 3 0 0
 -1 -3 -6 0 0
 3 0 0 0 0
 -1 -3 -6 0 0
 3 0 0 0 0
 -1 -3 -6 0 0
 3 0 0 0 0
 -1 -3 -6 0 0
 3 0 0 0 0
 6 -4 -11 0 0
 3 0 0 0 0
 6 -4 -11 -1 0
 3 0 0 0 0
 6 -4 -11 0 0
 3 0 0 0 0
 5 -4 -11 -1 0
 3 0 0 0 0
 5 -4 -11 -1 0
 3 0 0 0 0
 5 -4 -11 0 0
 3 0 0 0 0
 4 -4 -11 0 0
 3 0 0 0 0
 4 -4 -12 -1 0
 3 0 0 0 0
 4 -4 -12 -1 0
 3 0 0 0 0
 4 -4 -12 -1 0
 3 0 0 0 0
 3 -4 -12 -1 0
 0 0 -3 0 0
 3 -4 -12 -1 0
 3 0 0 0 0
 2 -4 -12 -1 0
 3 0 0 0 0
 2 -4 -12 -1 0
 3 0 0 0 0
 2 -4 -12 0 0
 3 0 0 0 0
 2 -4 -12 -1 0
 3 0 0 0 0
 2 -4 -12 -1 0
 3 0 0 0 0
 1 -4 -12 0 0
 3 0 0 0 0
 1 -4 -12 -1 0
 3 0 0 0 0
 1 -4 -13 0 0
 3 0 0 0 0
 0 -4 -13 0 0
 3 0 0 0 0
 0 -4 -13 -1 0
 3 0 0 0 0
 0 -4 -13 -1 0
 3 0 0 0 0
 0 -4 -13 -1 0
 3 0 0 0 0
 0 -4 -13 0 0
 3 0 0 0 0
 0 -4 -14 0 0
 0 0 -3 0 0
 0 -4 -14 -1 0
 0 0 -3 0 0
 -1 -4 -14 0 0
 0 0 -3 0 0
 -1 -4 -14 -1 0
 0 0 -3 0 0
 -2 -4 -14 0 0
 0 0 -3 0 0
 -2 -4 -14 0 0
 0 0 -3 0 0
 -2 -4 -14 -1 0
 0 0 -3 0 0
 -2 -4 -13 -1 0
 0 0 -3 0 0
 -1 -4 -13 -1 0
 0 0 -3 0 0
 -1 -4 -13 -1 0
 0 0 -3 0 0
 -1 -4 -13 -1 0
 0 0 -3 0 0
 -1 -4 -12 -1 0
 0 0 -3 0 0
 -1 -4 -12 -1 0
 0 0 -3 0 0
 -1 -4 -12 -1 0
 0 0 -3 0 0
 -1 -4 -11 -1 0
 0 0 -3 0 0
 -1 -4 -11 -1 0
 0 0 -3 0 0
 -1 -4 -11 -1 0
 0 0 -3 0 0
 0 -4 -11 -1 0
 0 0 -3 0 0
 0 -4 -11 0 0
 0 0 -3 0 0
 0 -4 -10 -1 0
 0 0 -3 0 0
 0 -4 -10 0 0
 0 0 -3 0 0
 0 -4 -10 2 0
 0 0 -3 0 0
 0 -4 -10 -1 0
 0 0 -3 0 0
 0 -4 -10 -1 0
 0 0 -3 0 30
 0 -4 -9 -1 30
 0 0 -3 0 30
 0 -4 -9 0 30
 0 0 -3 0 30
 0 -4 -9 0 30
 0 0 -3 0 30
 0 -4 -8 -1 30
 0 0 -3 0 30
 -1 -3 -9 2 30
 0 0 -3 0 30
 -1 -3 -8 2 30
 0 0 -3 0 30
 -1 -3 -8 -1 30
 0 0 -3 0 30
 -1 -3 -8 0 30
 0 0 -3 0 30
 -1 -3 -7 2 30
 0 0 -3 0 30
 -1 -3 -7 -1 30
 0 0 -3 0 30
 -1 -3 -7 2 30
 0 0 -3 0 30
 -1 -3 -7 0 30
 0 0 -3 0 30
 -1 -3 -7 0 30
 0 0 0 -3 30
 -1 -3 -7 -1 30
 0 0 3 0 0
 -1 -3 -6 0 0
 0 0 3 0 0
 -1 -3 -6 -1 0
 0 0 3 0 0
 -1 -3 -6 0 0
 0 0 3 0 0
 -1 -3 -5 0 0
 0 0 3 0 0
 -1 -3 -5 0 0
 0 0 3 0 0
 -1 -3 -5 0 0
 0 0 3 0 0
 -1 -3 -5 0 0
 0 0 3 0 0
 -1 -3 -5 0 0
finish
 3 0 0 0 0
 6 -4 -11 0 0
 3 0 0 0 0
 6 -4 -11 -1 0
 3 0 0 0 0
 6 -4 -11 0 0
 3 0 0 0 0
 5 -4 -11 0 0
 3 0 0 0 0
 5 -4 -11 0 0
 3 0 0 0 0
 5 -4 -11 -1 0
 3 0 0 0 0
 4 -4 -11 -1 0
 3 0 0 0 0
 4 -4 -11 0 0
 3 0 0 0 0
 3 -4 -11 0 0
 3 0 0 0 0
 3 -4 -12 -1 0
 3 0 0 0 0
 3 -4 -12 -1 0
 3 0 0 0 0
 2 -4 -12 -1 0
 3 0 0 0 0
 2 -4 -12 0 0
 3 0 0 0 0
 2 -4 -12 -1 0
 3 0 0 0 0
 2 -4 -12 -1 0
 3 0 0 0 0
 1 -4 -12 0 0
 3 0 0 0 0
 1 -4 -12 0 0
 3 0 0 0 0
 1 -4 -13 0 0
 3 0 0 0 0
 0 -4 -13 -1 0
 3 0 0 0 0
 0 -4 -13 -1 0
 3 0 0 0 0
 0 -4 -13 -1 0
 3 0 0 0 0
 0 -4 -13 -1 0
 3 0 0 0 0
 0 -4 -13 -1 0
 3 0 0 0 0
 -1 -4 -14 -1 0
 3 0 0 0 0
 -1 -4 -14 -1 0
 0 0 -3 0 0
 -1 -4 -14 0 0
 0 0 -3 0 0
 -1 -4 -14 -1 0
 0 0 -3 0 0
 -2 -3 -14 0 0
 0 0 -3 0 0
 -2 -3 -14 0 0
 0 0 -3 0 0
 -2 -3 -14 -1 0
 0 0 -3 0 0
 -2 -3 -14 0 0
 0 0 -3 0 0
 -2 -3 -13 0 0
 0 0 -3 0 0
 -2 -3 -13 0 0
 0 0 -3 0 0
 -2 -3 -13 0 0
 0 0 -3 0 0
 -2 -3 -13 0 0
 0 0 -3 0 0
 -2 -3 -13 -1 0
 0 0 -3 0 0
 -1 -3 -12 0 0
 0 0 -3 0 0
 -1 -3 -12 0 0
 0 0 -3 0 0
 -1 -3 -12 0 0
 0 0 -3 0 0
 -1 -3 -12 0 0
 0 0 -3 0 0
 -1 -3 -11 0 0
 0 0 -3 0 0
 -1 -3 -11 0 0
 0 0 -3 0 0
 -1 -3 -11 0 0
 0 0 -3 0 0
 -1 -3 -11 -1 0
 0 0 -3 0 0
 -1 -3 -10 0 0
 0 0 -3 0 0
 -1 -3 -10 -1 0
 0 0 -3 0 0
 -1 -3 -10 -1 0
 0 0 -3 0 0
 -1 -3 -10 0 0
 0 0 -3 0 0
 0 -3 -10 0 0
 0 0 -3 0 0
 0 -3 -9 2 0
 0 0 -3 0 0
 0 -3 -9 0 0
 0 0 -3 0 0
 0 -3 -9 0 0
 0 0 -3 0 0
 0 -3 -8 0 0
 0 0 -3 0 0
 0 -3 -8 2 0
 0 0 -3 0 0
 0 -3 -8 0 0
 0 0 -3 0 0
 0 -3 -8 0 0
 0 0 -3 0 0
 0 -3 -7 2 0
 0 0 -3 0 0
 0 -3 -7 0 0
 0 0 -3 0 0
 0 -3 -7 -1 0
 0 0 -3 0 0
 0 -3 -7 0 0
 0 0 -3 0 0
 0 -3 -6 2 0
 0 0 3 0 0
 0 -3 -6 2 0
 0 0 3 0 0
 0 -3 -6 2 0
 0 0 3 0 0
 0 -3 -6 0 0
 0 0 3 0 0
 0 -3 -6 0 0
 0 0 3 0 0
 0 -2 -7 2 0
 0 0 3 0 0
 0 -2 -7 0 0
 0 0 3 0 0
 0 -2 -6 2 0
 0 0 3 0 0
 0 -2 -6 2 0
 0 0 3 0 0
 0 -2 -6 2 0
 0 0 3 0 0
 0 -2 -7 2 0
 0 0 3 0 0
 0 -3 -7 2 0
 0 0 3 0 0
 0 -3 -7 2 0
 0 0 3 0 0
 0 -3 -7 0 0
 0 0 0 3 30
 0 -3 -7 2 30
 0 0 -3 0 30
 0 -3 -8 0 30
 0 0 -3 0 30
 0 -3 -8 0 30
 0 0 -3 0 30
 0 -3 -8 0 30
 0 0 -3 0 30
 -2 -3 -9 0 30
 0 0 -3 0 30
 -2 -3 -9 0 30
 0 0 -3 0 30
 -2 -3 -9 0 30
 0 0 -3 0 30
 -2 -3 -9 0 30
 0 0 -3 0 30
 -2 -3 -8 0 30
 0 0 -3 0 30
 -2 -3 -8 0 30
 0 0 -3 0 30
 -1 -3 -8 0 30
 0 0 -3 0 30
 -1 -3 -7 0 30
 0 0 -3 0 30
 -1 -3 -7 0 30
 0 0 -3 0 30
 -1 -3 -7 -1 30
 0 0 0 -3 0
 -1 -3 -7 -1 0
 0 0 3 0 0
 -1 -3 -6 0 0
 0 0 3 0 0
 -1 -3 -6 0 0
 0 0 3 0 0
 -1 -2 -6 0 0
 0 0 3 0 0
 -1 -2 -6 0 0
 0 0 3 0 0
 -1 -2 -6 0 0
 0 0 3 0 0
 -1 -2 -6 0 0
 0 0 3 0 0
 -1 -2 -6 0 0
 0 0 3 0 0
 -1 -2 -6 0 0
 0 0 3 0 0
 -1 -2 -6 0 0
finish
 0 0 3 0 0
 6 -4 -11 -1 0
 0 0 3 0 0
 6 -4 -11 -1 0
 3 0 0 0 0
 6 -4 -11 -1 0
 3 0 0 0 0
 6 -4 -11 -1 0
 3 0 0 0 0
 6 -4 -11 -1 0
 3 0 0 0 0
 6 -4 -11 -1 0
 3 0 0 0 0
 6 -4 -11 -1 0
 3 0 0 0 0
 6 -4 -11 -1 0
 3 0 0 0 0
 5 -4 -11 -1 0
 3 0 0 0 0
 5 -4 -11 0 0
 3 0 0 0 0
 5 -4 -11 -1 0
 3 0 0 0 0
 4 -4 -12 -1 0
 3 0 0 0 0
 4 -4 -12 -1 0
 3 0 0 0 0
 4 -4 -12 -1 0
 3 0 0 0 0
 4 -4 -12 -1 0
 3 0 0 0 0
 3 -4 -12 -1 0
 3 0 0 0 0
 3 -4 -12 -1 0
 3 0 0 0 0
 2 -4 -12 -1 0
 3 0 0 0 0
 2 -4 -12 -1 0
 3 0 0 0 0
 2 -4 -13 -1 0
 3 0 0 0 0
 1 -4 -13 0 0
 0 0 0 -3 0
 1 -4 -13 -1 0
 0 0 -3 0 0
 1 -4 -13 -1 0
 0 0 -3 0 0
 0 -4 -13 -1 0
 0 0 -3 0 0
 0 -4 -13 -1 0
 0 0 -3 0 0
 0 -4 -13 -1 0
 0 0 -3 0 0
 0 -4 -13 -1 0
 0 0 -3 0 0
 0 -4 -13 2 0
 0 0 -3 0 0
 0 -4 -13 0 0
 0 0 -3 0 0
 0 -4 -12 0 0
 0 0 -3 0 0
 1 -4 -12 0 0
 0 0 -3 0 0
 1 -4 -12 -1 0
 0 0 -3 0 0
 1 -4 -12 -1 0
 0 0 -3 0 0
 1 -4 -11 -1 0
 0 0 -3 0 0
 1 -4 -11 0 0
 0 0 -3 0 0
 1 -4 -11 0 0
 0 0 -3 0 0
 1 -4 -11 -1 0
 0 0 -3 0 0
 1 -4 -10 0 0
 3 0 0 0 0
 1 -4 -10 0 0
 3 0 0 0 0
 1 -4 -10 0 0
 3 0 0 0 0
 1 -4 -10 2 0
 3 0 0 0 0
 1 -4 -10 0 0
 0 0 -3 0 0
 1 -4 -9 0 0
 3 0 0 0 0
 1 -4 -10 2 0
 3 0 0 0 0
 1 -4 -10 2 0
 0 0 0 -3 0
 0 -4 -10 0 0
 3 0 0 0 0
 0 -4 -10 2 0
 0 0 -3 0 0
 0 -4 -10 0 0
 0 0 -3 0 0
 0 -4 -10 0 0
 0 0 -3 0 0
 0 -4 -10 2 0
 0 0 -3 0 0
 0 -4 -10 0 0
 0 0 -3 0 0
 0 -4 -9 0 0
 0 0 -3 0 0
 0 -4 -9 0 0
 0 0 -3 0 0
 0 -4 -9 0 0
 0 0 -3 0 0
 0 -4 -9 0 0
 0 0 -3 0 0
 0 -4 -9 0 0
 0 0 -3 0 30
 0 -4 -9 0 30
 3 0 0 0 30
 0 -4 -8 0 30
 0 0 -3 0 30
 0 -4 -8 0 30
 0 0 -3 0 30
 0 -4 -8 0 30
 0 0 -3 0 30
 0 -3 -8 0 30
 3 0 0 0 30
 0 -3 -8 0 30
 3 0 0 0 30
 0 -3 -8 2 30
 0 0 0 -3 30
 0 -3 -8 0 30
 0 0 -3 0 30
 0 -3 -8 0 30
 0 0 -3 0 30
 0 -3 -7 2 30
 0 0 -3 0 30
 -1 -3 -7 0 30
 0 0 -3 0 30
 -1 -3 -7 2 30
 0 0 -3 0 30
 -1 -3 -7 0 30
 0 0 -3 0 30
 -1 -3 -7 2 30
 0 0 -3 0 30
 -1 -3 -7 0 30
 0 0 -3 0 30
 -1 -3 -7 0 30
 0 0 0 3 30
 -1 -3 -6 0 30
 0 0 0 3 30
 -1 -3 -6 0 30
 3 0 0 0 0
 -1 -3 -6 2 0
 3 0 0 0 0
 -1 -3 -6 2 0
 0 0 3 0 0
 -1 -3 -6 0 0
 0 0 3 0 0
 -1 -3 -6 0 0
 0 0 3 0 0
 -1 -3 -6 0 0
 0 0 3 0 0
 -1 -3 -6 0 0
 0 0 3 0 0
 -1 -3 -6 0 0
 0 0 3 0 0
 -1 -3 -6 0 0
 0 0 3 0 0
 -1 -3 -6 0 0
 0 0 3 0 0
 -1 -3 -6 0 0
 0 0 3 0 0
 -1 -3 -6 0 0
 0 0 3 0 0
 -1 -3 -6 0 0
 0 0 3 0 0
 -1 -3 -6 0 0
 0 0 3 0 0
 -1 -3 -6 0 0
 0 0 3 0 0
 -1 -3 -6 0 0
finish
 0 0 3 0 0
 -1 -3 -6 0 0
 3 0 0 0 0
 -1 -3 -6 0 0
 3 0 0 0 0
 -1 -3 -6 0 0
 3 0 0 0 0
 -1 -3 -6 0 0
 3 0 0 0 0
 6 -4 -11 0 0
 3 0 0 0 0
 6 -4 -11 0 0
 3 0 0 0 0
 6 -4 -11 0 0
 3 0 0 0 0
 5 -4 -11 0 0
 3 0 0 0 0
 5 -4 -11 0 0
 3 0 0 0 0
 5 -4 -11 0 0
 3 0 0 0 0
 4 -4 -11 0 0
 3 0 0 0 0
 4 -4 -12 0 0
 3 0 0 0 0
 4 -4 -11 0 0
 3 0 0 0 0
 4 -4 -12 0 0
 3 0 0 0 0
 3 -4 -12 0 0
 3 0 0 0 0
 3 -4 -12 0 0
 3 0 0 0 0
 3 -4 -12 0 0
 3 0 0 0 0
 2 -4 -12 0 0
 3 0 0 0 0
 2 -5 -12 0 0
 0 0 -3 0 0
 1 -5 -12 0 0
 0 0 -3 0 0
 1 -5 -12 0 0
 0 0 -3 0 0
 1 -5 -13 0 0
 0 0 -3 0 0
 1 -5 -13 -1 0
 0 0 -3 0 0
 0 -4 -13 0 0
 0 0 -3 0 0
 1 -4 -12 -1 0
 0 0 -3 0 0
 1 -4 -12 0 0
 0 0 -3 0 0
 1 -4 -12 0 0
 0 0 -3 0 0
 1 -4 -12 0 0
 0 0 -3 0 0
 1 -4 -11 0 0
 0 0 -3 0 0
 1 -4 -11 -1 0
 0 0 -3 0 0
 1 -4 -11 0 0
 0 0 -3 0 0
 1 -4 -11 -1 0
 0 0 -3 0 0
 1 -4 -10 -1 0
 0 0 -3 0 0
 1 -4 -10 0 0
 0 0 -3 0 0
 1 -4 -10 -1 0
 3 0 0 0 0
 1 -4 -10 -1 0
 3 0 0 0 0
 1 -4 -10 0 0
 3 0 0 0 0
 1 -4 -10 0 0
 3 0 0 0 0
 1 -4 -9 0 0
 3 0 0 0 0
 1 -4 -9 -1 0
 3 0 0 0 0
 1 -4 -9 0 0
 3 0 0 0 0
 1 -4 -9 0 0
 3 0 0 0 0
 1 -4 -9 -1 0
 3 0 0 0 0
 0 -4 -9 0 0
 0 0 -3 0 0
 0 -4 -9 0 0
 0 0 0 -3 0
 0 -4 -10 0 0
 0 0 0 -3 0
 0 -4 -10 0 0
 0 0 -3 0 0
 0 -4 -10 -1 0
 0 0 -3 0 0
 0 -4 -10 0 0
 3 0 0 0 0
 0 -4 -10 0 0
 0 0 0 -3 0
 0 -4 -10 0 0
 0 0 0 -3 0
 0 -4 -9 2 0
 0 0 0 -3 0
 0 -4 -9 2 0
 3 0 0 0 0
 0 -4 -9 0 0
 0 0 -3 0 0
 0 -4 -9 0 0
 0 0 -3 0 0
 0 -4 -9 2 0
 0 0 -3 0 0
 0 -4 -9 2 0
 0 0 -3 0 0
 0 -4 -9 2 0
 0 0 0 3 0
 0 -4 -9 0 0
 0 0 0 3 0
 0 -4 -9 2 0
 0 0 0 3 0
 0 -4 -9 2 0
 3 0 0 0 30
 0 -4 -9 2 30
 0 0 -3 0 30
 0 -4 -9 2 30
 0 0 -3 0 30
 0 -4 -8 0 30
 0 0 -3 0 30
 0 -4 -9 2 30
 0 0 -3 0 30
 -1 -4 -9 0 30
 0 0 -3 0 30
 -1 -4 -9 2 30
 0 0 -3 0 30
 -1 -3 -9 0 30
 0 0 -3 0 30
 -1 -3 -9 2 30
 0 0 -3 0 30
 -1 -3 -8 2 30
 0 0 -3 0 30
 -1 -3 -8 0 30
 0 0 -3 0 30
 -1 -3 -8 2 30
 0 0 -3 0 30
 -1 -3 -7 0 30
 0 0 -3 0 30
 -1 -3 -7 2 30
 0 0 -3 0 30
 -1 -3 -7 2 30
 0 0 -3 0 30
 -1 -3 -7 2 30
 0 0 0 3 0
 -1 -3 -6 2 0
 0 0 3 0 0
 -1 -3 -6 0 0
 0 0 3 0 0
 -1 -3 -6 0 0
 0 0 3 0 0
 -1 -3 -6 0 0
 0 0 3 0 0
 -1 -3 -6 0 0
 0 0 3 0 0
 -1 -3 -6 0 0
 0 0 3 0 0
 -1 -3 -6 0 0
 0 0 3 0 0
 -1 -3 -6 0 0
 0 0 3 0 0
 -1 -3 -6 0 0
 0 0 3 0 0
 -1 -3 -6 0 0
finish
 0 0 3 0 0
 -1 -3 -6 0 0
 3 0 0 0 0
 -1 -3 -6 0 0
 3 0 0 0 0
 -1 -3 -6 0 0
 3 0 0 0 0
 -1 -3 -6 0 0
 3 0 0 0 0
 6 -4 -11 -1 0
 3 0 0 0 0
 6 -4 -11 -1 0
 3 0 0 0 0
 6 -4 -11 0 0
 3 0 0 0 0
 6 -4 -11 -1 0
 3 0 0 0 0
 5 -4 -11 -1 0
 3 0 0 0 0
 5 -4 -11 0 0
 3 0 0 0 0
 4 -4 -11 -1 0
 3 0 0 0 0
 4 -4 -12 0 0
 3 0 0 0 0
 4 -4 -12 0 0
 3 0 0 0 0
 3 -4 -12 0 0
 3 0 0 0 0
 3 -4 -12 0 0
 3 0 0 0 0
 3 -4 -12 0 0
 3 0 0 0 0
 3 -4 -12 0 0
 3 0 0 0 0
 2 -4 -12 0 0
 3 0 0 0 0
 2 -4 -12 0 0
 3 0 0 0 0
 2 -4 -12 0 0
 3 0 0 0 0
 1 -4 -12 0 0
 3 0 0 0 0
 1 -4 -12 0 0
 3 0 0 0 0
 1 -4 -13 0 0
 0 0 -3 0 0
 0 -4 -13 0 0
 0 0 -3 0 0
 0 -4 -13 0 0
 0 0 -3 0 0
 0 -4 -13 0 0
 0 0 -3 0 0
 0 -4 -13 0 0
 0 0 -3 0 0
 0 -4 -13 0 0
 0 0 -3 0 0
 0 -4 -13 0 0
 0 0 -3 0 0
 0 -4 -13 0 0
 0 0 -3 0 0
 0 -4 -13 0 0
 0 0 -3 0 0
 0 -4 -12 -1 0
 0 0 -3 0 0
 0 -4 -12 0 0
 0 0 -3 0 0
 0 -4 -12 -1 0
 0 0 -3 0 0
 0 -4 -12 0 0
 0 0 -3 0 0
 0 -4 -11 0 0
 0 0 -3 0 0
 0 -4 -11 -1 0
 0 0 -3 0 0
 0 -4 -11 0 0
 0 0 -3 0 0
 0 -4 -11 -1 0
 0 0 -3 0 0
 0 -4 -10 0 0
 0 0 -3 0 0
 0 -4 -10 0 0
 0 0 -3 0 0
 0 -4 -10 0 0
 0 0 -3 0 0
 0 -4 -10 2 0
 0 0 -3 0 0
 0 -4 -10 -1 0
 0 0 0 -3 0
 0 -4 -9 -1 0
 3 0 0 0 0
 0 -4 -9 0 0
 3 0 0 0 0
 0 -4 -9 0 0
 3 0 0 0 0
 0 -4 -9 0 0
 0 0 -3 0 0
 1 -4 -9 0 0
 0 0 -3 0 0
 1 -4 -9 2 0
 0 0 -3 0 0
 0 -4 -8 2 0
 0 0 -3 0 0
 0 -4 -8 2 0
 0 0 -3 0 0
 0 -4 -8 2 0
 0 0 -3 0 30
 0 -4 -8 2 30
 0 0 -3 0 30
 0 -4 -8 0 30
 3 0 0 0 30
 0 -3 -8 2 30
 0 0 0 -3 30
 0 -3 -8 2 30
 0 0 0 -3 30
 0 -3 -8 2 30
 3 0 0 0 30
 0 -3 -8 2 30
 0 0 0 -3 30
 0 -3 -7 2 30
 0 0 -3 0 30
 0 -3 -7 0 30
 3 0 0 0 30
 0 -3 -7 0 30
 3 0 0 0 30
 0 -3 -7 2 30
 0 3 0 0 30
 0 -3 -7 2 30
 0 0 0 3 30
 0 -3 -7 0 30
 0 3 0 0 30
 0 -3 -7 2 30
 0 3 0 0 30
 0 -3 -7 0 30
 0 0 -3 0 30
 -1 -3 -7 0 30
 0 0 -3 0 30
 -1 -3 -7 2 30
 0 0 -3 0 30
 -1 -3 -8 2 30
 0 0 -3 0 30
 -1 -2 -8 0 30
 0 0 -3 0 30
 -1 -2 -7 2 30
 0 0 -3 0 30
 -1 -2 -7 2 30
 0 0 -3 0 30
 -1 -2 -7 2 30
 0 0 -3 0 30
 -1 -2 -7 0 30
 0 0 0 3 0
 -1 -2 -7 2 0
 0 0 3 0 0
 -1 -2 -6 0 0
 0 0 3 0 0
 -1 -2 -6 0 0
 0 0 3 0 0
 -1 -2 -6 0 0
 0 0 3 0 0
 -1 -2 -6 0 0
 0 0 3 0 0
 -1 -2 -6 0 0
 0 0 3 0 0
 -1 -2 -6 0 0
 0 0 3 0 0
 -1 -2 -6 0 0
 0 0 3 0 0
 -1 -2 -6 0 0
 0 0 3 0 0
 -1 -2 -6 0 0
 0 0 3 0 0
 -1 -2 -6 0 0
finish
 0 0 3 0 0
 -1 -2 -6 0 0
 3 0 0 0 0
 -1 -2 -6 0 0
 3 0 0 0 0
 -1 -2 -6 0 0
 3 0 0 0 0
 -1 -2 -5 0 0
 3 0 0 0 0
 6 -4 -11 0 0
 3 0 0 0 0
 6 -4 -11 -1 0
 3 0 0 0 0
 5 -4 -11 0 0
 3 0 0 0 0
 5 -4 -11 -1 0
 3 0 0 0 0
 5 -4 -11 0 0
 3 0 0 0 0
 5 -4 -11 -1 0
 3 0 0 0 0
 4 -4 -11 0 0
 3 0 0 0 0
 4 -4 -12 0 0
 3 0 0 0 0
 4 -4 -11 0 0
 3 0 0 0 0
 3 -4 -12 0 0
 3 0 0 0 0
 3 -4 -12 0 0
 3 0 0 0 0
 3 -4 -12 0 0
 3 0 0 0 0
 3 -4 -12 -1 0
 3 0 0 0 0
 2 -4 -12 0 0
 3 0 0 0 0
 2 -4 -12 -1 0
 3 0 0 0 0
 2 -4 -12 -1 0
 0 0 -3 0 0
 1 -4 -13 -1 0
 0 0 -3 0 0
 1 -4 -13 0 0
 0 0 -3 0 0
 1 -4 -13 0 0
 0 0 -3 0 0
 0 -4 -13 -1 0
 0 0 -3 0 0
 0 -4 -13 0 0
 0 0 -3 0 0
 0 -4 -13 -1 0
 0 0 -3 0 0
 0 -4 -13 -1 0
 0 0 -3 0 0
 0 -4 -12 0 0
 0 0 -3 0 0
 0 -4 -12 0 0
 0 0 -3 0 0
 0 -4 -12 -1 0
 0 0 -3 0 0
 1 -4 -11 0 0
 0 0 -3 0 0
 1 -4 -11 0 0
 0 0 -3 0 0
 1 -4 -11 0 0
 0 0 -3 0 0
 1 -4 -11 0 0
 0 0 -3 0 0
 1 -4 -11 -1 0
 0 0 -3 0 0
 1 -4 -10 -1 0
 0 0 -3 0 0
 1 -4 -10 0 0
 0 0 -3 0 0
 1 -4 -10 -1 0
 0 0 -3 0 0
 1 -4 -10 0 0
 0 0 -3 0 0
 1 -4 -10 0 0
 0 0 -3 0 0
 1 -4 -9 0 0
 0 0 -3 0 0
 1 -4 -9 0 0
 3 0 0 0 0
 1 -4 -9 0 0
 3 0 0 0 0
 1 -4 -9 -1 0
 3 0 0 0 0
 1 -4 -9 0 0
 3 0 0 0 0
 1 -4 -8 0 0
 3 0 0 0 0
 1 -4 -8 0 0
 3 0 0 0 0
 1 -4 -8 0 0
 3 0 0 0 0
 1 -4 -8 0 0
 3 0 0 0 0
 1 -4 -8 0 0
 3 0 0 0 0
 0 -4 -8 -1 0
 3 0 0 0 0
 0 -4 -8 2 0
 0 0 -3 0 30
 0 -4 -9 0 30
 0 0 -3 0 30
 0 -4 -8 -1 30
 0 0 -3 0 30
 0 -4 -9 0 30
 0 0 -3 0 30
 0 -4 -9 0 30
 0 0 -3 0 30
 -2 -4 -9 0 30
 0 0 -3 0 30
 -2 -4 -9 0 30
 0 0 -3 0 30
 -2 -3 -9 -1 30
 0 0 -3 0 30
 -1 -3 -8 2 30
 0 0 -3 0 30
 -1 -3 -8 -1 30
 0 0 -3 0 30
 -1 -3 -8 0 30
 0 0 -3 0 30
 -1 -3 -8 0 30
 0 0 -3 0 30
 -1 -3 -8 2 30
 0 0 -3 0 30
 -1 -3 -7 2 30
 0 0 -3 0 30
 -1 -3 -7 2 30
 0 0 -3 0 30
 -1 -3 -7 0 30
 0 0 0 -3 30
 -1 -3 -6 2 30
 0 0 0 3 0
 -1 -3 -6 -1 0
 0 0 3 0 0
 -1 -3 -6 0 0
 0 0 3 0 0
 -1 -3 -6 2 0
 0 0 3 0 0
 -1 -3 -5 2 0
 0 0 3 0 0
 -1 -3 -6 0 0
 0 0 3 0 0
 -1 -3 -6 -1 0
 0 0 3 0 0
 -1 -3 -6 0 0
 0 0 3 0 0
 -1 -3 -6 0 0
 0 0 3 0 0
 -1 -3 -6 2 0
 0 0 3 0 0
 -1 -3 -6 0 0
 0 0 3 0 0
 -1 -3 -6 0 0
finish
 0 0 3 0 0
 -1 -3 -6 0 0
 3 0 0 0 0
 -1 -3 -6 0 0
 3 0 0 0 0
 -1 -3 -6 0 0
 3 0 0 0 0
 -1 -3 -6 0 0
 3 0 0 0 0
 6 -4 -11 -1 0
 3 0 0 0 0
 6 -4 -11 -1 0
 3 0 0 0 0
 6 -4 -11 -1 0
 3 0 0 0 0
 5 -4 -11 -1 0
 3 0 0 0 0
 5 -4 -11 -1 0
 3 0 0 0 0
 5 -4 -11 -1 0
 3 0 0 0 0
 4 -4 -11 -1 0
 3 0 0 0 0
 4 -4 -11 -1 0
 3 0 0 0 0
 4 -4 -12 -1 0
 3 0 0 0 0
 4 -4 -12 -1 0
 3 0 0 0 0
 3 -4 -12 -1 0
 3 0 0 0 0
 3 -4 -12 -1 0
 3 0 0 0 0
 2 -4 -12 -1 0
 3 0 0 0 0
 2 -4 -12 0 0
 3 0 0 0 0
 2 -5 -12 -1 0
 3 0 0 0 0
 2 -5 -12 -1 0
 3 0 0 0 0
 1 -5 -12 -1 0
 3 0 0 0 0
 1 -5 -13 0 0
 3 0 0 0 0
 1 -4 -13 -1 0
 3 0 0 0 0
 1 -5 -13 -1 0
 3 0 0 0 0
 0 -4 -13 -1 0
 0 0 0 -3 0
 0 -4 -13 -1 0
 0 0 -3 0 0
 0 -4 -13 0 0
 0 0 -3 0 0
 0 -4 -13 -1 0
 0 0 -3 0 0
 0 -4 -14 -1 0
 0 0 -3 0 0
 -1 -4 -13 -1 0
 0 0 -3 0 0
 0 -4 -13 -1 0
 0 0 -3 0 0
 0 -4 -13 -1 0
 0 0 -3 0 0
 0 -4 -13 0 0
 0 0 -3 0 0
 0 -4 -13 -1 0
 0 0 -3 0 0
 0 -4 -12 0 0
 0 0 -3 0 0
 0 -4 -12 -1 0
 0 0 -3 0 0
 0 -4 -12 0 0
 0 0 -3 0 0
 0 -4 -12 0 0
 0 0 -3 0 0
 0 -4 -11 0 0
 0 0 -3 0 0
 0 -4 -11 0 0
 0 0 -3 0 0
 0 -4 -11 0 0
 0 0 -3 0 0
 0 -4 -11 0 0
 0 0 -3 0 0
 0 -4 -11 0 0
 0 0 -3 0 0
 0 -4 -10 0 0
 0 0 -3 0 0
 0 -4 -10 0 0
 0 0 -3 0 0
 0 -4 -10 0 0
 0 0 -3 0 0
 0 -4 -10 0 0
 0 0 -3 0 0
 0 -4 -9 2 0
 0 0 -3 0 0
 0 -4 -9 0 0
 0 0 -3 0 0
 0 -4 -9 2 0
 0 0 -3 0 0
 0 -4 -9 2 0
 0 0 -3 0 30
 0 -4 -8 0 30
 0 0 -3 0 30
 0 -4 -8 2 30
 0 0 -3 0 30
 0 -4 -8 0 30
 0 0 -3 0 30
 0 -4 -8 0 30
 0 0 -3 0 30
 0 -3 -8 2 30
 3 0 0 0 30
 0 -3 -8 0 30
 3 0 0 0 30
 0 -3 -7 2 30
 3 0 0 0 30
 0 -3 -7 2 30
 0 0 -3 0 30
 0 -3 -7 0 30
 0 0 -3 0 30
 0 -3 -7 2 30
 0 0 -3 0 30
 0 -4 -7 0 30
 3 0 0 0 30
 0 -4 -7 2 30
 3 0 0 0 30
 0 -4 -6 0 30
 0 0 -3 0 30
 0 -3 -6 0 30
 0 0 -3 0 30
 0 -3 -6 0 30
 0 0 -3 0 30
 0 -3 -6 2 30
 0 0 -3 0 30
 0 -3 -6 2 30
 0 0 0 -3 0
 -1 -3 -6 2 0
 0 0 3 0 0
 -1 -4 -6 0 0
 0 0 3 0 0
 0 -3 -5 2 0
 0 0 3 0 0
 -1 -3 -6 0 0
 0 0 3 0 0
 -1 -3 -5 0 0
 0 0 3 0 0
 -1 -3 -5 0 0
 0 0 3 0 0
 -1 -3 -5 0 0
 0 0 3 0 0
 -1 -3 -5 0 0
 0 0 3 0 0
 -1 -3 -5 0 0
 0 0 3 0 0
 -1 -3 -6 0 0
 0 0 3 0 0
 -1 -3 -6 0 0
 0 0 3 0 0
 -1 -3 -6 0 0
finish
 0 0 0 -3 0
 -1 -3 -6 0 0
 3 0 0 0 0
 -1 -3 -6 0 0
 3 0 0 0 0
 -1 -3 -5 0 0
 3 0 0 0 0
 -1 -3 -6 0 0
 3 0 0 0 0
 6 -4 -11 -1 0
 3 0 0 0 0
 6 -4 -11 -1 0
 3 0 0 0 0
 6 -4 -11 -1 0
 3 0 0 0 0
 5 -4 -11 0 0
 3 0 0 0 0
 5 -4 -11 2 0
 3 0 0 0 0
 5 -4 -11 0 0
 3 0 0 0 0
 5 -4 -11 -1 0
 3 0 0 0 0
 4 -4 -11 -1 0
 3 0 0 0 0
 4 -4 -11 0 0
 3 0 0 0 0
 4 -4 -11 -1 0
 3 0 0 0 0
 4 -4 -11 -1 0
 3 0 0 0 0
 3 -4 -11 -1 0
 3 0 0 0 0
 3 -4 -12 -1 0
 3 0 0 0 0
 2 -4 -12 -1 0
 3 0 0 0 0
 2 -4 -12 0 0
 3 0 0 0 0
 2 -4 -12 0 0
 3 0 0 0 0
 1 -4 -12 0 0
 3 0 0 0 0
 1 -4 -12 0 0
 3 0 0 0 0
 1 -4 -12 -1 0
 3 0 0 0 0
 0 -4 -12 0 0
 3 0 0 0 0
 0 -4 -12 -1 0
 3 0 0 0 0
 0 -4 -13 0 0
 3 0 0 0 0
 0 -4 -13 -1 0
 3 0 0 0 0
 0 -4 -13 -1 0
 3 0 0 0 0
 0 -4 -13 -1 0
 3 0 0 0 0
 -1 -4 -13 -1 0
 3 0 0 0 0
 -1 -4 -13 -1 0
 3 0 0 0 0
 -1 -4 -13 -1 0
 0 0 -3 0 0
 -1 -4 -14 -1 0
 0 0 -3 0 0
 -2 -4 -14 -1 0
 0 0 -3 0 0
 -2 -3 -14 0 0
 0 0 -3 0 0
 -2 -3 -14 2 0
 0 0 -3 0 0
 -2 -3 -14 2 0
 0 0 -3 0 0
 -2 -3 -14 0 0
 0 0 -3 0 0
 -2 -3 -14 0 0
 0 0 -3 0 0
 -2 -3 -14 0 0
 0 0 -3 0 0
 -2 -3 -13 0 0
 0 0 -3 0 0
 -2 -3 -13 0 0
 0 0 -3 0 0
 -2 -3 -13 -1 0
 0 0 -3 0 0
 -2 -3 -13 0 0
 0 0 -3 0 0
 -2 -3 -12 0 0
 0 0 -3 0 0
 -2 -3 -12 -1 0
 0 0 -3 0 0
 -2 -3 -12 0 0
 0 0 -3 0 0
 -2 -3 -12 -1 0
 0 0 -3 0 0
 -1 -3 -11 -1 0
 0 0 -3 0 0
 -1 -3 -11 -1 0
 0 0 -3 0 0
 -1 -4 -11 -1 0
 0 0 -3 0 0
 -1 -4 -10 0 0
 0 0 -3 0 0
 -1 -4 -10 0 0
 0 0 -3 0 0
 -1 -4 -10 2 0
 3 0 0 0 30
 -1 -3 -10 0 30
 0 0 -3 0 30
 -1 -3 -10 0 30
 0 0 -3 0 30
 -1 -4 -9 0 30
 0 0 -3 0 30
 -1 -3 -9 2 30
 0 0 -3 0 30
 -2 -3 -9 2 30
 0 0 -3 0 30
 -2 -3 -9 0 30
 0 0 -3 0 30
 -2 -3 -9 2 30
 0 0 -3 0 30
 -2 -3 -9 0 30
 0 0 -3 0 30
 -2 -3 -8 0 30
 -3 0 0 0 30
 -2 -3 -8 0 30
 0 0 -3 0 30
 -2 -3 -8 0 30
 0 0 -3 0 30
 -2 -3 -8 0 30
 0 0 -3 0 30
 -2 -3 -8 2 30
 0 0 -3 0 30
 -2 -3 -7 0 30
 0 0 -3 0 30
 -2 -3 -7 0 30
 0 0 -3 0 30
 -2 -3 -7 2 30
 -3 0 0 0 30
 -2 -3 -7 2 30
 0 -3 0 0 30
 -2 -3 -7 0 30
 -3 0 0 0 30
 -2 -3 -7 0 30
 -3 0 0 0 30
 -2 -3 -7 0 30
 0 0 0 3 0
 -2 -3 -7 0 0
 0 0 3 0 0
 -2 -3 -7 0 0
 0 0 3 0 0
 -2 -3 -7 -1 0
 0 0 3 0 0
 -1 -4 -5 2 0
 0 0 3 0 0
 -1 -4 -5 -1 0
 0 0 3 0 0
 -1 -4 -5 2 0
 0 0 3 0 0
 -1 -4 -6 0 0
 0 0 3 0 0
 -1 -4 -5 0 0
 0 0 3 0 0
 -1 -4 -6 0 0
 0 0 3 0 0
 -1 -4 -6 2 0
 0 0 3 0 0
 -1 -4 -6 0 0
 0 0 3 0 0
 -1 -4 -5 0 0
 0 0 3 0 0
 -1 -4 -5 0 0
 0 0 3 0 0
 -1 -4 -5 0 0
 0 0 3 0 0
 -1 -4 -6 2 0
 0 0 3 0 0
 -1 -4 -5 0 0
 0 0 3 0 0
 -1 -4 -5 0 0
 0 0 3 0 0
 -1 -4 -6 0 0
 0 0 3 0 0
 -1 -4 -5 -1 0
 0 0 3 0 0
 -1 -4 -5 0 0
 0 0 3 0 0
 -1 -4 -6 0 0
 0 0 3 0 0
 -1 -4 -5 0 0
 0 0 3 0 0
 -1 -4 -6 -1 0
 0 0 3 0 0
 -1 -4 -6 0 0
 0 0 3 0 0
 -1 -4 -5 0 0
 0 0 3 0 0
 -1 -4 -6 -1 0
 0 0 3 0 0
 -1 -4 -6 -1 0
 0 0 3 0 0
 -1 -4 -6 -1 0
 0 0 3 0 0
 -1 -4 -5 -1 0
 0 0 3 0 0
 -2 -4 -6 -1 0
 0 0 3 0 0
 -1 -4 -6 -1 0
 0 0 3 0 0
 -2 -4 -6 -1 0
 0 0 3 0 0
 -2 -4 -5 0 0
finish
 0 0 0 3 0
 6 -4 -11 0 0
 0 0 0 3 0
 6 -4 -11 0 0
 0 0 0 3 0
 6 -4 -11 0 0
 3 0 0 0 0
 6 -4 -11 -1 0
 3 0 0 0 0
 6 -4 -11 0 0
 3 0 0 0 0
 6 -4 -11 0 0
 3 0 0 0 0
 6 -4 -11 0 0
 3 0 0 0 0
 6 -4 -11 0 0
 3 0 0 0 0
 5 -4 -11 0 0
 3 0 0 0 0
 5 -4 -11 -1 0
 3 0 0 0 0
 4 -4 -11 0 0
 3 0 0 0 0
 4 -4 -11 0 0
 3 0 0 0 0
 4 -4 -11 0 0
 3 0 0 0 0
 4 -4 -11 0 0
 3 0 0 0 0
 3 -4 -12 -1 0
 3 0 0 0 0
 3 -4 -12 0 0
 3 0 0 0 0
 3 -4 -12 0 0
 3 0 0 0 0
 2 -4 -12 -1 0
 3 0 0 0 0
 2 -4 -12 0 0
 3 0 0 0 0
 2 -4 -12 0 0
 3 0 0 0 0
 2 -4 -12 0 0
 3 0 0 0 0
 1 -4 -12 -1 0
 3 0 0 0 0
 1 -4 -12 -1 0
 0 0 0 -3 0
 1 -4 -12 0 0
 3 0 0 0 0
 0 -5 -13 0 0
 3 0 0 0 0
 0 -5 -13 -1 0
 3 0 0 0 0
 0 -4 -13 0 0
 3 0 0 0 0
 0 -4 -13 0 0
 0 0 -3 0 0
 0 -4 -13 0 0
 0 0 -3 0 0
 0 -4 -13 -1 0
 0 0 -3 0 0
 0 -4 -13 0 0
 0 0 -3 0 0
 -1 -4 -13 -1 0
 0 0 -3 0 0
 -1 -4 -14 -1 0
 0 0 -3 0 0
 -1 -4 -13 -1 0
 0 0 -3 0 0
 -1 -4 -13 0 0
 0 0 -3 0 0
 0 -4 -13 -1 0
 0 0 -3 0 0
 0 -4 -12 0 0
 0 0 -3 0 0
 0 -4 -12 0 0
 0 0 -3 0 0
 0 -4 -12 0 0
 3 0 0 0 0
 0 -4 -12 0 0
 3 0 0 0 0
 0 -4 -12 -1 0
 3 0 0 0 0
 0 -4 -11 0 0
 3 0 0 0 0
 0 -4 -11 -1 0
 0 0 -3 0 0
 0 -4 -11 0 0
 0 0 -3 0 0
 0 -4 -11 -1 0
 0 0 -3 0 0
 0 -4 -11 -1 0
 0 0 -3 0 0
 -1 -4 -11 0 0
 0 0 -3 0 0
 -1 -4 -11 0 0
 0 0 -3 0 0
 -1 -4 -11 -1 0
 0 0 -3 0 0
 -1 -4 -11 0 0
 0 0 -3 0 0
 -1 -4 -11 0 0
 0 0 -3 0 0
 -1 -4 -10 -1 0
 3 0 0 0 30
 -1 -4 -10 0 30
 0 0 -3 0 30
 -1 -4 -10 0 30
 0 0 -3 0 30
 -1 -4 -10 -1 30
 0 0 -3 0 30
 -1 -4 -10 0 30
 0 0 -3 0 30
 -2 -4 -10 0 30
 0 0 -3 0 30
 -2 -4 -10 0 30
 0 0 -3 0 30
 -2 -4 -10 -1 30
 0 0 -3 0 30
 -2 -4 -9 -1 30
 0 0 -3 0 30
 -2 -4 -9 -1 30
 0 0 -3 0 30
 -2 -4 -9 0 30
 0 0 -3 0 30
 -2 -4 -9 -1 30
 0 0 -3 0 30
 -2 -3 -8 0 30
 0 0 -3 0 30
 -2 -3 -8 0 30
 0 0 -3 0 30
 -2 -3 -8 0 30
 0 0 -3 0 30
 -1 -3 -7 0 30
 0 0 -3 0 30
 -1 -3 -7 0 30
 0 0 -3 0 30
 -1 -3 -7 0 30
 0 0 3 0 0
 -1 -3 -7 0 0
 0 0 3 0 0
 -1 -3 -6 -1 0
 0 0 3 0 0
 -1 -3 -6 -1 0
 0 0 3 0 0
 -1 -3 -6 0 0
 0 0 3 0 0
 -1 -3 -6 0 0
 0 0 3 0 0
 -1 -3 -6 0 0
 0 0 3 0 0
 -1 -3 -6 -1 0
 0 0 3 0 0
 -1 -3 -6 0 0
 0 0 3 0 0
 -1 -3 -6 -1 0
 0 0 3 0 0
 -1 -3 -6 0 0
 0 0 3 0 0
 -1 -3 -6 0 0
 0 0 3 0 0
 -1 -3 -6 0 0
finish
 0 0 3 0 0
 -1 -3 -6 2 0
 3 0 0 0 0
 -1 -3 -6 2 0
 3 0 0 0 0
 -1 -3 -6 2 0
 3 0 0 0 0
 -1 -3 -6 2 0
 3 0 0 0 0
 6 -4 -11 0 0
 3 0 0 0 0
 6 -4 -11 0 0
 3 0 0 0 0
 6 -4 -11 0 0
 3 0 0 0 0
 6 -4 -11 0 0
 3 0 0 0 0
 5 -4 -11 0 0
 3 0 0 0 0
 5 -4 -11 0 0
 3 0 0 0 0
 4 -4 -11 0 0
 3 0 0 0 0
 5 -4 -11 0 0
 3 0 0 0 0
 4 -4 -11 0 0
 3 0 0 0 0
 4 -4 -12 0 0
 3 0 0 0 0
 3 -4 -12 0 0
 3 0 0 0 0
 3 -4 -12 0 0
 3 0 0 0 0
 3 -4 -12 0 0
 3 0 0 0 0
 2 -4 -12 0 0
 3 0 0 0 0
 2 -4 -12 0 0
 3 0 0 0 0
 2 -4 -12 0 0
 3 0 0 0 0
 1 -4 -12 0 0
 3 0 0 0 0
 1 -4 -12 0 0
 0 0 -3 0 0
 1 -4 -13 0 0
 0 0 -3 0 0
 1 -4 -13 0 0
 0 0 -3 0 0
 0 -4 -13 0 0
 0 0 -3 0 0
 0 -4 -13 0 0
 0 0 -3 0 0
 0 -4 -13 0 0
 0 0 -3 0 0
 0 -4 -13 0 0
 0 0 -3 0 0
 0 -4 -12 0 0
 0 0 -3 0 0
 0 -4 -12 2 0
 0 0 -3 0 0
 0 -4 -12 0 0
 0 0 -3 0 0
 0 -4 -12 2 0
 0 0 -3 0 0
 0 -4 -11 0 0
 0 0 -3 0 0
 0 -4 -11 0 0
 0 0 -3 0 0
 0 -4 -11 0 0
 0 0 -3 0 0
 0 -4 -11 0 0
 0 0 -3 0 0
 0 -4 -10 0 0
 3 0 0 0 0
 0 -4 -10 0 0
 3 0 0 0 0
 0 -4 -10 2 0
 3 0 0 0 0
 0 -4 -10 2 0
 3 0 0 0 0
 1 -4 -10 -1 0
 3 0 0 0 0
 1 -4 -10 2 0
 0 0 -3 0 0
 0 -4 -10 0 0
 0 0 -3 0 0
 0 -4 -10 -1 0
 0 0 -3 0 0
 0 -4 -10 0 0
 0 0 -3 0 0
 0 -4 -10 0 0
 0 0 -3 0 0
 0 -4 -10 2 0
 0 0 -3 0 0
 0 -4 -10 0 0
 0 0 -3 0 0
 0 -4 -10 0 0
 0 0 -3 0 0
 0 -4 -9 0 0
 0 0 -3 0 0
 0 -4 -9 2 0
 0 0 -3 0 30
 0 -4 -9 2 30
 0 0 -3 0 30
 0 -3 -9 2 30
 0 0 -3 0 30
 0 -3 -9 2 30
 3 0 0 0 30
 0 -3 -8 0 30
 3 0 0 0 30
 -1 -3 -9 2 30
 3 0 0 0 30
 -1 -3 -8 2 30
 0 0 -3 0 30
 -1 -3 -8 0 30
 0 0 -3 0 30
 -1 -3 -8 2 30
 0 0 -3 0 30
 -1 -3 -8 2 30
 0 0 -3 0 30
 -1 -3 -8 2 30
 0 0 -3 0 30
 -1 -3 -7 2 30
 0 0 -3 0 30
 -1 -3 -7 2 30
 0 0 -3 0 30
 -1 -3 -7 2 30
 0 0 -3 0 30
 -1 -3 -7 2 30
 0 0 -3 0 30
 -1 -3 -7 0 30
 0 0 -3 0 30
 -1 -3 -7 0 30
 0 0 0 -3 0
 -1 -3 -7 -1 0
 0 0 0 3 0
 -1 -3 -6 2 0
 0 0 0 3 0
 -1 -3 -6 2 0
 0 0 0 3 0
 -1 -3 -6 0 0
 0 0 3 0 0
 -1 -3 -5 0 0
 0 0 3 0 0
 -1 -3 -6 0 0
 0 -3 0 0 0
 -1 -3 -6 2 0
 0 0 3 0 0
 -1 -3 -5 0 0
 0 0 3 0 0
 -1 -3 -6 0 0
 0 0 3 0 0
 -1 -3 -6 0 0
 0 0 3 0 0
 -1 -3 -6 0 0
 -3 0 0 0 0
 -1 -3 -6 0 0
finish
 3 0 0 0 0
 -1 -3 -6 2 0
 3 0 0 0 0
 -1 -3 -6 2 0
 3 0 0 0 0
 -1 -3 -6 2 0
 3 0 0 0 0
 -1 -3 -6 0 0
 3 0 0 0 0
 6 -4 -11 0 0
 3 0 0 0 0
 6 -4 -11 0 0
 3 0 0 0 0
 5 -4 -11 0 0
 3 0 0 0 0
 5 -4 -11 0 0
 3 0 0 0 0
 5 -4 -11 0 0
 3 0 0 0 0
 5 -4 -11 0 0
 3 0 0 0 0
 4 -4 -11 -1 0
 3 0 0 0 0
 4 -4 -11 -1 0
 3 0 0 0 0
 3 -4 -11 -1 0
 3 0 0 0 0
 3 -4 -11 0 0
 3 0 0 0 0
 3 -4 -12 -1 0
 3 0 0 0 0
 2 -4 -12 -1 0
 3 0 0 0 0
 2 -4 -12 0 0
 3 0 0 0 0
 2 -4 -12 0 0
 3 0 0 0 0
 2 -5 -12 0 0
 3 0 0 0 0
 1 -5 -12 -1 0
 3 0 0 0 0
 1 -4 -12 -1 0
 0 0 -3 0 0
 1 -4 -12 0 0
 0 0 -3 0 0
 1 -4 -12 -1 0
 0 0 -3 0 0
 0 -4 -13 -1 0
 0 0 -3 0 0
 0 -4 -13 -1 0
 0 0 -3 0 0
 0 -4 -13 -1 0
 0 0 -3 0 0
 0 -4 -13 -1 0
 0 0 -3 0 0
 0 -4 -13 -1 0
 0 0 -3 0 0
 0 -4 -12 -1 0
 0 0 -3 0 0
 0 -4 -12 -1 0
 3 0 0 0 0
 0 -4 -12 -1 0
 3 0 0 0 0
 0 -4 -12 0 0
 3 0 0 0 0
 0 -4 -11 -1 0
 3 0 0 0 0
 0 -4 -11 0 0
 3 0 0 0 0
 0 -4 -11 0 0
 3 0 0 0 0
 0 -4 -11 0 0
 0 0 -3 0 0
 0 -4 -11 -1 0
 0 0 -3 0 0
 0 -4 -11 0 0
 0 0 -3 0 0
 0 -4 -11 0 0
 0 0 -3 0 0
 0 -4 -11 0 0
 0 0 -3 0 0
 0 -4 -11 0 0
 0 0 -3 0 0
 0 -4 -11 0 0
 0 0 -3 0 0
 0 -4 -11 -1 0
 0 0 -3 0 0
 0 -4 -11 -1 0
 0 0 -3 0 0
 0 -4 -10 -1 0
 0 0 -3 0 0
 0 -4 -10 0 0
 0 0 -3 0 0
 0 -4 -10 0 0
 0 0 -3 0 0
 0 -4 -10 0 0
 0 0 -3 0 0
 0 -4 -10 -1 0
 0 0 -3 0 0
 0 -4 -9 2 0
 0 0 -3 0 0
 0 -4 -9 2 0
 0 0 -3 0 0
 0 -4 -9 2 0
 0 0 -3 0 30
 0 -4 -9 0 30
 0 0 -3 0 30
 0 -4 -8 0 30
 3 0 0 0 30
 0 -4 -8 2 30
 3 0 0 0 30
 0 -4 -8 0 30
 0 0 -3 0 30
 -1 -3 -8 2 30
 0 0 -3 0 30
 -1 -3 -8 -1 30
 0 0 -3 0 30
 -1 -3 -8 2 30
 0 0 -3 0 30
 -1 -4 -8 -1 30
 0 0 -3 0 30
 -1 -4 -7 0 30
 0 0 -3 0 30
 -1 -3 -7 2 30
 0 0 -3 0 30
 -1 -3 -7 2 30
 0 0 -3 0 30
 -1 -3 -7 0 30
 0 0 -3 0 30
 -1 -3 -7 2 30
 0 0 0 -3 30
 -1 -3 -7 -1 30
 0 0 0 3 0
 -1 -3 -6 0 0
 0 0 0 3 0
 -1 -3 -6 0 0
 0 0 3 0 0
 -1 -3 -6 -1 0
 0 0 0 3 0
 -1 -3 -5 0 0
 0 0 3 0 0
 -1 -3 -6 0 0
 0 0 3 0 0
 -1 -3 -6 0 0
 0 0 3 0 0
 -1 -3 -6 2 0
 0 0 3 0 0
 -1 -3 -5 0 0
 0 0 3 0 0
 0 -3 -6 0 0
 0 0 3 0 0
 0 -3 -6 0 0
 0 0 3 0 0
 -1 -3 -6 0 0
 0 0 3 0 0
 -1 -3 -6 2 0
 0 3 0 0 0
 -1 -3 -6 0 0
 0 0 3 0 0
 -1 -3 -6 2 0
finish
 0 0 3 0 0
 -1 -3 -6 2 0
 3 0 0 0 0
 -1 -3 -6 2 0
 3 0 0 0 0
 -1 -3 -6 2 0
 3 0 0 0 0
 -1 -3 -6 2 0
 3 0 0 0 0
 6 -4 -11 -1 0
 3 0 0 0 0
 6 -4 -11 -1 0
 3 0 0 0 0
 5 -4 -11 -1 0
 3 0 0 0 0
 5 -4 -11 -1 0
 3 0 0 0 0
 5 -4 -11 -1 0
 3 0 0 0 0
 5 -4 -11 -1 0
 3 0 0 0 0
 4 -4 -11 -1 0
 3 0 0 0 0
 4 -4 -12 -1 0
 3 0 0 0 0
 4 -4 -12 -1 0
 3 0 0 0 0
 3 -4 -12 -1 0
 3 0 0 0 0
 3 -4 -12 -1 0
 3 0 0 0 0
 3 -4 -12 -1 0
 3 0 0 0 0
 3 -4 -12 -1 0
 0 0 0 -3 0
 2 -4 -12 -1 0
 3 0 0 0 0
 2 -4 -12 0 0
 3 0 0 0 0
 2 -4 -12 -1 0
 3 0 0 0 0
 1 -4 -12 -1 0
 3 0 0 0 0
 1 -4 -12 -1 0
 0 0 0 -3 0
 1 -4 -12 0 0
 0 0 0 -3 0
 1 -4 -13 -1 0
 0 0 0 -3 0
 0 -4 -13 -1 0
 0 0 0 -3 0
 0 -4 -13 -1 0
 0 0 -3 0 0
 0 -4 -13 -1 0
 0 0 -3 0 0
 0 -4 -13 2 0
 0 0 -3 0 0
 0 -4 -13 0 0
 0 0 -3 0 0
 0 -4 -13 0 0
 0 0 -3 0 0
 0 -4 -13 0 0
 0 0 -3 0 0
 0 -4 -12 2 0
 0 0 0 3 0
 0 -4 -12 2 0
 0 0 0 3 0
 0 -4 -12 0 0
 0 0 0 3 0
 1 -4 -12 2 0
 0 0 0 3 0
 1 -4 -12 0 0
 0 0 0 3 0
 1 -4 -12 0 0
 0 0 -3 0 0
 1 -4 -12 0 0
 0 0 -3 0 0
 1 -4 -12 2 0
 0 0 -3 0 0
 0 -4 -12 0 0
 0 0 -3 0 0
 0 -4 -12 -1 0
 0 0 -3 0 0
 0 -4 -11 -1 0
 0 0 -3 0 0
 0 -4 -11 0 0
 0 0 -3 0 0
 0 -4 -11 0 0
 3 0 0 0 0
 0 -4 -11 0 0
 3 0 0 0 0
 1 -4 -11 -1 0
 3 0 0 0 0
 1 -4 -10 0 0
 3 0 0 0 0
 1 -4 -10 -1 0
 3 0 0 0 0
 1 -4 -10 0 0
 0 0 -3 0 0
 0 -4 -10 -1 0
 0 0 -3 0 0
 0 -4 -10 -1 0
 0 0 -3 0 0
 0 -4 -10 -1 0
 0 0 -3 0 0
 0 -4 -10 -1 0
 0 0 -3 0 0
 0 -4 -10 0 0
 0 0 -3 0 0
 0 -4 -10 -1 0
 0 0 -3 0 0
 0 -4 -10 -1 0
 0 0 -3 0 0
 0 -4 -10 0 0
 0 0 -3 0 0
 0 -4 -10 -1 0
 0 0 -3 0 0
 0 -4 -9 -1 0
 0 0 -3 0 0
 0 -4 -9 0 0
 0 0 -3 0 0
 0 -4 -9 0 0
 3 0 0 0 0
 0 -4 -9 0 0
 3 0 0 0 0
 0 -3 -8 0 0
 0 0 -3 0 0
 0 -3 -8 -1 0
 3 0 0 0 0
 0 -3 -8 2 0
 0 0 -3 0 0
 0 -3 -8 0 0
 0 0 0 -3 30
 0 -4 -8 0 30
 0 0 -3 0 30
 0 -4 -8 0 30
 3 0 0 0 30
 0 -4 -8 -1 30
 0 0 -3 0 30
 0 -4 -7 -1 30
 0 0 -3 0 30
 -1 -3 -8 0 30
 0 0 -3 0 30
 -1 -3 -8 0 30
 0 0 -3 0 30
 -1 -3 -7 2 30
 0 0 -3 0 30
 -1 -3 -7 0 30
 0 0 -3 0 30
 -1 -3 -7 0 30
 0 0 -3 0 30
 -1 -3 -7 2 30
 0 0 -3 0 30
 -1 -3 -7 0 30
 0 0 -3 0 30
 -1 -3 -7 0 30
 0 0 0 3 0
 -1 -3 -6 2 0
 0 0 3 0 0
 -1 -3 -7 0 0
 0 0 3 0 0
 -1 -3 -6 0 0
 0 0 3 0 0
 -1 -3 -6 2 0
 0 0 3 0 0
 -1 -3 -6 0 0
 0 0 3 0 0
 -1 -3 -6 0 0
 0 0 3 0 0
 -1 -3 -5 0 0
 0 0 3 0 0
 -1 -3 -6 0 0
 0 0 3 0 0
 -1 -3 -6 0 0
 0 0 3 0 0
 -1 -3 -6 0 0
 0 0 3 0 0
 -1 -3 -6 0 0
 0 0 3 0 0
 -1 -3 -6 0 0
finish
 0 0 0 3 0
 6 -4 -11 0 0
 0 0 0 3 0
 6 -4 -11 0 0
 3 0 0 0 0
 6 -4 -11 0 0
 3 0 0 0 0
 6 -4 -11 0 0
 3 0 0 0 0
 6 -4 -11 0 0
 3 0 0 0 0
 6 -4 -11 0 0
 3 0 0 0 0
 6 -4 -11 0 0
 3 0 0 0 0
 6 -4 -11 0 0
 3 0 0 0 0
 5 -4 -11 0 0
 3 0 0 0 0
 5 -4 -11 -1 0
 3 0 0 0 0
 5 -4 -11 0 0
 3 0 0 0 0
 4 -4 -11 0 0
 3 0 0 0 0
 4 -4 -11 0 0
 3 0 0 0 0
 3 -4 -12 0 0
 3 0 0 0 0
 3 -4 -12 0 0
 3 0 0 0 0
 3 -4 -12 -1 0
 3 0 0 0 0
 3 -4 -12 0 0
 3 0 0 0 0
 2 -4 -12 0 0
 0 -3 0 0 0
 2 -4 -12 0 0
 3 0 0 0 0
 2 -4 -12 -1 0
 3 0 0 0 0
 1 -5 -12 -1 0
 3 0 0 0 0
 1 -4 -12 0 0
 3 0 0 0 0
 1 -5 -12 0 0
 3 0 0 0 0
 1 -5 -13 -1 0
 3 0 0 0 0
 0 -5 -13 0 0
 3 0 0 0 0
 0 -5 -13 0 0
 3 0 0 0 0
 0 -5 -13 -1 0
 3 0 0 0 0
 0 -5 -13 -1 0
 0 0 -3 0 0
 0 -5 -13 0 0
 0 0 -3 0 0
 0 -5 -13 0 0
 0 0 -3 0 0
 0 -5 -13 0 0
 0 0 -3 0 0
 -1 -5 -14 0 0
 0 0 -3 0 0
 -1 -5 -14 0 0
 0 0 -3 0 0
 -1 -5 -13 0 0
 0 0 -3 0 0
 -1 -4 -13 0 0
 0 0 -3 0 0
 -1 -4 -13 0 0
 0 0 -3 0 0
 -1 -4 -13 -1 0
 0 0 -3 0 0
 -1 -4 -13 0 0
 0 0 -3 0 0
 -1 -4 -12 0 0
 0 0 -3 0 0
 -1 -4 -12 0 0
 0 0 -3 0 0
 0 -4 -12 0 0
 0 0 -3 0 0
 0 -4 -12 0 0
 0 0 -3 0 0
 0 -4 -11 0 0
 0 0 -3 0 0
 0 -4 -11 0 0
 0 0 -3 0 0
 0 -4 -11 -1 0
 0 0 -3 0 0
 0 -4 -11 0 0
 0 0 -3 0 0
 0 -4 -10 -1 0
 0 0 -3 0 0
 0 -4 -10 -1 0
 0 0 -3 0 0
 0 -4 -10 -1 0
 0 0 -3 0 0
 0 -4 -10 -1 0
 0 0 -3 0 30
 0 -4 -9 0 30
 3 0 0 0 30
 0 -4 -9 0 30
 3 0 0 0 30
 0 -4 -9 0 30
 3 0 0 0 30
 0 -4 -9 0 30
 3 0 0 0 30
 -1 -4 -9 0 30
 0 0 -3 0 30
 -1 -4 -9 0 30
 0 0 -3 0 30
 -1 -4 -9 -1 30
 0 0 -3 0 30
 -1 -4 -9 0 30
 0 0 -3 0 30
 -2 -4 -9 -1 30
 0 0 -3 0 30
 -2 -4 -9 0 30
 0 0 -3 0 30
 -2 -4 -8 0 30
 0 0 -3 0 30
 -2 -4 -8 2 30
 0 0 -3 0 30
 -2 -4 -8 0 30
 0 0 -3 0 30
 -2 -4 -8 0 30
 0 0 -3 0 30
 -1 -4 -7 0 30
 0 0 -3 0 30
 -1 -4 -7 0 30
 0 0 -3 0 30
 -1 -4 -7 -1 30
 0 0 -3 0 30
 -1 -4 -7 0 30
 0 0 0 -3 30
 -1 -4 -7 0 30
 0 0 0 -3 30
 -1 -4 -6 0 30
 0 0 3 0 0
 -1 -3 -6 -1 0
 0 0 3 0 0
 -1 -3 -6 0 0
 0 0 3 0 0
 -1 -3 -6 0 0
 0 0 3 0 0
 -1 -3 -6 2 0
 0 0 3 0 0
 -1 -3 -5 0 0
 0 0 3 0 0
 -1 -3 -6 0 0
 0 0 3 0 0
 -1 -3 -6 0 0
 0 0 3 0 0
 -1 -3 -6 0 0
 0 0 3 0 0
 -1 -3 -6 0 0
finish
 0 0 3 0 0
 -1 -3 -6 0 0
 3 0 0 0 0
 -1 -3 -6 0 0
 3 0 0 0 0
 -1 -3 -6 0 0
 3 0 0 0 0
 -1 -3 -6 0 0
 3 0 0 0 0
 6 -4 -11 0 0
 3 0 0 0 0
 6 -4 -11 0 0
 3 0 0 0 0
 6 -4 -11 0 0
 3 0 0 0 0
 5 -4 -11 0 0
 3 0 0 0 0
 5 -4 -11 -1 0
 3 0 0 0 0
 5 -4 -11 -1 0
 3 0 0 0 0
 4 -4 -11 0 0
 3 0 0 0 0
 4 -4 -12 0 0
 3 0 0 0 0
 4 -4 -12 0 0
 3 0 0 0 0
 4 -4 -12 -1 0
 3 0 0 0 0
 3 -4 -12 -1 0
 3 0 0 0 0
 3 -4 -12 0 0
 3 0 0 0 0
 3 -4 -12 0 0
 3 0 0 0 0
 2 -4 -12 0 0
 3 0 0 0 0
 2 -4 -12 0 0
 3 0 0 0 0
 2 -4 -12 -1 0
 3 0 0 0 0
 1 -4 -12 0 0
 3 0 0 0 0
 1 -5 -13 0 0
 3 0 0 0 0
 1 -5 -13 -1 0
 3 0 0 0 0
 0 -5 -13 -1 0
 3 0 0 0 0
 0 -4 -13 0 0
 0 0 -3 0 0
 0 -4 -13 0 0
 0 0 -3 0 0
 0 -4 -13 0 0
 0 0 -3 0 0
 0 -4 -14 0 0
 0 0 -3 0 0
 0 -4 -14 0 0
 0 0 -3 0 0
 -1 -4 -14 -1 0
 0 0 -3 0 0
 -1 -4 -13 -1 0
 0 0 -3 0 0
 0 -4 -13 -1 0
 0 0 -3 0 0
 0 -4 -13 0 0
 0 0 -3 0 0
 0 -4 -13 0 0
 0 0 -3 0 0
 0 -4 -12 0 0
 0 0 -3 0 0
 0 -4 -12 -1 0
 0 0 -3 0 0
 0 -4 -12 2 0
 0 0 -3 0 0
 0 -4 -12 2 0
 3 0 0 0 0
 0 -4 -11 2 0
 3 0 0 0 0
 0 -4 -11 -1 0
 3 0 0 0 0
 0 -4 -11 0 0
 3 0 0 0 0
 0 -4 -11 -1 0
 0 0 -3 0 0
 0 -4 -11 0 0
 0 0 0 -3 0
 0 -4 -11 0 0
 0 0 -3 0 0
 0 -4 -11 -1 0
 0 0 -3 0 0
 0 -4 -11 0 0
 0 0 -3 0 0
 0 -4 -11 0 0
 0 0 -3 0 0
 0 -4 -11 2 0
 0 0 -3 0 0
 0 -4 -11 2 0
 0 0 -3 0 0
 0 -4 -10 2 0
 0 0 -3 0 0
 0 -4 -10 2 0
 0 0 -3 0 0
 0 -4 -10 2 0
 3 0 0 0 0
 0 -4 -10 2 0
 3 0 0 0 0
 0 -4 -10 2 0
 0 0 -3 0 0
 0 -4 -9 2 0
 0 0 -3 0 30
 0 -4 -9 2 30
 0 0 -3 0 30
 0 -4 -9 0 30
 0 0 -3 0 30
 0 -4 -9 0 30
 0 0 -3 0 30
 0 -4 -9 2 30
 0 0 -3 0 30
 -2 -4 -9 0 30
 0 0 -3 0 30
 -2 -3 -9 2 30
 0 0 -3 0 30
 -2 -3 -9 2 30
 0 0 -3 0 30
 -2 -3 -8 2 30
 3 0 0 0 30
 -2 -3 -8 2 30
 0 0 -3 0 30
 -1 -3 -8 2 30
 0 0 -3 0 30
 -1 -3 -7 2 30
 0 0 -3 0 30
 -1 -3 -8 2 30
 0 0 -3 0 30
 -1 -3 -7 0 30
 0 0 -3 0 30
 -1 -3 -7 0 30
 -3 0 0 0 30
 -1 -3 -7 2 30
 0 0 -3 0 30
 -1 -3 -7 2 30
 -3 0 0 0 30
 -1 -3 -7 2 30
 0 -3 0 0 0
 -1 -3 -7 2 0
 0 -3 0 0 0
 -1 -3 -7 0 0
 0 0 3 0 0
 -1 -3 -7 0 0
 0 0 3 0 0
 -1 -3 -7 0 0
 0 0 3 0 0
 -1 -3 -5 0 0
 0 0 3 0 0
 -1 -3 -6 0 0
 0 0 3 0 0
 -1 -3 -5 0 0
 0 0 3 0 0
 -1 -3 -6 0 0
 0 0 3 0 0
 -1 -3 -5 0 0
 0 0 3 0 0
 -1 -3 -5 0 0
 0 0 3 0 0
 -1 -3 -5 0 0
 0 0 3 0 0
 -1 -3 -5 0 0
 0 0 3 0 0
 -1 -3 -5 0 0
finish
 0 0 3 0 0
 -1 -3 -6 0 0
 3 0 0 0 0
 -1 -3 -6 0 0
 3 0 0 0 0
 -1 -3 -6 0 0
 3 0 0 0 0
 -1 -3 -5 0 0
 3 0 0 0 0
 6 -4 -11 0 0
 3 0 0 0 0
 6 -4 -11 -1 0
 3 0 0 0 0
 6 -4 -11 -1 0
 3 0 0 0 0
 5 -4 -11 0 0
 3 0 0 0 0
 5 -4 -11 -1 0
 3 0 0 0 0
 5 -4 -11 0 0
 3 0 0 0 0
 4 -4 -11 -1 0
 3 0 0 0 0
 4 -4 -11 -1 0
 3 0 0 0 0
 4 -4 -12 -1 0
 3 0 0 0 0
 4 -5 -11 -1 0
 3 0 0 0 0
 3 -4 -12 0 0
 3 0 0 0 0
 3 -4 -12 -1 0
 3 0 0 0 0
 3 -4 -12 -1 0
 3 0 0 0 0
 3 -4 -12 -1 0
 3 0 0 0 0
 2 -5 -12 0 0
 3 0 0 0 0
 1 -5 -12 0 0
 3 0 0 0 0
 1 -5 -12 0 0
 3 0 0 0 0
 1 -5 -13 0 0
 3 0 0 0 0
 1 -5 -13 0 0
 3 0 0 0 0
 0 -5 -13 -1 0
 0 0 -3 0 0
 0 -5 -13 -1 0
 0 0 -3 0 0
 0 -5 -13 -1 0
 0 0 -3 0 0
 0 -4 -13 0 0
 0 0 -3 0 0
 0 -4 -13 -1 0
 0 0 -3 0 0
 0 -4 -13 0 0
 0 0 -3 0 0
 0 -4 -13 0 0
 0 0 -3 0 0
 0 -4 -13 -1 0
 0 0 -3 0 0
 0 -4 -12 2 0
 0 0 -3 0 0
 0 -4 -12 2 0
 0 0 -3 0 0
 0 -4 -12 -1 0
 0 0 -3 0 0
 0 -4 -12 -1 0
 0 0 -3 0 0
 0 -4 -11 -1 0
 0 0 -3 0 0
 0 -4 -11 0 0
 0 0 -3 0 0
 0 -4 -11 0 0
 0 0 -3 0 0
 0 -4 -11 0 0
 0 0 -3 0 0
 0 -4 -11 -1 0
 0 0 -3 0 0
 0 -4 -10 -1 0
 0 0 -3 0 0
 0 -4 -10 -1 0
 0 0 -3 0 0
 0 -4 -10 -1 0
 0 0 -3 0 0
 0 -4 -10 0 0
 0 0 -3 0 0
 0 -4 -9 -1 0
 3 0 0 0 0
 0 -4 -9 -1 0
 3 0 0 0 0
 0 -4 -9 -1 0
 3 0 0 0 0
 0 -4 -9 0 0
 3 0 0 0 0
 0 -4 -9 0 0
 3 0 0 0 0
 0 -4 -9 -1 0
 3 0 0 0 0
 0 -4 -9 2 0
 3 0 0 0 0
 0 -4 -9 0 0
 0 0 0 3 0
 0 -4 -9 0 0
 0 0 0 3 0
 0 -4 -9 0 0
 0 0 -3 0 0
 0 -4 -9 0 0
 0 0 -3 0 0
 0 -4 -9 0 0
 0 0 0 -3 30
 0 -4 -9 0 30
 0 0 -3 0 30
 -1 -4 -9 0 30
 3 0 0 0 30
 -1 -4 -9 0 30
 3 0 0 0 30
 -1 -4 -9 0 30
 0 0 -3 0 30
 -2 -4 -9 0 30
 0 0 -3 0 30
 -2 -4 -9 0 30
 0 0 -3 0 30
 -2 -4 -9 -1 30
 0 0 -3 0 30
 -2 -4 -9 -1 30
 0 0 -3 0 30
 -2 -4 -9 2 30
 0 0 0 -3 30
 -2 -4 -9 0 30
 -3 0 0 0 30
 -2 -4 -9 2 30
 0 0 -3 0 30
 -2 -4 -9 0 30
 0 0 -3 0 30
 -2 -4 -8 -1 30
 0 0 -3 0 30
 -2 -4 -8 -1 30
 0 0 -3 0 30
 -2 -4 -8 0 30
 0 0 -3 0 30
 -2 -4 -8 0 30
 0 0 -3 0 30
 -2 -4 -8 0 30
 0 0 -3 0 30
 -2 -4 -7 0 30
 -3 0 0 0 30
 -2 -3 -7 0 30
 -3 0 0 0 30
 -2 -3 -7 0 30
 0 0 -3 0 0
 -2 -3 -7 0 0
 0 0 0 3 0
 -2 -4 -7 -1 0
 0 0 3 0 0
 -2 -4 -7 -1 0
 0 0 3 0 0
 -1 -4 -7 -1 0
 0 0 3 0 0
 -1 -4 -6 -1 0
 0 0 3 0 0
 -1 -4 -6 0 0
 0 0 3 0 0
 -1 -4 -6 0 0
 0 0 3 0 0
 -1 -4 -6 0 0
 0 0 3 0 0
 -1 -4 -6 0 0
 0 0 3 0 0
 -1 -4 -6 2 0
finish
 0 -3 0 0 0
 6 -4 -11 -1 0
 3 0 0 0 0
 6 -4 -11 -1 0
 3 0 0 0 0
 6 -4 -11 -1 0
 3 0 0 0 0
 6 -4 -11 -1 0
 3 0 0 0 0
 6 -4 -11 -1 0
 3 0 0 0 0
 6 -4 -11 0 0
 3 0 0 0 0
 6 -4 -11 0 0
 3 0 0 0 0
 6 -4 -11 -1 0
 3 0 0 0 0
 5 -5 -11 -1 0
 3 0 0 0 0
 5 -5 -11 0 0
 3 0 0 0 0
 4 -5 -11 0 0
 0 0 0 -3 0
 4 -5 -12 0 0
 3 0 0 0 0
 4 -5 -11 0 0
 3 0 0 0 0
 3 -5 -12 -1 0
 3 0 0 0 0
 3 -5 -12 -1 0
 3 0 0 0 0
 3 -5 -12 -1 0
 3 0 0 0 0
 3 -5 -12 -1 0
 3 0 0 0 0
 3 -5 -12 -1 0
 3 0 0 0 0
 3 -5 -12 -1 0
 3 0 0 0 0
 2 -5 -12 -1 0
 3 0 0 0 0
 2 -5 -12 -1 0
 3 0 0 0 0
 2 -5 -12 -1 0
 3 0 0 0 0
 1 -5 -12 -1 0
 3 0 0 0 0
 1 -5 -12 -1 0
 0 0 -3 0 0
 0 -5 -13 0 0
 0 0 -3 0 0
 0 -5 -13 -1 0
 0 0 -3 0 0
 0 -5 -13 -1 0
 0 0 -3 0 0
 0 -5 -13 -1 0
 0 0 -3 0 0
 0 -5 -13 -1 0
 0 0 -3 0 0
 0 -5 -13 -1 0
 0 0 -3 0 0
 0 -4 -12 0 0
 0 0 -3 0 0
 0 -5 -12 0 0
 0 0 -3 0 0
 0 -5 -12 0 0
 0 0 -3 0 0
 0 -4 -12 -1 0
 0 0 -3 0 0
 0 -5 -11 -1 0
 0 0 -3 0 0
 0 -4 -11 -1 0
 0 0 -3 0 0
 0 -4 -11 -1 0
 0 0 -3 0 0
 0 -5 -11 0 0
 0 0 -3 0 0
 0 -4 -11 0 0
 0 0 -3 0 0
 0 -4 -10 0 0
 0 0 -3 0 0
 0 -4 -10 0 0
 0 0 -3 0 0
 0 -4 -10 2 0
 0 0 -3 0 0
 0 -4 -10 2 0
 3 0 0 0 0
 0 -4 -10 0 0
 3 0 0 0 0
 0 -4 -9 0 0
 3 0 0 0 0
 0 -4 -9 0 0
 3 0 0 0 0
 0 -4 -9 0 0
 3 0 0 0 0
 0 -4 -9 0 0
 0 0 -3 0 0
 0 -4 -9 0 0
 3 0 0 0 0
 0 -4 -9 0 0
 0 0 -3 0 0
 0 -4 -9 0 0
 0 0 -3 0 0
 0 -4 -9 0 0
 0 0 -3 0 0
 0 -4 -9 0 0
 0 0 -3 0 0
 0 -4 -9 2 0
 0 0 -3 0 30
 0 -4 -9 0 30
 0 0 -3 0 30
 0 -4 -9 0 30
 0 0 -3 0 30
 0 -4 -8 2 30
 0 0 -3 0 30
 0 -4 -8 2 30
 0 0 -3 0 30
 -1 -4 -9 0 30
 0 0 -3 0 30
 -1 -4 -8 2 30
 0 0 -3 0 30
 -1 -4 -8 0 30
 0 0 -3 0 30
 -1 -4 -8 0 30
 0 0 -3 0 30
 -1 -4 -7 2 30
 0 0 -3 0 30
 -1 -4 -7 0 30
 0 0 -3 0 30
 -1 -4 -7 0 30
 0 0 -3 0 30
 -1 -3 -7 2 30
 0 0 3 0 0
 -1 -3 -6 0 0
 0 0 3 0 0
 -1 -3 -6 2 0
 0 0 3 0 0
 -1 -3 -6 2 0
 0 0 3 0 0
 -1 -3 -5 2 0
 0 0 3 0 0
 -1 -3 -5 0 0
 0 0 3 0 0
 -1 -3 -5 0 0
 0 0 3 0 0
 -1 -3 -6 0 0
 0 0 3 0 0
 -1 -3 -6 0 0
 0 0 3 0 0
 -1 -3 -6 0 0
finish
finish
 0 0 -3 0 0
 6 -4 -11 -1 0
 3 0 0 0 0
 6 -4 -11 -1 0
 0 3 0 0 0
 6 -4 -11 0 0
 3 0 0 0 0
 6 -4 -11 -1 0
 3 0 0 0 0
 6 -4 -11 -1 0
 3 0 0 0 0
 6 -4 -11 0 0
 3 0 0 0 0
 6 -4 -11 0 0
 3 0 0 0 0
 6 -4 -11 -1 0
 3 0 0 0 0
 5 -4 -11 0 0
 3 0 0 0 0
 5 -4 -11 -1 0
 3 0 0 0 0
 5 -4 -11 -1 0
 3 0 0 0 0
 4 -4 -11 0 0
 3 0 0 0 0
 4 -4 -11 -1 0
 3 0 0 0 0
 4 -4 -11 -1 0
 3 0 0 0 0
 4 -4 -11 -1 0
 3 0 0 0 0
 3 -4 -11 -1 0
 3 0 0 0 0
 3 -4 -11 0 0
 3 0 0 0 0
 3 -4 -12 -1 0
 3 0 0 0 0
 2 -4 -12 -1 0
 3 0 0 0 0
 2 -4 -12 -1 0
 3 0 0 0 0
 2 -4 -12 -1 0
 3 0 0 0 0
 2 -4 -12 -1 0
 3 0 0 0 0
 1 -4 -12 -1 0
 3 0 0 0 0
 1 -4 -12 -1 0
 3 0 0 0 0
 0 -4 -12 -1 0
 0 0 -3 0 0
 0 -4 -13 -1 0
 0 0 -3 0 0
 0 -4 -13 -1 0
 0 0 -3 0 0
 0 -4 -13 -1 0
 0 0 -3 0 0
 0 -4 -13 0 0
 0 0 -3 0 0
 0 -4 -13 0 0
 0 0 -3 0 0
 0 -4 -13 0 0
 0 0 -3 0 0
 0 -3 -12 0 0
 0 0 -3 0 0
 0 -4 -12 -1 0
 0 0 -3 0 0
 0 -4 -12 0 0
 0 0 -3 0 0
 0 -4 -12 -1 0
 0 0 -3 0 0
 0 -4 -11 0 0
 0 0 -3 0 0
 0 -4 -11 -1 0
 0 0 -3 0 0
 0 -4 -11 -1 0
 0 0 -3 0 0
 0 -4 -11 -1 0
 0 0 -3 0 0
 0 -4 -10 0 0
 0 0 -3 0 0
 0 -4 -10 0 0
 0 0 -3 0 0
 0 -4 -10 0 0
 0 0 -3 0 0
 0 -4 -10 -1 0
 0 0 -3 0 0
 0 -4 -10 -1 0
 3 0 0 0 0
 0 -3 -10 -1 0
 3 0 0 0 0
 0 -3 -9 -1 0
 3 0 0 0 0
 0 -3 -9 2 0
 3 0 0 0 0
 0 -3 -9 -1 0
 3 0 0 0 0
 0 -3 -9 -1 0
 3 0 0 0 0
 0 -4 -9 0 0
 3 0 0 0 0
 0 -4 -9 -1 0
 3 0 0 0 0
 0 -4 -9 -1 0
 0 0 -3 0 0
 0 -3 -9 -1 0
 0 0 -3 0 0
 0 -3 -9 0 0
 0 0 -3 0 0
 0 -3 -9 0 0
 0 0 0 -3 0
 0 -3 -9 -1 0
 0 0 -3 0 0
 -1 -3 -9 -1 0
 0 0 -3 0 30
 -1 -3 -9 0 30
 0 0 -3 0 30
 -1 -3 -9 0 30
 0 0 -3 0 30
 -1 -3 -9 0 30
 0 0 -3 0 30
 -1 -3 -9 0 30
 0 0 -3 0 30
 -1 -3 -9 0 30
 0 0 -3 0 30
 -2 -3 -8 0 30
 0 0 -3 0 30
 -2 -3 -8 0 30
 0 0 -3 0 30
 -2 -3 -8 0 30
 0 0 -3 0 30
 -2 -3 -8 0 30
 0 0 -3 0 30
 -1 -3 -8 0 30
 0 0 -3 0 30
 -1 -3 -7 0 30
 0 0 -3 0 30
 -1 -3 -7 2 30
 0 0 0 -3 30
 -1 -3 -7 0 30
 -3 0 0 0 30
 -1 -3 -7 0 30
 -3 0 0 0 0
 -1 -3 -7 0 0
 0 0 3 0 0
 -1 -3 -6 0 0
 0 0 3 0 0
 -1 -3 -6 0 0
 0 0 3 0 0
 -1 -3 -5 0 0
 0 0 3 0 0
 -1 -3 -5 0 0
 0 0 3 0 0
 -1 -3 -5 0 0
 0 0 3 0 0
 -1 -3 -5 0 0
 0 0 3 0 0
 -1 -3 -5 0 0
 0 0 3 0 0
 -1 -3 -5 0 0
 0 0 3 0 0
 -1 -3 -5 0 0
finish
finish
