0.428571 0.000000 0.000000 0.000000 60 
7.653133 -80.950829 27.930965 0.420856 
0.857143 0.171429 0.000000 0.000000 60 
7.370941 -80.960854 27.738441 0.407291 
0.085714 0.000000 0.000000 -0.685714 60 
7.576862 -80.937775 27.827766 0.413963 
6.771429 1.400000 0.000000 8.142858 60 
7.826157 -80.936714 27.833191 0.404041 
2.685714 0.400000 0.000000 2.514286 60 
7.616436 -80.948120 27.956280 0.424389 
4.200000 0.400000 0.000000 2.342857 60 
7.922832 -80.961792 27.890606 0.442978 
6.714286 0.057143 0.000000 8.514286 60 
2.903515 -80.857391 42.493984 0.331234 
2.800000 0.057143 0.000000 2.571429 60 
2.745049 -80.855354 42.471298 0.354462 
6.142857 0.142857 0.000000 8.628572 60 
2.689472 -80.840210 42.477497 0.292858 
0.657143 -0.057143 0.000000 0.771429 60 
2.684494 -80.858498 42.284447 0.342457 
0.657143 -6.800000 -0.485714 0.771429 60 
2.745106 -80.863098 42.475025 0.352409 
0.657143 -7.114286 -0.571429 0.057143 60 
2.686676 -80.856155 -18.000050 0.325893 
0.657143 -4.371428 -0.085714 0.057143 60 
2.659328 -80.865685 -18.920750 0.331234 
0.657143 -1.285714 -0.085714 0.114286 60 
2.742989 -80.870010 42.567818 0.367344 
-0.057143 -0.171429 -0.085714 -0.057143 60 
2.749348 -80.856293 42.502468 0.320728 
-0.542857 -0.171429 -0.085714 -0.457143 60 
2.683090 -80.861267 42.491982 0.336754 
-0.914286 -0.171429 -0.085714 -0.685714 60 
2.743229 -80.871971 -22.409916 0.365131 
-0.914286 -0.257143 -0.085714 -0.771429 60 
2.685566 -80.844841 42.448338 0.336754 
-0.257143 0.000000 -0.085714 -0.400000 60 
2.682507 -80.875641 42.462627 0.354462 
-0.885714 0.000000 -0.085714 -0.800000 60 
2.682583 -80.872734 42.515629 0.354462 
-1.457143 -0.142857 -0.085714 -1.228571 60 
2.750690 -80.856247 42.570316 0.325893 
-7.657143 -2.085714 -0.771429 -8.342857 60 
2.743073 -80.867004 42.447121 0.367344 
-1.742857 -0.714286 -0.057143 -1.142857 60 
2.681751 -80.872879 42.363155 0.360786 
-8.171429 -1.742857 -1.314286 -7.857143 60 
2.682461 -80.855598 42.518547 0.342457 
-2.514286 -1.400000 -0.114286 -1.771429 60 
2.688641 -80.851990 42.475266 0.297161 
-7.828571 -2.714286 -1.371429 -7.342857 60 
2.693512 -80.843048 42.522060 0.288673 
-2.628572 -1.714286 -0.171429 -1.685714 60 
2.708008 -80.866112 42.517342 0.344402 
-8.000000 -2.371428 -1.371429 -7.371428 60 
2.683300 -80.853004 42.529385 0.336754 
-1.657143 -0.857143 0.000000 -0.914286 60 
2.734631 -80.734901 -17.466711 0.280659 
-1.342857 -0.228571 -0.085714 -0.428571 60 
2.745533 -80.866905 42.503521 0.348358 
-1.057143 0.000000 0.000000 -0.285714 60 
2.740162 -80.875435 42.558090 0.354462 
-0.885714 0.000000 0.000000 -0.057143 60 
2.687401 -80.853668 42.530571 0.320728 
-0.742857 0.000000 0.000000 -0.114286 60 
2.743683 -80.875832 42.599823 0.360786 
-0.514286 0.000000 0.000000 -0.257143 60 
2.809200 -80.866089 42.595066 0.352409 
-0.742857 0.000000 0.000000 -0.257143 60 
2.805851 -80.787239 42.635757 0.360786 
-0.371429 0.000000 0.000000 0.000000 60 
2.686741 -80.853493 42.567039 0.325893 
-0.114286 0.000000 0.000000 0.000000 60 
2.682961 -80.858253 42.308449 0.354462 
-0.142857 0.000000 -0.057143 -0.085714 60 
2.775108 -80.849976 42.512054 0.342457 
0.000000 9.485714 -4.857143 1.628571 60 
2.742268 -80.878433 -17.271988 0.354462 
-0.171429 4.571429 -4.000000 1.400000 60 
2.709354 -80.857033 42.554390 0.331234 
-0.285714 10.000000 -6.257143 2.342857 60 
2.683735 -80.858383 42.531857 0.348358 
-0.285714 7.257143 -6.200000 3.257143 60 
2.744595 -80.872742 42.492992 0.354462 
-0.057143 6.142857 -5.200000 0.971429 60 
2.739422 -80.798828 42.613064 0.392281 
-0.685714 10.000000 -7.400000 1.657143 60 
2.752689 -80.842339 42.556881 0.297161 
-0.171429 5.600000 -2.571429 0.257143 60 
2.772358 -80.845940 42.499294 0.336754 
-0.285714 10.000000 -5.714286 0.742857 60 
2.678734 -80.880821 42.531723 0.365131 
-0.200000 4.828571 -1.714286 0.657143 60 
2.745106 -80.780418 42.456043 0.352409 
-0.200000 0.371429 -0.085714 0.942857 60 
2.682842 -80.874168 42.457020 0.369579 
-0.200000 0.000000 -0.085714 0.971429 60 
2.681023 -80.861176 42.581501 0.336754 
0.000000 0.114286 -0.057143 0.171429 60 
2.742393 -80.775925 42.586937 0.485504 
0.000000 0.000000 0.000000 0.171429 60 
2.668934 -80.842773 42.501308 0.467552 
0.285714 0.942857 0.000000 0.000000 60 
2.746689 -80.856071 42.553680 0.325893 
7.028572 2.914286 -0.857143 5.514286 60 
2.687901 -80.861504 42.543934 0.331234 
3.457143 0.114286 -0.200000 3.914286 60 
2.768181 -80.869026 42.592926 0.370708 
7.428572 0.114286 -0.200000 8.371428 60 
2.747166 -80.861359 42.670879 0.336754 
2.600000 0.114286 -0.114286 2.685714 60 
2.685608 -80.875160 42.584923 0.365131 
6.314286 0.857143 -0.485714 4.857143 60 
2.683311 -80.867111 42.511024 0.367344 
5.228571 0.428571 -0.485714 5.200000 60 
2.681969 -80.844048 42.544868 0.348358 
6.228571 0.171429 -0.485714 7.028572 60 
2.744896 -80.869522 42.554901 0.336754 
6.657143 0.542857 -0.485714 8.314286 60 
2.747101 -80.864113 -17.166273 0.336754 
0.342857 0.200000 0.000000 0.600000 60 
2.683521 -80.866913 42.521488 0.348358 
0.342857 -1.914286 -0.428571 0.114286 60 
2.679665 -80.853035 42.554779 0.381187 
0.342857 -6.771429 -1.057143 0.114286 60 
2.709663 -80.848152 42.467545 0.348358 
0.342857 -1.542857 -0.400000 0.114286 60 
2.681507 -80.850487 42.529308 0.367344 
0.342857 -7.371428 -1.400000 0.114286 60 
2.696724 -80.839462 42.012154 0.276821 
0.342857 -1.828571 -0.800000 0.114286 60 
2.742962 -80.863930 42.601540 0.336754 
-1.828571 0.000000 0.085714 -3.285714 60 
2.746960 -80.869614 42.604473 0.336754 
-5.771429 0.000000 0.000000 -6.600000 60 
2.682133 -80.879372 42.523907 0.374138 
-7.228571 0.000000 0.000000 -10.000000 60 
2.768272 -80.870689 42.567093 0.342457 
-2.657143 0.000000 0.114286 -2.428571 60 
2.682251 -80.863998 -17.658831 0.342457 
-3.085714 -0.714286 -0.171429 -2.628572 60 
2.742359 -80.860909 42.496288 0.374138 
-6.285714 -1.000000 -0.200000 -6.057143 60 
2.715649 -80.849174 42.488583 0.331234 
-2.114286 -0.171429 -0.057143 -1.771429 60 
2.927322 -80.883240 42.466911 0.377632 
-7.657143 -1.171429 -0.342857 -8.685715 60 
2.747040 -80.871841 42.380676 0.352409 
-2.600000 -0.200000 -0.085714 -2.314286 60 
2.925934 -80.883568 42.512840 0.370708 
-1.542857 0.000000 -0.085714 -1.085714 60 
2.744896 -80.869522 42.574638 0.336754 
-1.171429 0.000000 -0.085714 -0.714286 60 
2.681652 -80.881035 42.470692 0.377632 
-0.771429 0.000000 -0.085714 -0.257143 60 
2.681141 -80.863998 42.480164 0.367344 
-1.000000 0.000000 -0.085714 -0.600000 60 
2.745239 -80.855759 42.471375 0.336754 
-0.114286 0.000000 -0.085714 -0.428571 60 
2.689148 -80.862923 42.559769 0.320728 
-0.057143 0.000000 -0.085714 -0.428571 60 
2.957253 -80.868362 42.539154 0.367344 
0.114286 7.142857 -0.257143 0.000000 60 
2.679459 -80.793030 42.436600 0.360786 
0.114286 1.000000 -0.085714 0.000000 60 
2.747368 -80.853096 42.665119 0.336754 
0.114286 7.400000 -0.628571 -0.085714 60 
2.691910 -80.844559 42.429226 0.301590 
0.114286 2.228571 -0.114286 -0.057143 60 
2.786705 -80.837517 -22.266026 0.284611 
0.114286 7.371428 -0.742857 -0.057143 60 
2.685936 -80.776024 42.596687 0.331234 
-1.057143 0.342857 -0.171429 -0.228571 60 
2.684200 -80.864136 42.519108 0.360786 
7.342857 1.742857 -1.142857 8.457143 60 
2.749504 -80.850433 42.540634 0.336754 
0.314286 0.057143 -0.114286 0.085714 60 
2.685699 -80.868195 42.576378 0.331234 
7.885715 1.228571 -0.857143 7.885715 60 
2.746510 -80.858490 42.454235 0.342457 
3.800000 1.171429 -0.114286 3.085714 60 
2.831612 -80.873375 42.672630 0.336754 
6.057143 0.485714 -0.142857 5.914286 60 
2.776814 -80.865463 42.562679 0.342457 
2.257143 0.714286 -0.800000 0.285714 60 
2.748882 -80.848160 42.615067 0.325893 
7.771429 0.857143 -1.657143 8.714286 60 
2.687080 -80.867149 42.563972 0.354462 
0.571429 -0.142857 0.000000 0.657143 60 
2.682117 -80.879593 42.558796 0.356544 
-0.114286 -6.542857 -0.714286 0.657143 60 
2.728500 -80.847343 42.468796 0.463268 
-0.485714 -4.800000 -1.428571 0.657143 60 
2.744450 -80.888069 42.439945 0.352409 
-0.114286 -6.571429 -1.171429 0.428571 60 
2.628448 -80.852058 -22.425564 0.297161 
-0.114286 -2.371428 -0.171429 1.057143 60 
2.740410 -80.881905 42.554550 0.367344 
-6.257143 -1.085714 0.285714 -8.657143 60 
2.687286 -80.858688 42.524612 0.336754 
-7.400000 -0.685714 0.085714 -9.142858 60 
2.805538 -80.881729 42.573582 0.360786 
-7.428572 -0.971429 0.114286 -9.114285 60 
2.744896 -80.869522 42.567841 0.336754 
-7.857143 -0.200000 -0.057143 -7.542857 60 
2.802334 -80.868416 42.602123 0.370708 
-0.314286 -0.142857 -0.200000 -0.685714 60 
2.669483 -80.775635 42.544872 0.310863 
-0.314286 0.142857 -0.200000 0.114286 60 
2.680954 -80.863930 42.120407 0.336754 
0.742857 3.142857 -0.628571 -0.342857 60 
2.732433 -80.846390 42.047867 0.454937 
0.371429 8.257143 -2.228571 -0.400000 60 
2.680008 -80.873138 42.513077 0.374138 
0.342857 6.485714 -2.628572 -0.542857 60 
2.752235 -80.837097 42.535942 0.301590 
0.342857 8.657143 -3.942857 -1.571429 60 
2.684879 -80.872368 42.516506 0.336754 
0.114286 8.571428 -4.000000 -1.657143 60 
2.744282 -80.884331 42.519608 0.354462 
0.114286 8.085714 -3.457143 -1.600000 60 
2.684616 -80.868034 42.472969 0.356544 
0.114286 6.857143 -1.971429 -1.628571 60 
2.744122 -80.786911 42.473904 0.342457 
0.200000 0.142857 -0.400000 0.200000 60 
2.923126 -80.885147 42.424591 0.374138 
7.228571 3.371428 -1.514286 7.885715 60 
2.745598 -80.781387 42.587627 0.348358 
6.628572 3.000000 -1.314286 4.228571 60 
2.748886 -80.875214 -20.988209 0.336754 
0.600000 0.371429 0.000000 0.885714 60 
2.729031 -80.848282 42.471737 0.459064 
7.657143 3.114286 -2.314286 7.857143 60 
2.929207 -80.882751 42.462059 0.381187 
0.000000 0.314286 -0.342857 1.914286 60 
2.746223 -80.869690 42.544640 0.342457 
0.000000 -6.514286 -0.600000 0.714286 60 
2.677330 -80.872658 -22.473831 0.360786 
0.114286 -7.800000 -1.628571 0.257143 60 
2.743694 -80.855423 42.500874 0.348358 
-6.857143 -1.771429 -0.142857 -9.428572 60 
2.744232 -80.876312 42.550240 0.374138 
-7.514286 -0.742857 -0.114286 -7.628572 60 
2.833485 -80.866295 42.622570 0.356544 
-3.371428 -0.914286 -0.085714 -4.342857 60 
2.679073 -80.890182 42.526108 0.377632 
-6.914286 -1.342857 0.000000 -10.000000 60 
2.743950 -80.855827 42.611061 0.331234 
-0.285714 -0.457143 0.000000 -0.628571 60 
2.746784 -80.886368 42.550541 0.369579 
-0.085714 7.028572 -0.342857 -0.542857 60 
2.982197 -80.748093 42.466511 0.445580 
-0.314286 2.542857 -0.400000 -0.085714 60 
2.749092 -80.866951 42.488777 0.336754 
-0.171429 6.257143 -0.200000 -0.314286 60 
2.658829 -80.870888 42.550232 0.365131 
7.171429 3.800000 -1.314286 7.285714 60 
2.715015 -80.857063 42.635189 0.342457 
7.257143 3.257143 -1.485714 5.285714 60 
2.749710 -80.869637 42.495155 0.331234 
2.914286 1.257143 -0.657143 1.200000 60 
2.802418 -80.881203 -22.462261 0.384819 
8.000000 1.971429 -2.171429 7.800000 60 
2.744877 -80.871742 42.630367 0.352409 
0.114286 -4.514286 -0.285714 0.171429 60 
2.682194 -80.876678 42.509087 0.356544 
-0.200000 -1.257143 -0.342857 0.257143 60 
2.622795 -80.850746 42.549873 0.325893 
-7.257143 -1.342857 -0.200000 -8.800000 60 
2.686939 -80.872459 42.580917 0.336754 
-7.542857 -0.371429 0.000000 -9.200000 60 
2.683727 -80.881828 42.549809 0.360786 
-7.514286 -0.142857 0.000000 -7.742857 60 
2.773514 -80.859657 42.517853 0.348358 
-1.942857 0.000000 0.000000 -2.685714 60 
2.708000 -80.856857 42.603416 0.336754 
0.000000 0.285714 0.000000 -0.171429 60 
2.677406 -80.869713 42.534691 0.360786 
0.085714 7.371428 -0.542857 0.228571 60 
2.746803 -80.871384 42.539909 0.354462 
0.142857 6.514286 -0.085714 -0.400000 60 
2.806812 -80.874619 -22.323145 0.352409 
0.142857 6.257143 -0.057143 -0.628571 60 
2.741566 -80.887695 42.549488 0.342457 
6.457143 1.457143 -0.114286 9.571428 60 
2.743145 -80.874947 -22.761953 0.365131 
3.628572 3.200000 -0.114286 3.400000 60 
2.743843 -80.787247 -22.148529 0.360786 
1.942857 1.371429 -0.057143 1.057143 60 
2.745975 -80.872978 42.447964 0.360786 
1.257143 -0.085714 -0.057143 0.514286 60 
2.930439 -80.858398 42.494366 0.342457 
0.000000 -6.885715 -1.514286 1.428571 60 
2.712524 -80.862595 42.536327 0.325893 
0.171429 -6.457143 -1.085714 1.714286 60 
2.722759 -80.858986 42.550541 0.480892 
-0.085714 -3.600000 -0.085714 0.314286 60 
2.666885 -80.852036 -17.689077 0.459064 
-5.857143 -0.657143 -0.657143 -8.114285 60 
2.779701 -80.868484 42.583641 0.348358 
-7.800000 -1.228571 -0.171429 -8.457143 60 
2.679054 -80.868874 42.519287 0.365131 
-7.542857 -1.285714 -0.857143 -9.257143 60 
2.841492 -80.877029 42.607605 0.348358 
0.000000 0.142857 -0.285714 -0.457143 60 
2.741203 -80.781212 42.579742 0.365131 
0.228571 3.085714 -0.057143 -0.714286 60 
2.763626 -80.882614 42.475502 0.378811 
-0.057143 6.828571 -1.428571 -0.971429 60 
2.744873 -80.871742 42.611866 0.352409 
0.085714 9.028571 -3.028571 -0.171429 60 
2.686943 -80.872459 42.582489 0.336754 
5.057143 1.400000 0.600000 7.971428 60 
2.821972 -80.879044 42.602901 0.384819 
4.085714 3.114286 0.285714 3.342857 60 
2.706863 -80.873688 42.410881 0.348358 
1.771429 1.885714 0.600000 4.914286 60 
2.617821 -80.879257 42.450596 0.374138 
5.885715 3.228571 0.085714 8.342857 60 
2.739990 -80.870644 42.482742 0.356544 
0.171429 -0.085714 0.142857 2.628572 60 
2.742420 -80.872643 42.531582 0.354462 
0.171429 -7.057143 -1.200000 0.885714 60 
2.744045 -80.872398 42.468117 0.342457 
0.171429 -7.742857 -2.142857 0.942857 60 
2.714527 -80.889198 42.540344 0.360786 
-0.057143 -1.028571 -0.085714 0.085714 60 
2.651390 -80.885109 42.458038 0.415096 
-5.228571 -0.371429 0.142857 -8.314286 60 
2.867935 -80.877983 42.453918 0.342457 
-7.200000 0.000000 0.085714 -9.485714 60 
2.743393 -80.866814 -18.588634 0.348358 
-7.314286 -0.200000 0.114286 -9.971429 60 
2.682110 -80.869598 42.593975 0.342457 
-0.142857 -0.057143 0.428571 -0.142857 60 
2.740330 -80.884903 42.620968 0.367344 
-0.085714 -0.057143 0.428571 -0.428571 60 
2.893055 -80.892845 42.655224 0.374138 
-0.628571 4.114286 -1.371429 -1.400000 60 
2.935192 -80.864197 42.569828 0.336754 
-0.228571 1.200000 -0.085714 -0.971429 60 
2.681671 -80.875824 42.550137 0.360786 
-1.057143 5.942857 -1.114286 -2.142857 60 
2.681091 -80.858421 42.492157 0.336754 
-0.400000 6.285714 -0.828571 -1.514286 60 
2.684433 -80.874840 42.535858 0.356544 
